-2240,-11044,12300,2219,-5137,-5511
1092,-10408,13800,1457,-6226,-5774
2416,-10064,14484,-2747,-1228,-2292
868,-9460,11980,811,-1196,1738
844,-9532,12328,307,-270,238
1824,-8740,12164,674,-1082,1112
92,-9788,12004,630,800,951
1668,-9660,11684,311,-1089,-668
1156,-9728,12628,-1334,-2382,-1196
2448,-10112,11788,-1081,-1963,-636
3220,-10348,12572,-261,136,-755
2784,-10236,12200,-501,673,-979
2228,-10880,12296,-844,204,-615
2276,-10512,10944,-891,-1152,-727
2252,-10368,12088,-565,-830,-884
2160,-10180,11396,-1360,401,-673
1208,-10472,10776,-1578,-699,-477
2404,-10044,11612,-1872,-380,-414
2008,-10616,11728,-2588,-3,-652
2344,-10768,10856,-1899,-2193,102
2616,-10192,10736,-5557,-3048,-798
6348,-9896,11156,-10490,-3589,-4868
7596,-11176,16948,-716,5825,-2612
11664,-9092,10984,6573,1798,-11072
1276,-14712,9868,2278,6860,-14545
-6408,-19452,5368,-6039,6961,-8847
-13112,-23008,2528,-8038,-4249,1530
-4940,-16904,6308,-14945,-13184,20142
15232,-5588,18460,-11014,-24422,21033
17424,-4352,16872,3616,2604,2487
9460,-18156,18016,-4415,1783,999
676,-16532,9044,-259,14738,-13509
-3676,-15844,8268,8755,511,-5091
1188,-13828,9820,9286,4794,10627
3012,-7724,9048,15376,10541,7497
3872,-7244,8056,7214,2431,1471
