-244,15780,3632,-331,-106,-148
236,15548,3504,-380,33,-294
92,15976,3496,-241,126,-348
-316,16116,3240,-227,-223,-116
364,15676,3332,-322,-530,-64
260,15884,3040,-344,109,-685
-284,16084,3100,-398,80,-351
-508,15984,3100,-583,-57,467
316,15924,3404,-588,127,496
-124,16052,3840,-375,16,164
64,16060,3748,-309,-1075,565
-336,15972,4032,919,-1311,858
-1312,17336,5644,2556,-3329,2454
-64,14888,5516,1365,-3557,2241
444,14304,3940,1033,-4514,-814
1744,16596,8384,-1220,-973,3170
4464,17160,7580,-13036,-9168,2852
4208,10736,2300,-17143,-10900,1795
3652,13380,5836,-13918,-4471,1836
2324,11612,3732,-16316,-2220,2516
3424,11932,2688,-8401,636,-1820
2888,14612,3696,-3637,5570,151
2632,12244,1160,3765,-1293,-14390
1236,14784,2256,10025,-806,-5897
-2524,15848,3192,14779,75,-1827
4560,32767,32767,11713,6527,-3560
-2756,15872,3552,-2030,8230,1167
-4496,15732,3120,4052,3725,2046
-6536,13540,1220,2880,7631,218
416,16668,-956,1137,9426,-3695
3228,23352,6884,1617,9762,-1206
-7108,12680,9132,-894,8968,-2544
4208,14496,8348,-1548,2714,-4668
5448,13204,2500,-1530,-2332,-1774
14752,18508,3852,1978,-4474,1525
9144,14916,2472,-1247,-3376,-506
5972,12384,4972,-2822,-978,1906
4216,12748,4592,-1105,251,-5358
-80,15204,4756,1114,-3714,-9493
-1104,16428,3472,1384,449,-9608
-704,19728,3600,1050,-1393,3012
-576,16108,1856,-493,-838,8271
-972,15448,2876,-243,3569,4292
396,15860,2748,-1075,5332,4337
1096,16244,1584,-2358,4239,3293
-1712,15908,3360,-2582,5945,-712
-3716,17092,4588,-1108,4437,911
-4060,15508,3988,-717,3894,3801
-1268,15612,5324,98,4409,3879
-1020,14800,5712,-273,2922,811
-2240,15328,5400,154,2049,1528
-1728,15272,5968,1759,1509,1171
-2148,15212,6348,2674,585,1570
-1672,13908,7240,1781,119,2181
-1604,14160,6296,1601,328,1586
-704,14500,5876,158,177,862
-476,13472,6116,-1932,1117,-393
-112,16076,5008,446,-622,818
380,15820,4268,1750,-1085,931
356,15764,3900,2085,-1685,706
740,15436,2776,2289,-1935,-61
572,15840,2972,1682,-1402,-664
472,15752,2684,1040,-1112,-623
136,16012,3216,934,-152,-543
180,16140,2640,141,-902,62
1188,15848,2340,-37,-455,-266
152,16400,3504,-253,9,-324
