2808,12172,10372,-156,2629,-923
1776,12064,11124,-377,1172,35
2292,11236,10716,-94,753,541
2584,11840,10772,264,389,-13
3288,12084,10956,-592,-593,-112
3244,11516,11952,-3873,-383,420
1628,10272,12320,-4390,-3896,-289
2264,12924,12296,-12590,-2862,745
3800,8856,11580,-4901,-4194,3794
7924,7128,10108,-5662,327,570
3084,7440,11012,-1211,3341,-4984
4400,10368,11536,4057,582,-4132
2924,10596,10924,2882,-3400,-5058
3640,10936,8672,3317,211,-7438
1336,11428,10344,5340,1598,-4598
2076,11112,8900,3556,2332,-4503
1756,13748,9184,3578,4019,-4737
1196,12764,7280,12333,7913,-37
-56,11680,8344,13723,8866,-1228
-3400,22460,12396,1392,6653,-2618
-3104,14792,10932,3323,1479,2669
-5604,13452,9176,2282,-935,-1075
-7128,11360,8548,-1780,-3560,-7555
-4032,16244,7216,-2281,-1416,-7316
-3328,11544,8104,-3286,8421,-328
928,14332,8208,-3973,-716,427
-724,9608,9168,-2456,-103,-3091
6424,16904,10940,-618,-5444,-657
4376,11888,8496,247,-2065,-1698
4292,12248,9288,-42,-887,-682
3328,11716,8572,805,2176,-4590
-808,15804,9412,3842,352,-5817
212,16540,6888,4144,-163,-1185
480,15476,6204,4424,2455,1413
-1068,15224,5356,1346,2651,1793
-1952,15452,6504,605,3705,3858
-480,15140,6384,1030,3778,3677
-2964,13912,8804,389,3694,2599
-3996,13928,9964,-1048,2965,2997
-2444,14104,8912,-2038,1661,1993
-2572,14216,9280,-1515,1412,1810
420,13396,6576,-641,-252,3389
-1908,13452,8608,-1118,2537,2368
-2020,11876,8784,-1526,1547,341
-2764,13284,9056,-2066,1745,494
-2204,12216,9924,-2160,90,1743
-968,11676,9984,-1182,1927,573
-1144,14324,11636,-1110,456,480
-372,13960,9416,-955,-538,635
-696,13836,8808,-258,69,-112
-1724,14492,9256,-1360,-286,1587
-716,13660,8420,-4464,-800,3644
-908,13648,9340,-8735,-1934,4079
212,9648,5864,-9344,-5856,3218
496,13544,10776,-7023,341,-561
-796,13728,12320,-11650,-5769,-404
-1328,9868,11460,-13111,-12071,-37
2348,8776,9192,-10702,-14806,-1999
4728,12016,10164,-7892,-8950,-703
