176,16108,2576,-205,-719,-748
436,16256,2668,-124,-651,-755
92,16140,2020,332,-113,-999
96,16404,2552,680,569,-986
-88,16292,3396,1471,912,-539
-1520,17936,3888,1539,-311,80
-4564,24892,12932,-13309,-7854,-178
-6320,11092,812,-10787,-1301,4188
1932,15676,10900,-19325,-9359,-1682
1504,12284,6308,-26630,-15858,-624
2500,12292,9472,-7681,-6874,6678
1096,10856,9320,-8488,-8591,5383
1872,7364,4196,-5496,-8902,2373
7084,9976,2184,760,-1742,-6524
5004,18876,8872,1145,11550,-8291
-2520,16016,13736,128,-7436,-15538
-2620,11656,5324,-452,-3172,-5800
3332,20700,2864,4044,-477,-8781
452,11256,1100,10945,3470,-3751
-5884,12732,6016,16904,5541,-4351
-3816,18416,4236,-1239,4537,743
-17604,21716,20816,8189,-857,-5462
-8096,15200,7488,3559,2337,-6473
-1344,14636,11744,1116,14279,-6960
6060,30448,17244,-2892,-1951,6634
-18780,-572,-7212,-6627,14502,-2734
9044,15672,4484,929,-4092,1136
2836,10076,6692,1956,637,-1296
11744,15460,7400,-627,-5939,952
5532,10516,4976,-194,-706,-7528
4156,21516,7140,3615,-511,-11784
4492,21728,3892,1809,-1153,2228
156,16900,232,1227,1645,9281
-4864,15376,1736,1462,7717,3801
-8476,15464,868,1218,13022,2241
-10948,13432,1448,1903,16368,821
-5536,14264,2528,1417,9334,-1220
-3788,18652,3904,3963,5190,-427
-4356,15016,2396,6053,1470,2789
-4044,15608,6096,5079,-273,3638
-3076,14012,6396,2330,1740,1067
-5876,14200,8176,-768,1390,-247
-3528,12184,7028,-8055,1893,-1372
-2968,16444,5872,-3833,1392,1555
-2368,16156,4760,-450,532,3758
-1416,15072,4088,679,-1902,4802
192,16248,4532,846,-3463,2630
-732,15584,2952,1727,-1877,-598
