-5792,-13668,6844,-476,-123,-217
-5732,-13516,6668,-654,-348,-17
-5540,-13476,6444,-541,30,89
-5596,-13592,6692,-769,-766,438
-5752,-13684,6432,-635,-764,615
-5852,-13460,6536,-606,-572,749
-6128,-13180,6580,-423,-403,740
-6352,-13152,6576,-272,-57,478
-6148,-13444,6856,-270,361,175
-5824,-13660,6740,-382,-60,-72
-5756,-13780,6968,-258,-457,-91
-5436,-13568,6376,-661,-904,532
-1168,-15616,5040,283,-1113,-3167
-3720,-14684,6728,-256,-1482,-3231
-4616,-13632,6924,-21,-2289,-3470
-4368,-13640,6704,285,-1988,-3944
-4884,-13068,6748,-239,-1234,-2777
-5376,-13400,6620,-323,80,-1842
-7304,-13000,6260,687,1441,-1750
-8028,-11892,6384,214,1695,-405
-6704,-13476,7148,-659,512,1327
-5740,-14212,7372,-97,475,-1157
-4588,-14360,7240,479,1385,-1864
-4540,-13624,6456,537,1620,-1760
-4476,-14668,6092,-1593,433,243
-4628,-14948,5580,-2823,409,787
-4200,-15080,5244,-4397,3560,727
-4644,-15432,5580,-5637,3945,-345
-5172,-14492,4884,-6996,3012,231
-4820,-13628,4724,-7502,1771,19
-5388,-13724,5288,-5760,28,802
-5456,-14776,5832,-4099,-1935,1838
-5724,-14696,6512,-1651,-1429,1007
-5416,-14016,5796,-1505,630,-1047
-4076,-14580,6452,-170,315,-1696
-5008,-14912,5436,-3,115,-536
-5376,-15004,4760,-363,-218,194
-5184,-14820,4324,-415,-267,480
