-704,-11112,14524,2200,-2193,1609
1792,-9568,10176,3248,-3123,2087
-3948,-8536,12368,-2499,-4540,6414
3432,-13044,15328,2637,-7745,1334
-572,-9796,14852,3997,-10570,-4684
-1176,-8092,16064,6089,-9822,3284
2440,-7792,13764,6956,-12410,2663
4340,-5696,11696,3076,-10680,754
5272,-5820,12200,3689,-5987,7617
4400,-6512,12432,12359,-3688,10081
6796,-6044,7876,-3101,-4146,9085
3644,-11008,12988,-5764,-2686,10241
952,-9512,11768,-4924,-5469,9046
4220,-12944,13896,-8422,-4121,5453
-932,-10880,12568,-6813,-6153,5888
1112,-12936,9356,-13142,-4338,8120
60,-11944,6968,-18955,-138,7112
3324,-19008,14196,-3265,8060,1432
2944,-12372,9556,-6420,-3063,2691
7504,-15716,9268,-8855,221,-3403
8360,-13824,5340,-8352,7288,-11211
7652,-13412,6340,-2896,11594,-18041
7392,-14664,6280,-2454,18399,-16815
2928,-14208,8732,-5239,22456,-18826
2600,-12076,8844,-1781,19128,-10647
544,-14560,8820,-4702,12257,-8429
-5096,-14484,12152,-8114,6371,-11741
-5392,-13864,10876,-4496,4147,-6570
1744,-14904,5264,-4117,5743,-2755
-500,-14788,9052,-5980,5815,-3341
-2048,-15260,9360,-5044,776,-335
-1140,-15208,7932,-932,-4044,10264
872,-15208,5712,1985,-10204,15256
3324,-14080,6332,2002,-3241,10885
7432,-15960,4164,3203,2333,7784
664,-14680,10304,1300,4461,3256
3256,-11972,7164,609,8175,2827
6008,-13784,6052,1980,3870,3123
4696,-16868,6456,-313,15099,1406
1300,-10148,5428,-2411,22985,1115
188,-13516,12080,-1445,12098,1226
764,-14276,8648,-2851,16837,-550
-4288,-11524,9056,-1019,13318,67
-3116,-13772,7516,-1526,8819,-1522
-4476,-14276,12636,-6445,4721,-4285
-3456,-12196,8516,-4508,4584,-1321
-2056,-9964,12084,2296,3715,2400
-10468,-20184,20828,23863,-9628,14166
-3792,-12144,6608,32767,-18234,15013
-2164,-9024,8632,16319,-8816,1679
-5392,-8764,13072,-2083,-11042,1100
-3836,-9004,14012,3986,-11406,1015
