-1164,-12320,11100,-214,-638,-348
-1332,-11652,10576,-276,-372,-488
-1108,-11888,10916,-563,-390,-599
-1004,-12436,11036,-482,-391,-627
-728,-11768,10976,-207,-440,-418
-1132,-12356,10820,-283,-39,-215
-1088,-12432,11420,67,-164,1
-1240,-11788,11464,478,-593,143
-1632,-11376,10868,-584,192,1007
-1548,-12396,11592,638,-1420,-174
-2444,-12012,9760,4963,-4679,-2597
-1532,-10376,10276,2130,-4908,-1154
36,-10216,11796,2575,-4550,-2258
-428,-9060,8232,713,-4410,-1713
-396,-11184,8736,-4415,-3062,-656
2192,-10960,9680,-9642,-5028,-3255
17744,-7916,-4416,6419,-9730,-3482
4548,-10028,10668,-3441,2325,2901
9216,-10776,11820,341,4159,-8102
2924,-12200,9308,-3547,4901,-11869
-1256,-14160,8436,-6551,4242,-6111
-7360,-17384,7760,-4298,-58,-806
-8792,-18248,6608,-1017,-5463,1882
-3544,-15460,6932,-1779,-9393,7506
4640,-14028,6752,-10212,-7309,8787
8152,-11924,11188,-13159,-7024,9129
7372,-9224,14668,-6992,-3021,3246
5140,-9616,11640,897,2943,-867
2560,-10796,14236,-411,3293,2628
2596,-13300,9116,3659,5159,2293
516,-15148,6012,4199,3915,362
-140,-13396,7868,-3285,6421,1193
1392,-14996,10072,7620,9459,3605
328,-16368,10132,11192,8196,2127
-68,-9632,6040,8461,6102,2398
-2092,-9832,7108,5525,8390,-474
