1168,15784,2932,-224,420,100
692,16244,3776,-249,48,225
584,16088,3356,-42,83,-52
692,15716,3372,148,174,-223
616,16096,3304,313,-211,-191
896,15948,3464,487,-613,122
1244,15676,2944,839,-254,-191
1008,15956,3648,966,-480,-718
772,16452,3800,1014,-1081,-623
-424,16200,4516,1122,-1688,-362
380,14124,3052,1845,-838,-756
-176,18644,8272,-4503,-3010,-1387
1680,15420,3540,-11983,-3494,2515
-776,22136,13696,-21662,-11592,-1180
2512,13572,7300,-26085,-12270,3277
2652,8520,6544,-11027,-7007,-28
3500,10472,7304,-11631,-3955,-1050
2904,11392,8212,-4541,-4566,-1120
1260,11200,7704,-6092,-5582,-2442
-1028,11344,5280,-9756,472,-7513
2012,14348,4080,3356,-3572,-13183
2628,16000,4644,5696,-7065,-10156
1232,14116,4100,2971,-1719,-5319
-1372,13372,3956,14736,-1968,-9309
-3952,13620,4304,15525,4690,-6336
-2424,22168,5448,-830,1854,1566
-17208,15108,16604,4173,-4144,-9632
-13884,9896,9380,-985,-1798,-9465
1808,20660,2336,-3808,9469,-6345
764,17764,8740,-588,10614,5538
-3432,9212,6428,19,5779,3852
4008,17084,3640,1398,6908,5810
836,14216,8408,3752,3161,426
1680,13260,8340,1673,-2170,-318
5264,15432,6860,282,-448,1113
1688,13084,5672,-367,-1215,-3433
3432,16744,5888,3485,-2671,-6279
-4728,16620,6500,1551,-4287,-2275
1160,16836,2148,564,-4177,129
-3712,17788,4004,3130,2833,2918
-3496,16156,2332,4632,8583,6691
-2144,16536,1968,3220,10419,6344
-4404,15848,2448,2326,9987,4291
-5040,14900,3656,816,8062,1866
-2236,14868,936,-266,7368,18
-3416,15460,5412,-953,5210,-1311
-5652,14180,5292,-1553,3032,-1020
-3292,15428,6032,-995,1899,287
-2336,15472,6964,121,1482,-1728
-4944,14820,6440,682,821,-1252
-4384,14888,6096,1392,1974,587
-2428,14764,5656,1274,2416,1434
-3284,13320,5692,-580,784,-437
-3232,17088,5148,-2517,468,233
-2608,15548,4820,-409,-776,1217
