-100,-11024,11240,-356,215,-286
-196,-11380,11736,-258,-247,-51
-240,-11144,11348,-90,5,-85
48,-11260,11516,-197,-16,-74
276,-11060,11692,-150,-178,-76
120,-11756,11532,-261,52,9
-916,-11488,11012,-564,596,-122
252,-10924,11140,-204,27,-287
356,-11208,11820,-296,-12,-193
-572,-11592,11816,-252,346,-53
-216,-11324,12048,-138,125,-438
364,-11776,12116,-46,-71,-114
-1916,-10660,13704,-647,714,147
-368,-9972,14116,575,-988,-641
64,-8980,13068,3737,-5177,-5332
-3464,-11996,12640,1988,-4092,-3759
-280,-10844,13852,3126,-3679,-834
472,-9488,11224,3979,-6860,-613
1956,-8292,7096,4955,-2858,-1401
2428,-10348,8504,-1663,-3619,-2686
6868,-11388,10580,-8678,-8357,-4090
8856,-11148,9360,-10279,-7353,-4892
29096,-3500,7264,2394,-2544,274
5648,-11856,11788,-810,4384,-1757
8288,-11120,10048,-729,5578,-5319
6740,-11276,11196,-4781,1291,-9427
-480,-11932,11196,-4500,3261,-8392
-4944,-13928,9800,-778,4441,-3544
-7888,-14932,9808,2686,3367,1078
-276,-14156,12152,8947,-10530,-2217
1708,-14200,9192,-2048,-5830,4794
524,-14484,7076,-10078,188,9718
2976,-12740,8416,-8123,-1294,7193
5640,-12444,9560,-2671,-4996,4967
6980,-10876,11828,-3976,-1121,4455
7520,-7732,13148,-4312,2472,1050
3312,-8768,13924,110,504,-230
2136,-11312,13404,-2220,3058,-1033
2592,-12372,11632,-5736,-664,286
1828,-13964,9632,-3702,451,1058
1900,-13420,9012,-3572,2198,-2352
3528,-13408,12728,4852,5289,-453
2648,-9704,8532,7885,10378,5567
3280,-9868,7156,10458,5785,6344
