156,14480,5944,-113,234,-149
88,14936,6772,-134,372,-374
-364,14980,6496,-520,-226,-209
216,14232,6452,-245,-182,-206
-92,14988,6732,429,650,-885
-248,14860,7128,921,-49,-688
68,14968,7280,2344,-95,-662
-820,16220,8064,2882,-718,-229
-428,13872,7632,3213,-2982,2116
-648,16212,8588,1756,-3440,756
644,14708,8724,4427,-3159,-1862
-1460,16300,11784,-6554,-10486,-2737
1584,15472,10172,-13034,-7356,588
200,11012,7380,-21273,-8140,5314
720,8324,5492,-14163,-10753,2253
2296,12376,9268,-9446,-5393,1863
912,8732,6248,-7581,-3796,3599
1552,8600,4788,7716,-2645,-1675
5504,21192,7064,7591,-9259,-16628
1032,18764,2440,6807,-6532,-15435
-3584,13112,2608,19525,213,-10700
-6524,30220,4116,-3792,6117,-1493
-10332,15568,6876,2634,-372,-268
-2660,18512,4808,-809,2018,-6985
-5668,20036,5604,-3713,13597,-5931
-1692,13292,5676,-4193,11332,863
384,10760,2208,-2619,1817,892
2744,14520,12300,1212,-2135,1130
7052,15180,8592,3859,-4602,-1248
11456,13136,6288,1640,-1940,-1999
4632,13512,6312,1961,-511,-6680
2932,19080,6272,4742,-1110,-4998
2720,19948,4892,3425,2517,4534
-664,17080,2604,3728,6585,6408
-3668,15848,2468,4383,8933,8649
-2092,15504,2200,3095,10781,5737
-2300,15220,2380,1537,8960,197
-1724,16756,4100,932,4592,1412
-4008,16056,5852,71,1934,3171
-4184,15628,7228,1666,1413,2121
-2444,15120,6140,2931,48,2120
-3272,14036,6656,650,782,1982
-2440,14196,7136,-586,453,-389
-2704,14028,7360,-2790,-729,-760
-1852,15192,6148,-3437,296,1005
-560,15288,4864,-1481,-455,2912
56,15260,5464,-227,388,1928
-560,15644,5836,702,570,43
-76,16376,5048,549,-928,766
292,15064,3496,-116,-802,276
412,14912,4028,-1152,571,-1035
-88,15636,4236,-1934,-229,74
-140,15268,4496,-2218,-104,640
-640,15736,5020,-2476,146,523
