1192,16072,4772,1298,-826,-552
1068,15748,3452,1493,-1350,114
1452,16128,3364,1208,-421,437
1648,15400,3452,1011,-427,200
1188,15608,4100,1585,-965,174
1600,15696,5180,-1582,-2888,-1780
2860,11560,6752,-8707,-1728,-2890
36,15948,6028,-2199,-1727,-1140
4468,21084,9520,-15684,-5950,-4870
3532,16096,8716,-21336,-9057,-2820
1164,10656,7912,-13895,-5578,3439
896,9940,8204,-10727,-7241,2038
1052,9916,7228,-4327,-8234,1399
-24,9828,6340,-1112,-10882,2647
-1472,9832,5064,-3822,-7231,-4441
3224,9452,12088,3695,-7223,-19889
2284,16820,6764,544,-6683,-10296
1092,12364,996,4123,-5773,-11685
908,19780,2308,6020,-790,-13961
-1868,14424,6072,5333,3187,-7930
-10516,32767,16464,-11354,-2960,-890
-7052,10432,1504,-2272,8109,-3699
-6800,14148,5480,5381,2978,-3289
-6296,11272,4648,2422,7092,-2651
-9924,9972,5068,-1072,9613,-3148
-2312,21180,11476,-2950,2842,5176
-2796,8632,2692,-177,6098,-1507
492,15888,4688,-379,2408,2301
3384,13880,6156,567,522,1821
836,14004,7836,3928,1818,-4593
1504,13740,7084,3366,1198,-3746
4032,17840,9068,-369,-2621,2419
780,12992,4716,-1399,-815,-523
-440,13956,5728,-313,1171,-6994
-1856,17352,6268,2042,-1623,-6779
32,17780,5120,2062,-2169,660
708,17256,4880,1111,-459,6280
1908,16092,3128,-1080,-395,9940
-2304,12148,1468,-2087,4836,7984
-1172,15748,5432,-2195,5086,4311
-2256,16160,3292,-934,8763,1441
-4052,16292,3508,-1259,4740,2419
-3824,15940,4240,944,6307,129
-4816,15560,5224,1289,5362,-130
-4116,15564,4088,1473,5543,775
-3112,16676,5232,1166,3303,2318
-3416,15124,5148,1302,3388,2327
-3520,15056,6776,2140,2699,1564
-3400,16344,6064,3826,2800,4054
-3964,14880,6424,1895,2908,6380
-3292,13816,6356,-554,1473,6550
-3340,12552,6716,-3750,679,4661
-428,15984,6352,-3001,154,4020
652,14912,4780,-907,252,1827
308,15812,5540,873,-521,1299
732,15064,4156,1396,-1538,1170
