-1308,-12200,10956,-244,-47,46
-1540,-11860,10692,-141,36,-181
-1652,-12008,10996,-196,232,-250
-1456,-12116,11016,-380,-83,-376
-964,-11980,10576,-500,-129,-439
-1220,-11668,10528,-192,-207,-265
-1248,-12432,10752,-108,-24,-828
-1184,-12676,12696,675,-1068,90
-1800,-11376,12224,180,-306,-1229
48,-8588,11200,4652,-5786,-6275
-340,-10488,13100,4132,-3493,-4856
680,-10616,14188,1501,-4808,-4019
-560,-10624,12380,82,-5110,-3439
-108,-9520,8664,-383,-5573,1166
-1164,-10728,8560,-2101,-5223,4031
2036,-9332,4852,-4402,-8471,-805
7928,-10836,7496,-13418,-8734,-5612
9836,-13116,12424,3608,6954,2270
17764,-10136,9820,2728,6757,-6367
5684,-11876,12016,4310,7260,-14863
-6324,-15532,8544,-5195,7072,-9138
-12376,-21376,6668,-1358,-600,-192
-9112,-19176,6124,3447,-10496,-295
912,-13256,7804,-7720,-6490,9681
6624,-9532,8120,-11720,-7150,15548
10380,-8420,17944,-11047,-6789,14757
8356,-8744,17704,-348,4260,237
6060,-10788,12176,4665,3688,1037
1088,-16276,9208,3641,6287,-3441
-3900,-20612,13640,203,5447,-390
56,-15060,9656,8663,9018,9482
-512,-6968,7092,5751,8569,5712
-380,-6940,8256,7191,593,-2498
-2944,-18308,14004,-1953,3981,-1453
132,-9448,9812,-374,5761,1586
-3068,-10404,8936,-2480,1424,-1534
-2196,-14332,11020,-167,-2690,-1065
-1264,-13020,11588,1735,1280,101
-1196,-11500,10736,1028,486,648
