960,15160,5472,-632,574,-497
784,15376,5648,-476,61,-523
796,15168,5244,254,-6,-369
1276,15184,4944,765,147,-454
708,15376,6168,1493,-654,-764
428,15880,7400,3072,-2203,-783
-3048,21476,12952,-3121,-8728,-1443
3156,10752,3460,-3676,-12247,-1018
1068,12504,8284,-2270,-4181,-1358
1764,17288,9380,-14204,-7907,1228
1136,9628,7884,-22265,-10397,4538
3928,12104,7680,-15352,-6793,-2542
3540,13396,8508,-17828,-6814,353
60,9080,6900,-4872,-3964,521
3128,11392,5988,1583,-2256,-2988
-404,16968,8132,5049,-4816,-11934
1164,10244,2548,18750,-4189,-11110
420,20736,2868,18137,5672,-10439
-5764,32767,8532,-1890,4915,-1033
-13832,11496,5764,4591,1983,854
-13912,11124,5932,4415,6959,-9627
-5908,14212,5948,-375,8101,-5884
3248,19876,1244,-4738,-198,7101
4964,16576,8196,-2643,2023,1383
9756,19832,14056,477,336,3284
12300,9748,4536,95,-1899,1652
8480,12512,5532,-205,2763,-8490
6792,19576,5408,4397,5025,-7847
1208,19484,3756,2581,-1686,3996
-1312,15876,272,2544,5965,8305
-4988,12436,1484,2723,7342,294
-7652,15176,2020,1654,13371,-3103
-6464,16328,4636,398,7226,184
-4376,15720,3840,1676,5345,1346
-2140,17588,2292,3337,2999,3048
-1740,15428,3204,2832,441,4209
-4048,13084,4652,2841,-545,3531
-2976,14900,6312,3372,3759,-1046
-2920,14252,6436,2059,2535,133
-4016,13444,7012,-2420,1615,2022
-4108,13760,8076,-5685,711,1535
-2212,16288,7016,-4839,-590,3450
-232,15172,5028,-1379,-1099,3558
-136,15748,4644,1148,-322,2572
-768,15136,4884,1806,1239,-81
-416,15512,4380,1248,-2460,-216
-468,15816,3340,887,-346,-1241
-584,15784,3252,57,610,-1225
