1180,-10704,12748,726,-303,177
1192,-10172,11904,-112,-201,374
36,-11000,12792,-890,-1295,637
-2656,-13000,15264,1975,-3648,2165
236,-10628,12476,2086,-3387,3529
688,-10148,12616,2829,-3951,3800
1880,-9916,15488,5368,-5979,2411
2736,-6888,11396,4980,-6798,1325
2720,-5088,12560,-201,-3547,7478
4948,-6028,13796,939,-3005,8226
3712,-6380,12116,-999,-4177,3935
-3352,-11024,14184,13092,-5140,11961
4352,-5592,7804,-649,-1381,10407
5988,-8820,14584,-8233,-1100,1651
3268,-8660,11152,-1740,-4873,-1036
3124,-9876,12096,-11353,-2219,3474
72,-12548,13376,-8168,-1651,4825
-916,-13536,12600,-4490,-5115,3150
-824,-15236,19260,-3663,-6387,9163
1272,-15344,11380,-7729,-11805,12451
-672,-10300,5108,-17836,-15752,14108
2168,-17520,12152,-6709,-6853,4789
3832,-14420,8692,-5797,-2263,7812
8316,-14132,5956,-5956,-765,2218
9588,-13432,6420,-3444,8779,-4990
6380,-14660,7308,-1126,11445,-13890
5752,-13440,7672,-1796,19459,-18931
1284,-15132,8088,-1532,21539,-18958
-3408,-15960,11312,-2636,9658,-14898
-3872,-14364,7836,-1640,5145,-7337
-6812,-16652,9720,-2194,2299,390
-6172,-15632,9648,-181,-363,3973
-2928,-14868,10580,213,2002,-5134
-2276,-17200,5756,-1909,-3684,-5361
-2524,-16640,6500,-2323,-1297,5509
2036,-15452,5612,1089,-2822,6332
6004,-15208,8588,4532,1740,2121
8756,-14432,7516,2361,5324,2116
5176,-11220,15448,-4602,-2933,-8730
6312,-16388,4276,-4112,17729,1027
2444,-12104,10292,-2898,10458,687
1312,-13512,10976,-493,14370,-4676
60,-13276,9748,-1718,16006,-5281
320,-13996,11536,-2059,16892,-5549
-1688,-12716,14752,-2092,11956,-7226
-1252,-12660,12764,-2553,9104,-4013
-1556,-10916,11764,-1891,7923,565
-640,-13568,10548,-2164,4537,2273
-2036,-13416,10848,-2174,2992,2634
1092,-16296,7040,12066,-7510,7675
-1696,-14548,5844,9700,-8870,-492
-3980,-13936,10904,5975,-8529,4096
