2052,-6980,14716,306,-516,378
1748,-6952,15060,838,-702,921
76,-5884,13972,-476,-1154,1521
268,-5888,15116,-1386,-4188,6220
-6492,80,14208,-5477,-5940,15391
6936,-3828,13480,-7608,-9179,25421
4452,-8564,14188,-4761,-2438,13738
1572,-9104,17040,-5243,-4060,966
1828,-8916,14792,-4365,-6788,4587
3084,-10568,16352,-2154,-3811,9083
3708,-9384,10560,-7173,-8272,2439
1972,-10168,10644,-6216,-5660,1360
2492,-11588,9244,-5036,-676,3002
720,-12148,10392,-8348,132,1815
652,-15340,13092,-7871,-1991,-403
692,-14180,12136,-3085,-2433,1436
-852,-13148,12220,-2170,-3546,5916
-932,-11608,8724,7146,-5149,5285
2948,-9652,2308,-14002,-570,9135
4672,-12760,4732,-17777,-852,7191
3004,-18768,8852,-3723,391,1160
3280,-15544,8080,-4825,4666,5533
7432,-14888,7644,-8454,3492,-2486
7776,-14364,6132,-4151,11181,-7301
10748,-16140,4568,-296,18801,-21725
3100,-14496,6588,-1600,23789,-21804
-828,-13736,8660,1112,20175,-10379
-2360,-16580,10584,776,9830,-10454
-5740,-14872,8220,-2671,6216,-7998
-10500,-13816,8520,2,2401,3463
-992,-14280,5460,2085,2946,4211
-3804,-16200,10068,1920,1097,-4336
-5320,-16932,7960,-984,-3206,-4672
-5364,-16200,7420,-2120,-5812,3171
216,-15012,4840,-515,-6988,5235
4924,-14388,5836,2433,-2596,2227
5516,-14872,6920,2206,1997,-4854
-672,-15156,11868,441,1669,-1015
11488,-15412,2152,-5649,7664,2723
2812,-12584,7128,-4868,9923,-3314
2176,-14092,11032,-2582,18369,-3921
1484,-12396,11320,-2144,13346,-2486
3064,-12068,9228,-2225,10936,-1379
408,-14376,9844,-2475,10919,-2429
-352,-13916,10696,-7174,10849,-2343
-4680,-10104,14808,-6623,3690,800
-1784,-14628,10744,-8290,5149,-651
-2668,-16268,10120,-7866,9522,-1075
-7312,-16044,15832,17025,-3928,10611
-276,-15436,7620,19666,-9551,6121
-3748,-14440,7860,11492,-5555,1385
-1732,-13592,11892,8017,-9286,2419
