2136,10352,12160,-833,-1324,-230
752,9460,13148,-1443,-1912,-1682
1888,7172,13936,-1831,-7410,-4968
3784,9476,14012,1268,-9353,-7019
1196,10564,13160,-1116,-8067,-8186
6008,9644,10696,60,-5814,-4358
5160,9016,11932,1176,-2865,-2994
5800,10948,11808,1143,-1971,-4729
5548,8404,9884,-2054,-512,-5624
4708,13752,10080,-1597,5494,-96
2364,11716,9776,634,4830,5523
4796,10276,6432,6429,10399,8093
-2636,12652,11224,4228,11119,4851
444,13068,10064,5812,2551,-5024
16,13652,8444,9404,4491,-3089
-1520,13880,9672,8267,3030,-848
-2724,10772,6560,7718,4139,-113
-4104,20152,9340,-141,1903,1173
-1800,14112,8544,2747,5910,2189
-2208,14956,8880,5633,3475,4759
-1904,13408,6464,2434,3065,2498
-2744,16096,7444,3407,3868,642
-2444,13040,6680,2709,4106,-1057
-2476,14248,4624,-2655,8565,-1222
-4020,15496,7576,-4896,6919,1860
1112,15360,9340,-4090,-208,-4656
3860,16272,10604,-4230,-6317,-3323
2756,11744,9052,-2477,-4197,-2085
3784,13252,10356,-1435,-1262,-2938
4820,13412,10808,-312,-281,-51
2764,11944,9384,1670,760,-3176
-348,13188,8332,3171,-1309,-5046
1324,14872,7212,5873,-3997,-5360
1144,16908,7140,8489,-399,-2256
2064,16524,5328,7854,325,4214
-272,13096,3552,4434,3351,3221
-328,16376,3540,5536,7764,-2172
-3096,17412,5760,4882,3734,706
-5100,15120,5036,3704,5375,4545
-936,14716,2944,3710,4474,3642
-2788,15692,4716,2249,3926,870
-2404,16396,5504,2713,2436,2851
-1872,16028,4632,1733,1307,1297
-500,15716,4276,-739,1408,-2818
-1696,14424,3928,-3168,1078,-2253
-2048,15712,4540,-3258,-268,-316
-2492,15104,5672,-1394,1212,1121
-1820,14020,6116,-95,1651,396
-1864,14532,7636,-341,449,-132
-2424,13604,7636,-1486,-590,-94
-2428,15948,7744,-1860,23,314
-952,14944,5524,-857,-1959,1824
-476,15380,5536,708,-39,537
-716,15052,5012,1154,704,-540
-484,15136,4672,1223,-257,-1121
-1668,15780,3956,1031,-88,-1066
-1600,15556,4148,351,244,-88
