-1184,-11872,10708,-161,111,-117
-1272,-11588,11112,-610,77,-114
-852,-12184,11416,-346,-23,-293
-932,-12268,11476,-193,-175,-73
-1176,-11848,10896,-434,-534,-83
-1184,-12176,11080,-493,190,-420
-1352,-12088,11236,-83,8,-270
-964,-12032,11608,26,-562,-131
-2124,-11764,10928,-882,526,-188
-2832,-12460,10524,903,-1467,-567
-2040,-11508,11724,1607,-3839,-3017
-352,-10604,11880,3610,-6291,-3383
-1840,-10936,11332,379,-3288,-482
-996,-11008,11108,284,-3584,-1219
-92,-10860,12296,2065,-6073,1053
52,-10216,10392,-2274,-6796,2440
-496,-8776,8340,-5133,-9260,4495
6400,-5912,8544,-7959,-10758,1902
-20736,-32768,32767,19353,-6175,8797
19856,-9008,15808,6585,-5308,-7852
12064,-15720,7476,8232,13325,-31324
-22524,-25220,88,-4216,15212,-12618
-13324,-23200,5136,-8556,-5310,8025
812,-14368,5932,-15807,-10725,19098
17252,-6352,21184,-5336,-19537,21657
13060,-4408,16600,2749,12777,4142
1632,-10444,13388,-1787,2178,-12163
-6156,-14000,6456,606,5587,-7277
-2564,-15252,8336,1921,6887,-242
-408,-15736,12504,14065,5431,7010
-532,-9024,6000,14170,3709,3457
2048,-12408,12504,5489,1648,2418
