1360,-8468,14160,2335,-1587,17
1496,-6676,13248,-1138,2,1966
668,-8320,15516,108,-4120,3766
2320,-5960,11836,-631,-4240,666
3784,-5068,12072,-5733,-3308,2542
3928,-6660,13356,-1530,-4730,6925
820,-8888,14608,796,-5375,5638
-604,-10708,16196,2597,-6715,8271
2204,-8940,15472,1701,-10056,12479
1836,-9340,13432,-1264,-9789,8334
2140,-9400,11748,-1066,-12152,8966
-532,-7680,11984,-6139,-13628,14143
8432,-13732,13832,-3625,-10071,6621
5820,-10648,10188,2110,-12410,3908
560,-11688,8116,-4122,-5284,4616
-1144,-9284,4984,-14549,-3474,9559
9828,-19556,7308,-7998,432,4040
5816,-14440,8300,-5704,1937,6468
8752,-15856,5828,-11187,9628,3142
13016,-14860,3688,-11464,10142,-7480
11400,-13868,1552,-7115,21726,-18194
4996,-14920,6692,-4989,22392,-21645
2808,-15416,4796,-4865,22579,-17292
-3420,-16144,9148,-2782,18066,-9474
-3396,-14524,9800,-2178,8835,-7220
604,-13872,6736,-774,3769,-6527
44,-14092,7760,-1112,4400,-4510
-2076,-14424,8564,-361,2697,-3628
788,-14460,8572,-2479,797,-4236
604,-16624,6268,-3359,2974,-1239
-2332,-15752,7000,-2654,-1111,5483
620,-15932,5864,-1057,-3960,9251
3444,-15788,6416,1458,-2318,6952
4180,-15000,6536,713,-163,3869
5044,-14336,11964,-3132,-3914,-674
4268,-14352,6580,-1967,8353,-1477
2176,-14136,10688,-1948,13549,-5801
1876,-14108,8852,-4517,17231,-5560
4604,-11100,9332,-3711,17121,-4220
-20,-12928,12608,-4506,15605,-2235
-1796,-13256,12500,-5934,11569,629
856,-13668,9492,-9343,7992,3919
-1208,-13240,7864,-10630,7171,4025
-3936,-16168,9252,-4859,4434,4782
-6504,-19648,14120,27353,-13741,8536
-2204,-12552,7596,23528,-8595,-3447
-3236,-11248,8428,16784,-6834,-1144
-592,-11332,8224,9309,-8500,3024
-1408,-12128,10156,6107,-7594,-1661
-2556,-9400,10720,5997,-2413,-885
