2476,-7044,13904,-218,41,27
1748,-6772,13852,-610,-917,-152
1980,-6944,14124,-1011,-546,564
1684,-7052,14128,-582,-1994,485
300,-6340,14772,359,-3424,2014
1948,-5732,12652,1017,-3869,6223
1500,-5376,11620,-2773,-299,6396
6604,-7320,15012,-6353,3858,8112
5380,-8724,15260,-3455,2964,2150
1664,-8072,14932,-4560,-2122,132
1140,-8332,14356,-4722,-4377,4118
-192,-6636,13992,-1579,-12034,3379
2184,-8184,10988,-5904,-10296,6681
4388,-10572,11684,-6215,-8588,5181
5300,-12464,13476,-5847,-10572,3447
3288,-13476,11008,-3223,-6902,4419
1256,-9300,10416,-2326,-4515,3396
976,-11580,9212,-8985,1822,7220
3012,-9996,4200,-12920,4423,8379
5552,-11592,-9888,-31812,7165,5618
4444,-14684,7504,-1164,1512,4757
4984,-15700,7424,-6335,7612,-2163
11412,-14936,4060,-4870,10081,-5874
7196,-15616,7224,-3672,15323,-14613
2988,-13340,8572,-2739,17057,-14585
4140,-14396,7584,-4193,18467,-19462
2372,-14992,6592,-5484,20295,-19604
-3360,-14484,9260,-4192,15525,-16769
-12044,-15788,13312,-859,1955,3836
552,-14532,6728,1134,1467,9938
-1100,-14412,9248,3005,1146,731
-1608,-14508,8164,61,-12,-6677
-760,-15592,7036,-2599,2412,-5181
-1780,-15680,7436,-2154,-1151,3141
504,-14528,5764,-74,-2527,8338
3288,-14456,7132,1668,-3120,6311
2512,-15740,6588,1432,-1010,4614
8540,-8948,5220,-602,-8317,4533
7696,-14136,4660,1402,-1426,4734
1320,-13776,9900,453,6207,2223
312,-14048,8784,-1792,5112,484
1764,-14588,7916,-640,12380,-934
2548,-13876,7504,-621,12442,-3474
-1260,-13624,8552,-1218,11072,-3638
-1376,-13700,8088,-1417,12027,-7104
-1520,-14024,9848,-3639,12254,-7132
-1356,-14152,9464,-3132,13329,-7284
368,-13596,8472,-2963,8602,-4909
-2048,-12736,12868,-3389,6964,-3770
-3088,-12512,12432,1039,4027,699
-8564,-11048,14308,4863,5901,4533
-2484,-16148,11636,13896,-7654,6174
-4096,-15828,10816,14938,-13551,5079
-4268,-13424,11864,14015,-16980,5683
-1120,-10844,10792,14116,-20335,2591
2372,-7720,8728,9848,-14156,-259
