-308,15392,3584,-460,-202,-252
-272,15932,4048,-74,8,-298
-436,16268,4044,254,-65,-214
-420,15676,4456,677,-546,-424
-340,15956,3848,1651,-230,-1127
-700,16060,3904,2972,49,-1409
-1084,16092,3192,3484,-392,-977
-236,15920,2864,3775,-515,-1042
-580,16024,3116,3735,-566,-1781
-1208,16348,2916,3608,-1411,-1464
-1036,16000,1844,4109,-1657,-904
-1840,17544,3064,5464,1361,-530
-3492,19316,6124,716,-2577,1848
-2036,13516,440,-9043,-10703,2483
4360,20660,11568,-15664,-4825,121
1084,17884,6800,-24727,-8285,2289
1988,11472,4348,-18146,-9865,4273
1752,8664,3904,-7650,-5927,2989
1668,13304,6884,-7778,-7063,3119
3140,10304,1856,-2558,-2658,335
2656,16284,4788,-836,12907,-3416
-3276,14548,2900,-4723,6269,1724
-1608,14856,2900,9416,-4797,-2491
-2108,14984,836,17296,3092,-5442
-1552,22220,6056,460,4454,4205
-16640,11144,9724,1173,5145,-1439
-9936,15204,9820,-1796,-25,-7206
6180,18896,4324,-1675,12778,-2506
-3108,11576,7276,330,6282,3032
-11232,8000,11312,989,-1666,-3348
10088,27288,17764,1967,-6686,-4269
48,9956,-1216,391,-3640,-6162
7376,17916,10128,3437,-4966,-2126
16032,14764,-1184,117,743,-444
10068,20712,8740,-163,-1310,1499
1272,13876,5612,-2279,-792,-2117
-104,15136,6124,-1352,-950,-5857
-76,16948,4300,2027,1401,-3877
868,19148,4280,3064,-1541,2974
-328,15284,3888,3864,1976,5674
3784,17192,2412,3350,4610,4724
-1516,15832,3240,1784,4974,3627
-3680,15220,4416,1165,4428,2186
-5240,14780,5380,85,6272,-483
-2444,15908,3964,-652,3132,-493
-1872,16312,4124,-257,3496,-613
-2444,16704,4952,1003,2025,777
-960,15116,4500,1352,1648,139
-3120,16368,6428,1208,1241,-238
-3552,14996,5156,1580,812,477
-2700,14748,5192,1974,962,1297
-2828,14384,6684,717,675,1491
-1876,14956,5488,-364,25,1286
-1620,14552,6084,-1658,30,755
-1644,15916,4488,-2661,269,680
-760,15672,5148,-1414,-1501,1988
244,15676,4560,760,-201,-113
16,15220,4300,1365,-1869,-630
-12,15420,3216,1622,-1679,-1349
-1060,16244,3568,1827,-198,-1720
