-1132,15876,3156,-378,-24,-50
-1032,15588,3064,-179,-77,-182
-1032,16084,3616,204,212,-463
-1096,15808,3180,289,142,-751
-316,15532,3072,556,139,-1566
-1512,16144,3372,1293,-52,-2259
-2100,16060,3716,2479,-28,-1021
-2472,17504,4536,2146,-2451,778
-6112,20116,8008,-3935,-7063,-76
-184,18980,8580,-7761,-17291,4342
1032,19460,11980,-15512,-15755,9907
-724,14712,8256,-17944,-18254,13134
3056,7532,3316,-20576,-16189,122
1044,10748,7052,-15536,-8605,-1581
3156,11920,7576,-12844,-5101,-1937
4480,12772,5192,-10069,4129,-5888
2736,4924,7952,218,4982,-8236
-236,12344,3416,10584,5923,-7152
1864,17156,11088,5907,-2131,-9642
700,12328,-1112,9512,9379,829
-4232,11208,2760,21788,7538,170
-13532,32767,19080,-10924,-2271,-1223
-23524,-8944,-2052,2399,11342,-10365
-14436,10064,8072,2429,-2565,-12042
-1644,19696,1608,-4537,9984,-11473
-1424,12180,8060,-4990,9481,2235
8792,17652,7588,-1150,-1685,2310
8032,15656,3900,3155,589,716
9872,14864,7204,4378,-4409,-1931
5660,10452,4456,769,468,-5468
1300,15956,4576,2467,241,-14130
540,21136,4044,2423,-3352,-2095
-1156,17760,2448,2386,-2380,9782
416,15692,964,1627,1374,7302
-2804,16980,2428,-1468,7892,1122
-8028,16872,4516,-3028,6332,4128
-4396,15372,1124,996,12884,5479
-1532,15232,1692,2738,12443,1716
-2960,17452,5428,3613,10814,1314
-6584,14768,7152,4186,4698,3642
-3688,14236,6464,2644,2137,2519
-2932,15416,6376,1284,1413,865
-2296,14852,4612,898,1542,313
-3088,15236,5272,874,3037,-1557
-3856,15028,6444,44,1493,-944
-4284,14964,6016,-773,151,218
-3412,14736,5508,-1038,651,46
-1936,16724,4688,-2113,-213,-142
-2292,15576,4828,-264,-1771,190
-1988,15716,4064,1337,-1867,-236
