-276,-10924,12384,-20,-372,-179
-752,-11252,12268,-301,432,-235
-812,-10732,11780,41,-27,-205
-700,-10012,12336,108,-837,-147
-1616,-10848,11532,-362,-466,-1216
-980,-11488,12316,224,-1200,-1187
-1676,-9580,13412,819,-2828,-1150
-1020,-9864,13264,982,-4585,-1915
964,-10544,14308,2598,-6677,-3492
-1412,-13596,15672,2522,-4726,-1511
1068,-10264,13040,2809,-6717,-257
2196,-8336,11756,-124,-8471,2401
4428,-8208,10452,686,-5483,388
2176,-7512,10080,-2286,-5267,-1525
4604,-7888,9368,-5694,-6706,-2303
3784,-11328,8956,-6722,-7784,106
7216,-11836,8584,-9906,-4826,-724
13356,-8232,6908,-8339,-3625,-1676
9064,-18216,18296,-2215,8212,-2069
7796,-11780,9540,5762,5502,-7250
1956,-11328,8700,2542,10367,-7214
-3936,-16420,9776,-5032,5247,-7181
-5176,-17488,7192,-1031,4330,-4424
-3272,-18016,6912,-903,-5268,1282
1712,-16692,6860,-8100,-6457,13408
4624,-11668,8120,-15086,-6561,20996
13800,-5520,17176,-4865,-9415,7596
8804,-4440,17572,7403,1394,-3719
5636,-10712,12492,-3803,7297,2256
388,-14544,11640,3796,6291,-927
208,-15312,8432,8324,3853,-2382
2504,-15572,16720,8867,6328,5811
4316,-13540,9544,16565,8772,3142
-564,-5148,6232,888,8123,1746
-1996,-6364,6424,-3584,2325,1320
-324,-10552,11828,-1005,514,-2637
