988,16184,2644,-149,339,-276
720,16156,3064,-261,374,-316
844,15984,2640,10,364,52
928,15644,2864,-47,318,77
824,15960,2548,-65,787,-163
552,16356,3512,176,365,135
1136,15180,2692,1165,168,1015
-1076,19264,6108,-1592,-1801,283
400,17216,4364,-5138,-3458,1999
-5088,21608,14680,-16312,-5518,2782
72,14800,7272,-28371,-15708,3286
824,9144,4908,-17499,-11946,645
4152,11468,7680,-9849,-10050,-2420
2000,10176,9148,-8097,-10196,-583
3636,8884,7384,-9084,-10135,-3632
5268,11144,7368,-7237,-1978,-8640
7544,12732,4856,-4825,3710,-7372
4932,14084,5868,562,6829,-17756
3596,13068,5088,3116,1114,-10088
2528,14220,5900,2423,-655,-7251
760,13312,5708,8503,-877,-3822
-2348,11836,2912,13056,5524,-381
-5192,12080,984,15854,5769,-5229
-2108,21104,-696,718,-4314,2128
-6608,13316,3332,1886,2773,-9136
-11100,14200,8484,2183,-4650,-3818
-12216,8720,13380,-3592,-741,-12300
-4312,19572,11184,-2795,11033,-5617
3944,13628,192,-2758,4951,3143
7736,18144,7784,421,-1416,4794
10280,16372,7208,4071,-2147,279
3120,11932,8288,2485,785,-4292
3676,17356,5620,4700,-1403,-11033
560,19436,3936,484,-3932,-3806
236,18048,-168,1828,-4075,7743
-5812,15764,1520,1708,3856,5860
-4948,15596,1384,-1408,11115,881
-4500,17192,2916,-3598,9601,2921
-5952,16156,4544,-1348,11854,3203
-5852,15384,5496,899,11520,5856
-3452,14608,4572,431,8500,4995
-1920,14704,5980,2105,4893,4634
-1240,15396,7472,1678,4712,1724
-3212,15628,6728,2031,3639,847
-2612,14864,5112,4561,4262,847
-2636,13928,6724,4589,4177,373
-2592,14348,5972,4692,4842,31
-4116,15000,5120,4364,4751,275
-4512,15636,5448,2320,4264,1278
-3052,12708,6468,-3278,-264,-1156
-2528,16120,3228,-1362,-1110,-1274
-3548,16848,3820,478,-523,1562
-1756,15880,3688,281,-1236,3083
