-364,15740,4084,-276,26,-182
-760,15560,3976,-148,45,-469
-472,15756,3624,-58,61,-470
-592,15724,3368,-251,-152,-618
-588,15508,3264,-636,125,-1163
-1072,16344,3488,-996,224,-230
-876,15876,3964,-1044,558,-98
-800,15780,3892,-815,-378,43
-1692,18960,7744,-2061,-1981,1093
-2496,18360,7420,-5045,-4207,1660
-4564,14844,9920,-23155,-14831,387
-4320,10660,6872,-16097,-9860,4872
3316,10392,7768,-12090,-8998,176
5108,11440,9956,-9293,-5901,2155
4376,10528,8912,-9664,-5916,4338
3524,7712,7164,-5504,-1276,-544
2180,11600,7980,1459,3748,-4099
1112,16932,10560,168,5586,-1153
-648,11668,7060,636,5105,2213
2836,13080,4124,6523,7803,130
-12,18004,6860,6518,-127,-9579
-1808,10144,-328,18979,851,-6755
84,27180,4852,9493,3824,179
-2828,14936,4324,987,6676,3985
-7560,13336,3696,4085,6931,5439
-6032,14352,7032,503,2853,-467
-1588,15232,4284,-1512,11046,-6528
-5980,11232,-772,-1889,13780,-1974
-3180,12088,7720,-4226,-744,-5900
3172,25292,16000,-7654,-6959,303
4708,12012,6644,-4989,-7277,-147
3344,13488,10288,-1207,-3814,-4908
5492,15556,9920,1853,-1063,-4336
6600,12492,8532,174,-660,1759
1472,12872,7456,1555,80,-5245
-200,13916,6508,2440,-224,-8592
988,18532,6648,5561,2692,-3652
2212,17124,4492,3732,1878,3403
-848,16040,3800,1497,2515,4318
-2132,14688,2756,1658,7149,3293
-2440,15876,3640,1505,7146,2210
-3716,16104,4844,246,4034,2907
-5348,15484,5180,1383,2264,2795
-1748,14912,6060,4260,1763,3381
-5164,12920,7192,2375,-1049,3613
-2504,12540,5968,1939,-270,-497
-2020,14820,6868,2583,-345,-2934
-2480,14632,7204,2133,-1761,-1571
-2600,14112,5732,177,-109,-764
-3324,14212,6972,-1041,766,864
-1420,17172,6768,-2892,711,1366
-680,14788,5924,-916,-1309,1965
-860,15376,5576,1131,-396,-379
-1296,15532,5100,1689,-1090,-287
-964,15528,4328,1172,-1135,-92
-1124,15720,4252,713,-949,238
-608,15444,3472,323,-840,200
-680,15344,4396,155,-407,-346
-184,14888,3504,113,-1232,-311
-1272,16248,4412,592,88,-439
-780,15768,4092,574,-269,210
-256,15576,3240,71,-527,177
-580,15712,3968,54,-143,-59
-248,15464,3724,73,165,-107
-736,15196,3416,-355,-300,15
-860,15412,4336,-692,-297,-209
-1000,15672,4292,-981,17,-288
-724,15636,4648,-1105,-115,-209
-700,15744,4416,-1133,-326,230
-260,15632,4528,-1195,-106,307
