1536,-11384,11536,-733,-875,61
1720,-11448,11816,153,-385,160
1648,-10568,10628,-515,-415,-162
1788,-11104,10648,-2205,317,-673
1760,-11796,11816,-869,-441,302
1832,-11856,11960,78,-920,778
2252,-11748,11828,544,-2218,1497
1352,-10408,11560,30,-176,176
380,-9600,12676,730,-2324,1776
1220,-9652,13500,2857,-5212,5571
3644,-10208,12540,4583,-5845,6408
-468,-8064,12512,2714,-8658,5754
572,-7844,10516,810,-7511,8611
900,-12056,14536,-1889,-8321,9048
4464,-8856,11784,-1379,-10332,6583
5940,-10688,10076,-4029,-11647,3195
4108,-12632,9988,-7233,-11635,-1620
2804,-15116,11776,-5764,-7784,3407
3352,-15412,7420,-4439,-5755,2568
-3396,-12904,10744,-2137,-4711,5528
2140,-13580,5232,-4627,-4162,11173
4236,-19620,11396,-2012,5477,3881
6604,-14380,6800,453,-495,5691
10020,-15204,6744,-8824,13279,-2446
14096,-14868,2632,-8059,15944,-19874
5312,-15092,5484,-2577,26139,-24320
-1864,-14960,10448,-3542,18559,-16003
-5352,-13872,8804,-1664,16810,-4951
-2444,-16388,9788,-3482,8173,-4531
-3596,-15328,8164,-6464,2613,-8883
-3856,-14824,7760,-1754,5274,-3699
-988,-15600,8508,-1918,2628,-3852
-864,-16244,6764,-2858,1765,289
-1140,-15924,6456,-3340,-2179,6067
2924,-15888,5124,-397,-4643,6952
5000,-15328,5680,162,-3303,2990
3620,-15076,4984,-1388,-175,1917
5344,-14720,5016,-420,2506,319
2460,-14768,6376,76,5017,-4433
8080,-17908,6020,-2940,14391,-5883
4200,-13028,9268,-6744,10797,-5047
3972,-12740,8308,-5875,13127,-6369
1892,-14472,10464,-2061,15382,-6184
1336,-13936,11980,-6878,10599,-2800
1620,-13680,10140,-6981,6774,-493
3332,-14160,12040,-3809,5251,1999
620,-12368,10936,4432,8106,9145
748,-22276,28860,28589,-7651,20228
4740,-14984,7004,25669,-3753,8114
-964,-12492,10324,15557,-7599,-1313
-5944,-12572,12268,15178,-10435,7746
