-6356,-13608,6288,-347,124,-203
-6412,-13432,6228,-358,363,-233
-6444,-13592,6312,-296,128,-249
-6384,-13528,6244,-289,60,-175
-6392,-13300,6016,-303,-25,-298
-6308,-13584,6304,-329,149,-410
-6332,-13488,6296,-126,271,-391
-6176,-13480,6328,-155,-209,-95
-6148,-13472,6420,-295,-212,124
-6364,-13608,6452,-272,-95,252
-6020,-13548,6216,-152,-129,190
-5892,-13904,6548,-5,-667,-30
-5772,-13864,6820,497,-1287,-103
-12772,-13328,13756,1176,-886,-3215
-2476,-15572,8580,3462,-2738,-9097
-4556,-12944,7808,2464,-2981,-6942
-6172,-12052,7120,1283,-2913,-4267
-6388,-12920,5496,-539,765,-950
-7836,-13580,6264,-1185,1041,-986
-6104,-13716,5980,-1346,3284,-1805
-6456,-14192,6612,-3537,3022,930
-6180,-14360,4172,-8108,-1263,3763
-4224,-15232,2964,-12253,3050,3481
-4360,-14460,5616,-15802,8757,1226
-3808,-15184,5088,-13903,4433,430
-4204,-14252,5412,-8268,1560,-3523
-5696,-14604,5856,-3735,-122,-677
-6280,-15152,4472,-1628,-3365,931
-5008,-15532,3348,253,-542,757
-5728,-16208,3092,10,-445,752
-5588,-15180,2504,91,-322,473
-5692,-14972,2436,-331,-173,153
-5660,-15428,2592,-386,-304,-85
-5448,-15444,2456,-66,-328,-336
-5236,-15232,2432,-179,35,-390
-5400,-15240,2548,-220,-385,-466
-5120,-15284,2136,-69,-162,-385
