-104,-7332,14904,-2295,-852,1376
348,-6900,13804,-3184,-1052,1641
1396,-7504,14912,-1049,-1139,1052
352,-7088,14512,-702,-1584,936
636,-5656,13924,-2175,-1804,2023
2712,-6220,13904,-2920,-2156,2634
2496,-5840,13368,-2820,-2736,3515
3144,-7568,13576,-4349,-2335,3218
4056,-7160,10368,-4703,-626,3549
2420,-6864,9768,-8613,405,2036
-168,-11792,14340,-8669,-3077,2530
-1748,-12396,15876,-2060,-2366,2617
-4392,-12312,16028,-2675,-5489,4905
-1916,-11128,13076,-1966,-6112,7456
-3068,-9316,10928,-3478,-6163,9355
1424,-8696,4900,-13060,-7273,9315
3576,-10088,1208,-27400,-2783,6762
-2328,-17444,14316,-5001,-376,1859
13128,-20956,4412,-9108,-2090,254
9608,-14380,5244,-7889,10950,-10248
7108,-15108,6188,-538,15901,-18503
3420,-14416,3032,4107,21241,-21118
-1296,-12784,8620,1296,22866,-18557
-948,-13660,9612,-2235,17503,-13255
-4616,-14120,11356,-5711,12830,-13278
-3960,-13768,9268,-4068,5749,-7654
-4092,-14200,9608,-1295,5304,-3896
-1264,-14188,8168,-1115,5773,-4145
-1976,-14748,9192,-3233,3226,-3170
-3076,-16056,9820,-2672,-1743,827
-1136,-14472,8444,110,-5354,8056
416,-16160,7888,-3154,-5188,11164
-1604,-14868,7152,-4639,-2647,13098
3408,-13748,7856,-1415,-1517,8803
6300,-15836,6424,2381,7050,367
-2568,-15064,10644,181,9209,-2533
2020,-13304,7704,-3759,6188,-2682
3964,-15988,7380,-3156,17366,-5695
164,-13336,9896,-3749,16715,-8909
-3468,-13144,11372,-5948,14120,-9829
-1532,-13096,9612,-7147,10580,-4818
-1680,-14392,10768,-7505,6775,99
-956,-16512,8472,-6243,8390,3915
-2428,-16512,9780,-7829,12099,6871
-7216,-21616,20672,11493,2800,11998
716,-16732,9740,27123,-22117,8262
