612,-10988,11664,466,-920,1449
-12,-10520,11228,459,-1413,2039
-156,-11416,13048,2371,-1618,3530
-1652,-10196,13108,3139,-5879,7804
-4560,-7336,12532,2206,-11790,18872
4552,-9936,13728,816,-11201,18164
4164,-8544,13836,4878,-9617,13529
1752,-7528,9240,3630,-8606,4718
1736,-9684,12332,2123,-10187,3760
2340,-10636,13668,2961,-6393,4811
1744,-7216,9280,-1989,-9555,1333
-952,-8048,10276,-5078,-10181,5749
6904,-12476,9984,-9652,-1707,5096
1056,-13896,13172,-878,-493,995
-3680,-11612,9372,-2947,-2716,238
-3580,-15268,14048,-8132,-2464,7579
-848,-13412,7276,-1857,-49,8219
-1664,-12664,6304,-15373,-522,11067
4740,-14208,4848,-4267,-1368,2123
292,-7308,5784,-5501,-7654,2490
8144,-16132,6512,-8404,8290,1249
12508,-16512,6908,-10202,8393,-17886
6316,-13352,4976,-3358,19302,-19999
-232,-13164,8048,-1359,19452,-18024
1860,-15760,6724,-4913,13592,-17357
-7228,-14288,7080,-1604,9369,-6238
-13336,-16220,9592,-1164,5082,1501
-5520,-14732,4148,811,4902,1723
-3644,-17476,8608,206,1150,-4614
-4588,-16980,5392,-1962,1181,-450
-5796,-15952,7312,-1340,-2845,9810
1372,-15672,6464,2204,-4682,10765
8848,-15368,5384,3184,3100,8652
4424,-14800,8064,5041,5199,-2942
3256,-14792,8852,4283,8939,-5779
-396,-13316,11496,1395,9958,-4165
-1784,-13236,10460,694,6144,-5421
-776,-12064,9336,-1134,10312,-5789
-2860,-11640,12376,-163,14610,-5015
-3100,-14248,12872,290,12460,-6268
-1296,-13552,10024,-3307,15301,-8851
-328,-11484,11516,-4136,10740,-6618
-2980,-9612,13780,-1804,9665,-2301
-3716,-12360,13796,-2314,5776,1
-1632,-14048,10368,-2005,6283,1619
-3732,-13424,9800,-4269,4008,-692
-6240,-12592,13312,12011,-11323,14139
-4292,-13968,11824,11362,-8719,831
-4596,-12644,8728,9434,-10504,2273
136,-14236,8996,7883,-11060,2323
