140,-11864,11292,-335,-225,-425
108,-11872,11244,-321,-111,-135
124,-12312,11720,-430,-129,-34
116,-12080,11004,-274,104,89
244,-11712,11156,-95,-2,-129
116,-12124,11148,-281,140,64
-108,-12068,11148,-408,783,-197
184,-11296,11020,90,104,-305
-328,-11960,11320,5,-141,-420
-72,-11936,10888,-144,225,-231
-132,-12048,11420,-276,96,-445
-144,-11448,12484,-472,-534,-269
-168,-10388,11692,-809,-287,577
572,-10488,13172,-1605,-402,1617
-1556,-12012,13008,781,-1242,-2288
-2340,-11592,10192,1545,-1756,-4743
296,-13532,13008,769,-4680,-3399
76,-12588,11984,2509,-6027,-2624
480,-9568,10220,1763,-4082,2493
2752,-7848,8240,3441,-3291,3156
1980,-8036,6916,3962,-2054,-1075
5380,-10564,7264,-230,-3275,-4108
7792,-13068,10636,-9506,-483,-6170
8260,-13612,16548,1955,2981,-1172
10212,-10344,13352,-1758,-1204,-8623
2172,-9724,10160,-6867,4080,-10619
-5608,-13820,8884,-6280,4995,-6741
-9488,-17544,8736,-4280,2482,-1121
-2384,-15516,9476,-1273,-6860,4665
1172,-14988,7352,-4280,-7338,4332
2960,-12720,8980,-10830,-2648,5825
4592,-10656,12700,-11947,2208,7907
7804,-9300,14864,-1846,-2138,2317
3888,-10012,13688,2926,1238,-1159
1800,-12408,12452,-1968,4556,1746
2380,-10976,11728,-2416,4854,2039
2864,-14456,9784,7647,6187,1664
2420,-14640,8680,5787,6077,3746
-1836,-10324,5704,8790,8441,8787
-3404,-28728,16956,-2227,17232,-4385
