-800,-11048,12476,-683,503,8
-1012,-11020,12116,-450,485,190
-908,-10776,11840,-212,-170,27
-716,-10968,11960,-670,-98,-533
-764,-11464,12388,-582,76,-556
-932,-10896,12344,-624,23,-286
-1456,-11088,11776,-606,-905,-467
-532,-11404,13020,-369,-1500,505
-2172,-11076,11800,-1645,230,1716
-1752,-12056,10684,-2052,-759,2000
-1856,-11108,10820,1894,-4158,-1481
-124,-9300,12796,1762,-4293,-1083
-832,-8764,12796,-1643,-1310,444
132,-8916,13280,214,1577,605
-2004,-9068,12380,3113,804,393
-712,-9196,11912,2383,-4159,-1033
-96,-9244,10044,-1711,-3295,-887
-876,-12052,11688,-5948,-7285,19
12700,-15120,27372,-17460,-1657,-238
7752,-8584,8376,-1373,-2682,-2095
13160,-8936,13396,-8604,7987,2859
9260,-7564,15492,-2613,4555,-14537
592,-11192,7656,3155,8154,-21265
-9932,-17584,6968,-3295,10490,-2903
-10716,-20380,12016,1098,-4873,592
-4352,-18836,7332,-4553,-8806,9052
5404,-15144,8240,-13497,-13277,12111
6444,-11848,11684,-14935,-13271,7886
10244,-5196,16252,-4959,-7250,2378
7380,-6508,16528,1864,2304,-1640
2564,-13160,12644,-5779,5854,4370
684,-12744,8812,333,3603,7187
928,-26452,14692,16000,17438,-2120
176,-13580,11532,12295,5939,5788
1780,-7344,7780,10581,10968,2663
-1620,-7260,7460,11442,4470,-23
-1108,-11376,9696,137,1581,-2513
