-1272,-11588,11256,-177,237,-171
-1240,-11776,11404,-602,-90,-511
-1380,-11860,11156,-721,-447,-335
-1044,-12140,11116,-168,-356,-221
-1040,-11280,10992,-40,98,-237
-1184,-11748,10764,-493,172,-571
-992,-11904,11252,-568,-344,-440
-1000,-11884,11224,-239,129,-204
-1412,-11356,12460,-1180,1133,466
-340,-12100,12864,-898,1149,846
-1484,-10544,13152,-3300,764,-1734
-1616,-9960,9888,38,-1358,-5521
-1160,-11852,10924,-658,-2290,-6832
-1096,-11916,11636,296,-3116,-4397
-1584,-10540,11364,-737,-3403,-2507
728,-11032,9064,-3035,-5488,-4125
652,-14472,11968,-1297,-6101,-1871
-2092,-12640,7656,-2596,-2552,1396
1920,-10768,7308,-776,-3733,581
1324,-9724,8256,-1746,-7144,2431
3788,-10476,7384,-2878,-5346,4324
6044,-12292,8880,-6439,-3023,-917
10312,-14868,3392,-3542,1222,2543
9728,-11516,10088,1669,-3307,-2826
10472,-11492,11908,-551,2943,-10217
1352,-13888,10596,-3105,3547,-10769
-1112,-16636,5056,-1963,4542,-5544
-6072,-18452,5224,-3699,-55,-321
-3772,-18332,3548,-7983,-1740,9030
3248,-14440,6048,-8491,-5597,11303
5308,-13204,8472,-6162,-5921,7818
9300,-10420,12484,-4692,-2769,6344
7592,-10236,12332,2679,2226,650
-656,-13424,12052,3651,6668,-2365
-48,-13700,9992,-1299,136,-313
1484,-14604,9136,-2478,-942,-888
2904,-14532,8668,3624,1512,2179
2384,-16348,8444,-129,1344,1261
3060,-12884,10796,1290,4013,-3108
