-572,-9772,11472,233,-657,-468
-1312,-9036,12504,-432,-1305,-500
-1556,-8224,12156,-264,-1778,-163
-900,-7284,12220,-595,-2804,-219
-512,-9696,11708,-1316,-2228,-2450
292,-11848,13208,-1210,-2365,-2055
-316,-11492,13752,-1685,-1917,275
2644,-8344,10564,-1718,-3034,-1423
1048,-11840,13088,1304,-3401,-1529
1448,-10460,11112,-1130,-471,-972
1436,-10464,10664,-314,-2018,-1644
112,-11860,11060,-263,-1681,-1571
1936,-10292,11088,338,-2113,-486
40,-8392,9208,57,-538,-433
2616,-7820,6740,-4211,-5063,545
6032,-12752,12204,-14727,-6354,-1395
12500,-14456,18968,-17703,5610,4286
9364,-11788,16400,-127,-500,-4049
10344,-11020,10700,-631,3397,-10695
-764,-12948,9328,-3055,6593,-9656
-6432,-16064,7944,-5182,6301,-5477
-6164,-17912,7788,2583,320,-4424
-3228,-16472,7396,2176,-7009,2126
5240,-13584,7488,-4656,-7375,9025
4764,-12152,8688,-11834,-5227,6712
9144,-8728,12948,-8545,-5848,4059
7900,-8000,13316,-2073,-1549,2766
4524,-9732,11908,3782,4172,1396
2124,-12796,12740,-4161,2727,1477
2784,-13504,10372,-9655,-1811,536
4456,-15648,6212,-3997,452,1411
3852,-14948,8072,261,9367,2390
6552,-14740,17516,3845,11459,-1226
592,-14424,9056,10819,10626,7734
-696,-8512,6740,10753,7715,9917
2084,-21792,8920,2407,8638,-7593
-808,-12596,10848,3609,2332,5098
-1788,-8324,9716,4729,3489,1276
-732,-10080,8916,500,-2040,-2016
-1168,-15332,13556,995,219,-850
-360,-11576,10696,2445,1182,611
-656,-10308,10520,1079,-458,-750
-152,-12032,10844,-97,-919,-1804
388,-13136,11852,-741,-181,-914
536,-11184,10932,-809,941,-303
-292,-11424,10284,-804,1063,-717
