988,16288,2760,-605,75,-438
368,16120,3560,-370,255,-291
784,15912,2852,-430,66,27
748,16084,3248,-449,-9,-152
1168,15904,3464,159,220,-369
872,16032,3144,411,-323,-311
1072,15776,3468,1398,-621,-932
988,16432,3716,3012,-1480,-1042
-20,16268,4032,5308,-1202,-1232
-428,16892,2752,6735,-2691,-167
-1944,19152,9340,-1307,-3525,-1610
5712,14236,9008,-11908,-585,-2973
4504,17160,7332,-18347,-4685,104
244,11648,3612,-17467,-5340,3377
2308,12332,4116,-14720,-3954,-2536
2676,17676,7488,-13312,-2205,1322
-1176,12876,5940,-8331,-3637,3051
1932,11300,1064,-2612,-1948,-686
180,15016,5128,479,2602,-1592
-208,12548,1860,2683,-4013,-3023
-3088,13988,1268,12687,-2627,-5803
4396,32767,25424,2982,11882,-4635
-3372,13732,3564,-218,-1532,7285
-2020,18528,2388,1641,-1038,-2241
-4532,17332,5532,239,9409,-5891
-2208,17108,4556,-604,8683,-973
1512,16956,9996,-2069,473,-2956
9256,22020,11468,-2773,-2505,1301
3680,13356,5968,-1132,-3809,468
6024,12472,2664,1524,-1927,-3824
-256,11956,5392,1161,-2432,-7173
8204,12016,5060,-625,-1896,-2998
2072,14328,5324,-975,288,-9069
892,17300,5032,2325,-749,-7640
1160,19140,3600,2682,505,-3076
1332,17644,2608,2434,2429,1905
-2068,15560,2608,265,3487,3786
-872,15012,572,-2127,5384,1738
-6056,16220,3576,-3374,7969,-732
-4588,16236,3268,-2758,6415,786
-5132,17272,5856,-860,4215,2702
-4064,15160,6016,1104,-185,5613
-2968,13028,5620,495,-2054,2424
-2368,16064,7116,5890,1677,-1758
-2600,15496,6900,6469,-1943,2710
-3332,13628,5708,3403,-1036,3396
-1964,15144,5696,1654,1188,1683
-2152,14900,5480,1324,1637,2461
-2320,12740,6260,-2804,1495,454
-1296,15848,5104,-575,-193,658
-816,15848,4252,765,-693,-264
-1256,15940,3500,1429,-1613,93
-304,15492,2916,1558,-1604,-98
-752,15624,2984,1692,-1020,-758
-1336,15904,2752,1413,-1457,-292
-1004,15796,2340,872,-1151,-210
-696,15528,2720,877,-519,-339
-688,15628,2356,343,-649,31
-672,16412,2552,-77,-390,111
-892,15992,2448,-235,-879,683
-964,16252,2596,141,-341,838
-620,15436,3320,491,-559,347
-564,15764,2948,709,-616,-143
-520,16016,2820,929,-790,-507
