580,-11276,12364,2108,-714,-114
-508,-10376,10332,1845,-3390,1457
1728,-11200,11336,757,588,-767
584,-10712,12096,3045,-2150,953
348,-8856,12616,2963,-2512,3396
1332,-9580,12016,1632,-4238,3874
-472,-10052,15644,3677,-5943,2903
-4216,-11304,18324,15500,-17134,9828
4576,-6740,11464,6472,-15230,11438
5036,-5056,13252,1804,-6966,14248
7600,-6116,10628,3716,-7561,5312
7272,-4984,8184,-5279,-5827,2685
8504,-8688,12428,-7260,4199,5327
3512,-6192,10580,-3787,4653,5567
1388,-9764,9772,-7178,-3341,5262
-3652,-15408,14356,-8478,-3483,4200
-616,-11296,9128,-5557,-773,958
-1908,-12548,7672,-11456,-510,4184
-10272,-21916,28604,7386,-1172,-446
7844,-14400,4624,-6216,1395,2291
3236,-14256,8908,-3155,435,4384
6708,-14768,8972,-9254,4544,-5195
10360,-14932,4964,-9548,6225,-16334
8548,-14172,4360,-7862,18886,-21702
740,-12844,7184,-3002,22314,-20904
-3088,-14896,11428,-1778,19148,-12683
-1412,-14584,8632,-4203,14587,-10354
-1688,-14032,9804,-3175,9062,-8343
-3796,-14376,7944,-1177,5458,-3509
-7396,-16240,9336,2018,583,2414
180,-14288,8928,2011,5450,-2345
1836,-15596,9484,-524,982,-3942
-732,-15084,7460,-5804,729,1710
-1952,-15156,7276,-4020,-2759,4441
3020,-14484,5684,-1910,-4174,3857
2740,-15288,6760,-2937,-3698,7264
432,-14552,8092,-2718,-2093,4883
5940,-14148,6032,-1072,-2197,4012
-972,-18764,15480,-1640,-4555,-67
4260,-12572,3124,-3408,-770,1133
1532,-15464,5872,-4912,6628,-1165
1272,-15480,7068,-3994,9656,-6168
4312,-15220,5332,-6641,15951,-3751
3932,-12008,7800,-2789,12041,-5870
1404,-14840,8156,149,10146,-3776
1456,-14220,8900,-2689,11060,-1310
172,-15116,8404,-5065,9741,-589
-1136,-15536,9308,-6546,10883,187
-2884,-15396,14716,-5487,9015,2159
-6228,-14232,9564,7225,2014,9422
-4572,-20740,17616,21272,-4309,2703
-1240,-14708,7328,17803,-9383,-1408
-3712,-13616,11648,16533,-15230,2525
3432,-11408,3948,24200,-23197,4167
-700,-6612,6060,9936,-8035,-927
