-6572,-13192,6360,-237,21,381
-6620,-13420,6404,-363,100,179
-6696,-13280,6596,-127,12,31
-6632,-13252,6468,-66,263,-59
-6584,-13288,6380,6,511,-311
-6900,-13156,6468,164,596,-261
-6608,-13156,6280,432,333,-471
-6660,-13012,6376,419,366,-436
-6560,-13184,7024,331,385,-178
-6532,-13112,6868,314,119,-34
-6364,-13000,7264,-38,-906,232
-6548,-13264,6944,-218,-1264,394
-6312,-13324,7724,243,-1163,670
-6100,-12964,6716,347,-2159,877
-5288,-13384,7920,-1099,-1853,1652
-340,-16480,11316,4565,-7607,-10977
-544,-13624,8416,5601,-10709,-16839
-4928,-9884,3648,644,572,-8388
-13496,-11448,5516,-643,530,-310
-5696,-15704,2360,-2216,2580,3408
-5852,-13376,6188,-1423,5673,-2404
-5804,-15656,4568,-4066,-2768,-2490
-7572,-15924,2868,-11666,3778,2157
-4160,-15796,4856,-19020,9678,2049
4,-14972,6548,-19197,3684,1022
-2180,-14696,8892,-7625,-2915,-5890
-3592,-12996,6256,-2909,-1179,-3046
-4272,-14684,5860,-1112,1385,-766
-3692,-16508,4388,-1168,-939,863
-4252,-16076,3268,-513,-720,1023
-4364,-15496,2356,89,-465,14
