-3568,-14720,6928,-37,149,-159
-3436,-14404,6752,3,93,-188
-3360,-14444,6712,-435,101,-252
-3188,-14516,6716,-425,95,-175
-3212,-14340,6732,-128,175,-84
-3372,-14528,6576,-208,-209,-321
-3304,-14344,6316,-240,-89,-193
-3152,-14500,6664,71,86,-120
-3516,-14264,6560,143,-76,-297
-3260,-14324,6776,-239,-254,-600
-3028,-14280,6616,-583,23,-173
-3148,-14492,6712,-490,-6,-178
-3512,-14480,6560,-367,153,-216
-3384,-14420,6760,-122,-51,-452
-3392,-14608,6816,342,-85,-618
-3216,-14612,6824,696,41,-758
-3308,-14492,6860,921,-216,-1188
-3136,-14260,6912,853,-220,-1180
-3064,-14720,7296,1548,-555,-1809
-2876,-14288,6608,1967,30,-1506
-3168,-14576,7900,3142,-278,-2549
-2568,-14012,7228,4863,200,-2331
-2480,-13784,8968,7775,1675,-2699
-7116,5012,-3016,-17567,-7801,-1606
-2444,-11816,8340,-2575,1823,907
-3072,-10624,-884,173,3190,-782
-2760,-14632,13468,1137,17,-2078
-3868,-14708,8908,-618,985,227
-4016,-14464,6400,-1973,320,450
-2228,-21672,17532,-3141,-2376,-246
-3120,-10644,3984,-3787,-686,2478
-2924,-11252,2084,-2272,-1554,1780
-1900,-16460,1020,-2272,159,1096
-2052,-3080,7500,-2563,-2224,88
4048,-16684,29264,4587,-5059,-5338
-1936,-13780,8360,-1217,902,1414
-2888,-13824,8136,-1766,499,1183
-3064,-14036,7716,-1223,-106,-798
-2720,-13896,7696,-811,180,-531
-2552,-14228,7860,-667,236,279
-2436,-13916,7476,-1123,733,920
-1776,-13652,7436,-1200,1888,1911
-2224,-13796,7260,-795,1838,2151
-2544,-13992,7256,-2570,4647,2795
4504,-15048,1616,-3266,6292,1036
-3600,-12604,6168,-984,1794,-919
-4540,-15756,8748,-1498,3442,-402
-2476,-13172,5116,1038,3349,223
-3992,-14972,7604,233,1174,-1777
-1584,-14312,5276,-242,2511,-1492
-4948,-13764,7028,-910,1322,-1440
-2900,-13004,5760,-496,2409,-211
-5580,-13528,7628,-643,1953,-1351
-4652,-12896,6272,94,2040,-130
-6788,-11888,6980,-613,1656,301
-5540,-15240,6356,-996,-1990,1512
-3804,-14160,6968,-2128,165,-3610
-3840,-14152,7316,-5842,797,-2444
-4884,-13728,7612,-14621,-1455,-1947
-5792,-11800,8628,-26682,-9224,-576
-3792,-10796,3552,1220,-9471,-477
-2932,-14708,5132,3998,-6076,-1550
-1576,-14780,6028,4928,-1037,-1267
-1216,-14112,6308,7547,-622,-2321
-2964,-14712,5620,6742,2339,-2229
-4540,-14488,5312,2419,-745,-444
-2248,-13244,4292,-412,-373,1028
-2276,-14288,4988,-4094,1001,962
-2740,-15884,2592,-9698,1207,-464
-2888,-16304,5896,198,956,-553
-3296,-15404,5700,8448,584,-465
-3276,-15500,6404,12538,1609,-4414
-5592,1472,552,-11659,-652,-7614
-2860,-13012,5524,283,2550,-1855
-2772,-13600,6440,-940,4726,-2407
-3388,-14968,5916,-1060,3888,-2067
-3288,-11540,8212,-1002,1876,-667
-2520,-15288,7412,-3134,1131,-289
-1744,-14732,9848,-1085,811,114
-2384,-12932,10056,1,-255,-1130
-2940,-12880,6928,-3936,1402,509
-2072,-12912,6480,-3370,709,-285
-2820,-11972,7272,427,158,-452
-3080,-12664,8100,-915,974,-948
-3036,-11616,10012,1065,616,-1053
-1528,-14328,18016,8065,132,-730
-2764,-13456,8876,223,123,-33
-3024,-13944,8040,-2453,966,874
-3160,-14232,7844,-2533,335,-368
-3200,-14064,7900,-2,97,-804
-2928,-13648,7876,1166,298,411
-3268,-13948,7976,988,469,1013
-2944,-13860,8000,-77,-61,-486
-3032,-13580,8332,-126,-292,-694
-3048,-13384,8308,505,626,488
-3584,-13568,8192,384,363,444
-3560,-13548,8404,40,-93,-337
-3276,-13460,8364,-286,-52,-367
-3364,-13548,8276,-561,34,-143
