-64,-12452,6544,-5852,-1397,-804
-3012,-13980,8688,-6420,1073,-480
-1604,-12848,5172,-8441,4189,1240
-680,-25084,17960,-1591,4124,-348
-2296,-16904,6580,-2484,1458,258
-2020,-14272,7156,-487,496,1459
-2236,-14200,7508,-522,537,1080
-2152,-13944,7156,-2304,88,301
-2320,-14520,6884,-2534,9,-254
-2392,-14444,7108,-1916,-236,-264
-2604,-14372,6964,-1586,-144,-73
-2556,-14972,6504,147,-276,-1033
-2576,-14928,6664,3255,6,-2249
-2584,-14876,7256,5963,20,-4605
-3032,-13928,8192,5919,-1628,-6249
-6044,21824,17728,-6960,2766,-1490
-3256,-14428,6184,-9261,4815,-968
-2452,-18908,6144,-1686,9274,-1373
-4296,-11920,4392,2570,5966,-3446
-3208,-12544,2920,4766,3438,-2680
-1636,-17288,5784,1728,2565,-580
-2628,-18524,9936,-3369,1954,1112
-3124,-14852,4984,-7016,2669,1253
-200,-12960,8452,-3443,-495,-438
812,-2700,8864,3056,-4179,-3604
-1236,-13444,8580,5565,-840,-2753
-720,-14056,7612,547,-133,1018
-708,-13972,7768,-1785,296,3991
-1260,-13592,6944,-2662,1864,4979
-2236,-15176,7236,-4065,-167,5549
-1924,-14932,6644,-3460,396,5649
-28528,-10212,27872,1808,9690,3726
2476,-15904,4148,188,3225,-1096
-5376,-14908,8560,-52,1724,138
1136,-14756,5128,794,904,-1652
-492,-15084,6012,272,-287,-1866
-1596,-17024,9308,-1820,784,-2499
124,-14340,7288,-190,-254,-1985
-1572,-14096,4780,-547,-1219,-564
-6668,-13936,6548,-359,960,-588
-9136,-11304,4864,-637,2480,878
-4788,-17232,8916,-1024,-5217,982
-3412,-14560,7988,-3379,-542,-2501
-3012,-13888,8812,-14790,-1695,-2275
-7788,-21400,20404,14694,-12971,-4497
-2156,-14100,9504,1543,-6407,-893
148,-10632,5256,2280,-6035,919
612,-12912,5728,3585,-3887,374
-2040,-15040,5372,3165,-2610,276
-1476,-16576,4492,4534,-3927,-821
-1868,-15228,3812,1549,-2175,-647
-980,-14936,4704,-1630,1488,151
296,-13532,2440,-4890,1445,2060
540,-25720,11188,1748,6065,3447
-1580,-19084,5232,14947,438,-1825
616,-32768,15584,21958,11185,-7687
-2472,-14388,6336,456,5971,-4252
-2500,-13300,4824,-3585,7401,-3057
-3340,-15320,5680,-3634,3880,-954
-2232,-11792,5992,-1538,3020,-1307
-2028,-15024,10944,5054,1000,-1281
-2668,-14596,12816,3697,1084,-531
-1652,-13980,12004,-1569,145,-559
-2212,-12548,10716,780,142,-379
-1688,-10280,10436,537,219,-839
-1344,-14004,10344,3028,2385,96
-2876,-10216,11408,1477,653,-975
-1968,-12828,9348,192,-396,-1084
-1668,-13368,8904,-3664,145,-536
-2116,-13768,8600,-4534,741,-796
-1864,-13784,8444,-3576,161,-1161
-1400,-14368,7792,-2193,-141,-840
-1296,-14224,7900,-1026,270,148
-1724,-14308,7764,157,306,440
-1580,-14324,7612,1020,269,321
-1876,-13904,8052,1758,584,639
