-3112,-13636,8184,-71,89,-323
-3344,-13496,8128,142,324,79
-3440,-13488,8164,-262,159,91
-3480,-13892,8292,-622,34,-348
-3032,-13480,8164,-476,-149,-640
-2788,-13700,8400,-432,-11,-359
-2992,-13560,8088,-598,328,66
-3316,-13924,8144,-505,155,-188
-3096,-13716,8116,-191,172,-129
-3292,-13704,8304,-243,166,-142
-3112,-13660,8324,-316,95,-116
-3108,-13756,8320,-581,-21,-307
-3244,-13788,8232,-540,30,-323
-3100,-13728,8392,-563,26,-317
-2960,-13680,8048,-482,-127,-382
-2756,-13748,7992,93,58,-286
-3180,-13824,8272,416,-57,-575
-2768,-14140,7016,391,1130,-1423
-2536,-13516,8256,505,-497,-1736
-2484,-13944,8116,2188,48,-144
-3372,-14160,7596,5090,-211,-2157
-1548,-14244,7444,9130,-200,-6090
-3280,-32768,32767,14778,17038,63
-3120,-14736,6568,-7106,4368,-919
-4220,-10724,4740,-4684,2280,-3618
-4428,-7576,3928,-1211,3261,-1479
-2900,-11180,6820,-3566,1279,175
-2044,-10708,8132,-5512,-984,-376
-2740,-12168,6548,-5396,-387,-144
-2392,-11796,5960,-2977,2250,-994
-96,-12056,2596,-6000,3674,44
2396,-21772,10152,-307,4289,-671
-1628,-12552,8872,4340,916,-2823
-1608,-13940,7632,-842,288,765
-1892,-13728,7744,-2606,-84,2170
-2232,-14756,7176,-2992,-298,2016
-2280,-14432,6880,-3149,1172,2869
-2876,-15212,6536,-1798,971,2481
-1492,-15000,6004,-1405,1981,3647
-18404,-5856,22140,-4825,11674,3457
584,-13224,4884,-1325,1355,221
-676,-14788,5108,-2491,527,110
-1232,-16288,5404,-675,969,-818
-2500,-15312,7864,7,1076,-1030
-3176,-16036,7020,-480,1427,-1369
-4684,-14156,6832,-197,1976,-1326
-4848,-12372,4460,-435,2954,-732
-5504,-11224,4232,487,1999,421
-5472,-15532,8040,-430,831,-550
-7804,-9848,4192,-779,1314,755
-4824,-14416,7716,-46,1282,-901
-3336,-13324,8044,-5076,9,-4614
-3168,-13548,8152,-15527,-889,-2108
-10768,-20672,4044,1436,-2240,20336
-2116,-8244,-2028,-2824,-6060,30
-968,-13552,6664,78,-4977,499
-720,-14104,6812,-1650,-2475,874
-1936,-17612,5652,8491,-2905,-2091
-2352,-13656,952,3869,492,-2110
-2256,-14704,4652,-3621,1079,1192
-1932,-14072,2632,-5187,1549,1768
-800,-20976,-1736,-5374,1405,47
-3356,-16928,3564,14113,-1153,-5101
-2332,-14928,5872,20804,5052,-5125
-3788,-13388,3272,4651,4170,-1388
-2632,-14528,7392,1701,3955,-2314
-3132,-15060,5984,5326,2435,-2308
-2304,-13372,6896,4782,-76,-1765
-852,-15088,7964,1395,2253,-77
-2112,-15720,9652,-3829,146,335
-3616,-12840,9352,-4455,-1776,14
-2288,-11560,8752,-1464,-1247,-851
-1724,-11528,10976,-784,712,-536
-1324,-14024,10552,299,414,-721
-1944,-11188,8716,-2578,535,-586
-2184,-11820,11004,739,92,-876
-1264,-12756,7300,7031,301,-1857
-1672,-12808,9152,-633,452,234
-2272,-13268,8804,-4302,1069,1822
-2560,-14108,7824,-4995,411,733
-2384,-14008,7872,-3859,-92,-851
-2328,-14072,7616,-2042,14,-826
-2144,-14224,7504,-1096,204,-167
-2156,-14160,7572,337,265,483
-2512,-14200,7624,1533,202,484
-2232,-13920,7760,1700,335,394
-2804,-13948,8064,1306,542,760
-2664,-13900,8048,964,309,287
-2884,-13768,8324,337,2,-259
-2760,-13664,8324,-160,43,-411
-2608,-13828,8320,-618,-105,-602
-2576,-13740,8088,-1304,114,-222
-2628,-14036,7868,-1681,437,70
