-1948,-13800,8272,535,-24,-617
-1616,-13616,8412,441,221,33
-1920,-14036,8736,334,386,254
-1940,-13780,8396,506,111,-151
-1864,-13824,8488,431,45,-334
-1700,-13616,8476,599,203,-180
-1800,-13588,8612,549,231,-142
-1908,-13572,8904,294,201,21
-2052,-13444,8732,-109,61,-223
-1856,-13592,8864,-294,130,-398
-1864,-13580,8888,-288,279,-152
-1912,-13516,8744,-606,-7,-485
-1808,-13556,8628,-725,-31,-554
-1976,-13596,8824,-727,166,-227
-2004,-13836,8464,-610,-84,-776
-1540,-13588,8504,-211,69,-548
-1784,-13708,8628,91,-10,-764
-1920,-13848,8580,653,-115,-1353
-1832,-14828,7508,2807,1288,-2135
-2292,-13140,9908,4063,461,-3988
-1456,-13296,8972,4949,1505,-4777
2364,-24052,-6396,-3539,3759,-651
-556,-14236,8776,-6507,1185,-348
-2324,-13996,7504,-3449,4657,-1326
-2076,-13296,9652,-955,1340,-2136
-1508,-16836,6772,-1532,1806,113
-1868,-12328,6956,-3545,219,-60
-800,-13024,13660,-3467,-392,-1724
-1368,-17136,6368,-4556,4496,637
-740,-17784,11288,407,2376,-1458
-1516,-17400,10332,-296,2914,-161
-1096,-13368,6972,-4780,1231,703
-2048,-9832,-672,-6634,1755,1359
852,-14140,5636,-287,68,-945
-1488,-14408,7096,-642,-184,883
-2096,-14632,6884,-2137,453,1618
-1800,-14592,6692,-1718,217,1777
-2304,-14916,6460,-2414,-743,1820
-2172,-15056,6236,-1043,153,2417
-2036,-14764,6552,-762,-136,3972
6496,-21024,6992,-3084,-1856,-789
-2160,-15772,6724,-3668,962,-21
-248,-14652,7136,-1603,1066,111
-1400,-14292,5700,220,-712,1278
-1832,-15504,6744,224,126,507
-2656,-14420,3036,-430,-215,-70
-2924,-16880,9552,-956,-438,-2088
-1588,-14876,5476,-2175,2105,-1962
-3016,-14296,4316,-1469,1809,-1590
-4844,-15004,5368,700,2042,-1333
-6776,-13496,7676,-258,2972,-120
-9840,-12704,5312,1850,144,2839
-4044,-15364,6820,2294,332,-1501
-2788,-14352,7160,-2495,-37,-3778
-3984,-14704,7688,-12547,-564,-3274
-2908,-13688,9956,12283,-16335,-2953
-3024,-13364,5840,4563,-4293,-1561
-1012,-13604,7276,704,-2550,1051
204,-14036,7488,5278,-2741,2759
-1156,-15036,5764,7429,-2168,-1247
-1856,-15292,5884,2391,-2427,543
-1244,-14764,5528,-1704,-3126,644
-1416,-15460,5856,-493,-735,175
-1776,-14356,3200,-1642,260,-77
-2288,-15368,4412,-2728,394,186
-752,-17288,7324,87,318,-372
-2492,-17448,7588,9192,96,-313
-1964,-15952,5828,17154,1777,-1161
-2576,-15644,7836,9460,2460,-4142
-1192,-16164,7616,3921,3100,-3296
-2876,-15024,10444,481,3814,-3138
-2252,-15984,10196,4898,2374,-2032
-1640,-14992,9748,3932,998,-1855
-1580,-14308,9984,-1542,2287,387
-1804,-14256,10776,-2097,-1129,-648
-1252,-14940,11204,-1931,-96,490
-976,-12332,9048,-823,605,-704
-920,-13668,11324,1786,2057,-1283
-1332,-13760,12848,1557,2343,-832
-1428,-13452,12264,613,1651,-343
-984,-11836,10864,1682,266,-336
-1528,-12728,9636,-2855,31,201
-2108,-13580,9100,-4604,-22,-32
-1832,-13676,8544,-4511,-796,-1041
-1444,-14024,8192,-3185,-615,-965
-1456,-14112,8108,-1597,98,-195
-1356,-14060,7840,-569,469,738
-1508,-14000,8056,533,644,1147
-1772,-14072,8268,1322,769,1093
