1720,-6700,14620,-559,366,-40
1916,-6704,14492,-563,9,-182
2000,-6584,14204,-648,44,-201
1992,-6692,14532,-893,-17,-168
1820,-6912,14536,-1022,-2,-319
1884,-6880,14340,-616,-31,-574
2332,-6532,14216,-749,-417,-250
1876,-6916,14588,-1048,71,-87
1892,-6968,14108,-937,-141,-55
2012,-7376,13772,-850,-1266,25
1344,-7996,13924,-1066,-2042,312
172,-9308,13180,-1676,-3164,1987
-788,-7820,11752,-3517,-2854,6137
12,-9708,11612,-2738,-2725,5080
4764,-8092,15892,-605,-2153,2498
7088,-5552,14164,121,2424,380
8640,-5280,12728,-577,7457,1455
6884,-6784,14564,-3569,7582,792
6516,-9872,15120,-5513,5883,-2919
3256,-5956,15744,-4462,5143,-9006
-5676,-3020,17056,-2710,2734,-7356
-1548,-4956,12352,-1048,3442,-3673
-4448,-6332,14352,384,-73,-3899
-4016,-6816,16036,1364,-4413,-2814
-1624,-7208,15144,5361,-5164,1878
1908,-11256,12680,6262,-4205,4734
2528,-11928,12928,2788,-2985,1951
4892,-17696,10348,-3376,-1038,-3054
3872,-9540,11156,-1887,-599,-4693
-4048,-11628,23868,566,-2297,-444
2556,-13268,14196,-2726,-57,3117
3024,-11744,14464,-5203,1397,2186
3356,-9572,13296,-2171,-12,100
2828,-7744,14780,255,-173,-1843
1616,-3980,14000,657,-769,-1452
4400,-3328,13848,51,437,1029
3984,-4244,18064,847,673,834
4308,-2828,16572,2835,1677,841
2380,-7380,14480,-2451,996,966
1688,-8324,13980,-4026,-88,10
1328,-8460,13976,-3638,-1062,-1740
2752,-8524,12632,-1743,-1098,-2898
3272,-8388,12940,-543,-705,-2488
