984,-8876,14092,-347,-223,-251
1320,-9308,13520,-91,3,-129
928,-8880,13480,-279,-208,272
944,-8648,12808,-1356,501,-155
576,-8784,13812,-1203,-168,-105
1644,-8200,13188,-1369,-79,-180
1088,-8192,13588,-1687,-477,327
888,-8828,15384,-672,-1374,555
784,-8596,15564,310,-4425,1601
1016,-7164,16012,-422,-4640,3741
3196,-5244,13976,-607,-3651,5288
3680,-5748,12388,-3781,-2506,2075
492,-5832,12056,-4942,-3373,4421
2744,-7468,10752,-4233,-3672,6065
4080,-6064,9376,-6463,-4328,1156
2592,-10188,9420,-7924,-1441,-446
-176,-12816,10724,-6515,-2422,2348
-224,-14876,5400,-11519,2019,-80
-1964,-16908,808,-20909,4871,397
-10224,-25788,224,4853,-14860,-7932
-1396,-19600,8592,-4276,1722,1181
-5856,-18212,7184,-15018,-7325,6913
-3120,-15228,4912,-8908,-2403,5086
440,-13524,6620,-1790,-718,6443
4464,-13200,8280,2316,-8737,8799
8028,-13468,11724,2684,-9110,2817
6496,-11012,12872,6831,6821,-2790
5148,-12920,14756,3370,9123,3285
11584,-16080,11176,-2307,5324,-5299
11444,-14260,3960,2541,19231,-26184
-3008,-14248,7288,4213,23208,-12286
-9620,-15360,6708,2249,16523,-9544
-14104,-14936,8944,-1832,2269,-5188
-7152,-12896,13628,-5268,-5690,5672
-7088,-11044,8048,1946,4455,-10090
-3792,-14728,8140,15565,-3448,2696
-7412,-11932,15268,10968,-12848,11561
9200,-9168,3240,11729,-11679,11928
3060,-5696,9548,6155,-6320,3005
4696,-8636,9588,6501,-1225,2877
5076,-9240,5108,-2100,1907,358
-792,-13796,4436,-11795,-350,-2101
-904,-10936,-11944,-25335,3861,-4260
20484,-32768,31340,11265,16942,-10778
3304,-19852,4592,-5818,-4555,726
1740,-16952,3596,-10608,3107,2094
-1008,-16860,6136,-7060,5713,-5308
-712,-12112,9412,-6855,4351,-1633
2640,-14896,10652,-3981,15365,1131
-912,-12760,11000,-4591,11028,-2444
-292,-10924,12492,-1594,9287,-2338
-272,-11136,15156,-2213,9676,205
-372,-10764,16588,-2997,4814,4482
-2860,-13980,2672,-8265,8818,6596
-5656,-12184,8076,3496,-612,5259
-4712,-21688,11280,15784,-6370,2375
-3436,-14628,3644,17221,-8972,2012
-2916,-13216,6880,7543,-4022,2029
-1216,-11300,9152,6862,-2913,1330
2280,-7076,3548,100,-5520,-1037
