336,-15740,4704,116,1274,-519
708,-15656,5524,161,454,-663
448,-15612,4896,-291,337,-418
720,-15864,5044,-340,-162,-297
680,-15580,4968,-542,-95,-66
556,-15688,4988,-1506,133,-217
796,-15460,5048,-2447,885,-686
676,-15344,6548,-4909,449,-93
448,-14580,4644,-10991,24,717
468,-20804,6716,-2696,-3869,-2499
-280,-17792,5756,-1276,-4247,851
848,-14436,4576,-9454,-5127,3582
2628,-17160,2804,-3717,-4165,1188
188,-18204,4904,7617,-2692,-2226
1096,-16712,4948,10530,-4610,-2802
372,-14652,3148,16200,-10828,-1802
1600,-13796,800,11113,-3770,-2259
364,-14324,5716,5178,-3567,-1435
2268,-12104,412,4178,-4527,-178
328,-14360,2860,-5323,-2827,1170
8416,-32768,32767,32767,883,-7197
180,-14952,4584,-290,-4214,1162
2344,-15324,7960,410,-3363,1648
-2504,-14380,1096,-6974,7,4077
148,-15468,10440,-3568,-1195,3571
-340,-13864,5936,-6597,-1773,4411
-2884,-16240,6356,-6810,-753,4137
2668,-12396,6536,-6018,-672,2950
4268,-20928,11168,-2551,-1607,657
2336,-12780,5056,-4401,1881,-806
7516,-16516,-1660,-3992,9520,-4096
6524,-24028,15304,-5629,9710,-9052
752,-15920,4000,-6224,8612,-6357
4864,-16464,9528,99,4556,-8779
-16936,21260,772,-1574,-3823,274
-4684,-4540,3404,7791,689,840
-536,-15080,11412,10362,-3327,2699
2712,-17192,3372,19699,-10405,-2261
1784,-16736,1484,12083,-5388,-1447
7892,-24152,5520,6317,-278,172
-2972,-7420,7344,-425,367,2963
-616,-15512,8080,504,-1082,-3063
1668,-15260,-2724,-3732,880,5557
936,-16020,2784,-12990,6261,8461
8984,-18972,4848,-10631,4330,3054
-876,-14500,7748,-8239,6998,-201
6732,-29100,13968,-4233,-1755,-614
-9180,-6864,9252,-2868,397,2683
4552,-20460,9728,-1535,4802,3100
14336,-21864,24864,776,105,-1005
1580,-15604,2724,6282,4908,-2690
-36,-14464,7032,622,1482,-593
1388,-15628,5696,-103,564,548
-2116,-17256,3008,-555,-2818,787
828,-15432,5156,-1184,68,-550
1364,-15312,5052,-1127,-228,-547
