-320,10320,12216,-276,173,-46
44,10484,12464,-326,-205,-107
308,10776,11964,-553,-404,-178
124,10676,11976,-331,-16,-67
548,9804,12632,98,-28,-162
184,9316,13556,-342,-1389,-1328
1088,9124,13580,89,310,-2024
1896,11496,13604,-543,-474,1418
-64,7908,12604,4487,1074,1746
400,8492,12024,8223,2854,1652
432,10200,12424,6920,1849,785
-960,11300,12628,4000,-522,-629
992,8960,8412,8130,-2301,-2277
960,13348,10080,10711,574,-2200
920,13756,8496,5499,176,-3755
-1432,12332,8980,3620,150,-3726
-464,12724,6812,7377,3203,-3691
-1124,11200,4020,6434,4108,-5195
-1288,10292,2104,14077,8709,-7693
-5528,17280,8900,-3404,-9734,-6131
-2328,13468,4188,1810,8003,-7349
-2268,19028,6424,4286,5812,-3096
-592,16304,4464,5347,1261,264
-1192,17516,2424,6697,4242,-249
-2740,17312,2932,6028,7872,1624
-4488,15800,3536,4487,10038,2695
-4968,14192,4876,3120,6995,490
-5072,16356,4936,1974,8389,134
-6484,15880,6380,972,3936,2715
-4352,17172,5244,1248,3499,7688
-4840,13452,3796,-401,895,5547
-7568,14868,5360,-2127,1875,4515
-7548,14932,2696,-4518,3439,-261
-8856,18188,552,-10174,7271,15089
-16748,-5184,-12564,-13229,6522,7836
-4612,16448,-4248,-4488,14064,-8033
-5252,15804,2816,-4608,2801,-406
4336,16832,2304,-1629,-8027,-1747
-724,13084,388,-108,-4355,-4433
-696,12068,5744,552,-8184,-167
9048,17116,9568,1109,-8370,-2233
292,16488,11596,1876,-5167,-5253
-4544,15232,11240,-1600,-5447,-182
12816,20312,6164,-21158,-9276,-2070
-4000,13400,12916,-24243,-11935,-8977
-316,9020,7600,-7576,-4704,638
-2800,11104,10056,1167,346,3001
-6240,11592,10092,888,-178,2155
-4040,8484,6532,2610,-1223,3440
-4492,7048,4400,5507,941,-943
-6680,10068,3464,13737,3830,-1679
-2756,16576,3808,11083,5925,-6162
1848,14080,-1900,15122,9166,-2317
-9496,17516,7528,523,-8074,-3961
-2596,19200,3908,5132,7604,-2265
-1984,13724,968,4999,3119,481
-2920,16496,1828,2923,4782,-833
-3808,15040,4664,2819,7057,-1465
-5440,15384,5060,1823,3857,-1961
-5040,15040,4204,2049,2890,-3288
-6180,14700,5464,4971,1152,-2656
-5724,13948,5148,3358,-1137,-1391
-7192,14008,5712,2742,-895,710
-6984,13356,4456,3269,971,1203
-7636,13880,5780,3685,3532,2329
-7196,13020,4556,2852,3820,2046
-7652,13532,5464,588,2112,1770
-6652,15792,4188,-1225,-714,4191
-5696,15884,3720,-2,-3786,6698
-5064,17212,4352,-1273,-3354,5555
-5016,13356,3844,-11813,-9083,4718
-228,17232,2996,-10617,-3721,1062
-3804,16344,5292,-19659,-5811,-1335
-3268,11304,4112,-24671,-9918,141
