-156,-7828,15888,-5269,-3127,2837
3556,-7832,12248,-6656,-3615,2266
3044,-9096,13428,-8021,-4272,2430
3552,-8200,12084,-7478,-2389,305
2028,-7692,9020,-12940,1584,-84
164,-13556,17492,-11381,-723,-1712
2352,-13944,14604,-6764,-3536,-102
2948,-11520,11600,3295,-628,-51
3164,-11176,11672,4434,-2207,238
1304,-9808,12220,1488,-2100,-2312
2644,-10016,13472,1223,-936,-197
2420,-8432,11200,1485,252,283
4124,-8024,5548,-6626,-1738,-4950
1416,-11444,8496,-16996,4980,-1344
6680,-12704,-7928,-709,-12904,-1889
-688,-15496,8632,-3567,-1064,2675
-2852,-16164,7888,-3838,-111,3192
-4232,-15496,7704,-1466,-4533,5067
3920,-14924,7880,-1263,1274,7231
5908,-12308,12452,-3792,6444,9317
8444,-9704,13604,-3954,-1063,5163
10548,-9516,10000,-25,3876,761
8820,-11948,11568,1829,12932,877
11184,-14416,9684,-2879,12426,-7233
7012,-15288,8892,-4556,19294,-17391
884,-12212,12028,-2668,26954,-20510
384,-12724,7424,-2120,20351,-21929
-11828,-13292,12584,-1682,4943,-9766
-13516,-14428,11036,-5116,-6078,2171
-3776,-16328,16056,-3651,-6749,459
-5428,-13908,13540,31610,-15200,4583
-4748,-7608,10128,9881,-8580,11267
3344,-6084,13008,3067,-8031,13217
5768,-6760,6972,5378,-5891,8100
5468,-9560,7632,-2783,-7034,3604
2660,-12680,12296,383,-3452,3383
3540,-11612,7840,531,-3860,2515
6600,-9036,-404,-10062,-17,-1015
2708,-16812,4396,-17077,4274,-1146
-1920,-24896,7252,-2618,-470,-1849
-980,-18644,4016,-6882,-622,-1367
-1280,-17400,5000,-6058,3570,-2071
1772,-16020,4860,-2309,8237,-2174
2040,-13192,11808,-381,7899,-9334
-272,-13156,7252,1443,11977,-4186
2192,-12148,10148,-1855,15276,-2998
4084,-11244,3452,-7790,20353,-7039
-2148,-8316,14444,-4597,9020,-4264
-4584,-8244,19028,-2652,5917,-2845
-4068,-10136,13492,-2364,6608,-1361
-924,-11932,12464,-6480,1937,220
-2260,-12316,10644,9279,-9274,3621
-3104,-13876,10240,10878,-6900,-396
-2672,-9756,10764,7178,-5265,304
-2192,-8020,9472,5197,-6293,3912
-4884,-10560,11356,9625,-13412,10372
2340,-10752,9852,3301,-6910,6608
-2084,-14152,12616,3268,-3674,1981
-4128,-12488,12612,7984,-7445,3480
-364,-9920,10084,3480,-5001,2038
956,-9916,11240,2508,-4071,2055
-796,-10540,12512,2193,-6142,845
-448,-9424,12208,1718,-5482,956
580,-8536,10824,314,-2369,1824
1540,-10212,12192,-3878,-2285,1217
-184,-10812,13600,-2518,-1621,755
