1492,15336,5776,-278,38,-117
1452,15252,5676,-211,-152,-57
1384,15988,6080,91,-657,164
1464,15444,5204,259,287,-221
1652,14808,5064,57,36,-66
1584,15544,5852,-100,-794,25
680,17100,7592,-616,-2642,494
796,18648,10708,-6961,-6051,392
1364,14896,6192,-3958,-7417,1123
6824,8540,2804,-2504,-4389,3624
5880,14728,7164,-2264,-3635,-812
3316,15428,7064,-6026,-3928,-30
1196,14060,8672,-7494,-4966,3199
1976,14016,8268,-9671,-6103,3921
944,10724,7004,-5949,-4098,-566
1996,10332,6420,-2296,-888,-1090
2024,9824,4496,3855,-112,-2599
2080,7564,3128,3571,92,-15642
2400,13188,2492,4506,-1258,-11323
3816,13988,-1440,11710,4744,-11947
2064,13640,12600,980,3760,-4667
6652,19852,-1148,4195,5265,3333
4168,16056,608,2796,3204,5617
2996,14700,1948,1333,11174,888
-2352,16528,6936,-2713,12947,-1739
-4844,15860,9236,-17,9101,1804
-5264,13076,9648,-688,8707,3106
-4744,12876,9212,-4990,1877,4681
-4356,14208,11176,-5352,4454,5643
-1820,15920,7944,-2693,1413,10151
-6420,14092,5324,2206,-140,1829
-4068,14448,3348,-242,3697,-3436
2248,15220,784,-5209,3540,-1566
5976,15412,3672,-6432,-4613,5650
10152,12100,8780,-1514,-1970,-4060
12784,12180,9356,-352,-6318,-3627
5340,13388,9432,3832,-5022,-9188
-884,16288,9804,1946,-8849,-11530
2388,15660,8400,-10522,-8748,12573
1656,7184,4744,-6167,-9263,3386
-2416,9808,6416,-4132,-3650,-4505
-2756,11584,5592,263,-3283,-2363
2960,9112,-7272,20019,6493,-7915
-4180,13368,8,2302,-3413,-5693
1032,19168,396,5541,7248,-612
1672,16240,416,5565,10550,3008
2912,16392,808,968,7852,2988
324,16800,3524,-388,4320,-112
-3436,14516,9500,326,3820,-309
-2456,16212,8856,5007,4940,1760
-3532,13072,10636,2811,2293,709
268,13136,7864,1850,1353,-1538
-2768,13084,9948,-1552,327,-2800
-3388,12684,8876,-4420,53,-2519
-1100,16276,6652,-809,-254,955
-28,16284,4944,1365,-349,1734
