1584,-13408,9056,-874,480,-566
1828,-13320,9104,235,177,-411
1932,-13132,9596,196,767,-224
1716,-13580,9480,749,701,-14
1568,-13288,9236,991,242,115
1664,-12984,9184,1474,-117,-31
1552,-12992,9992,1134,427,-55
1588,-12848,9756,541,414,10
1160,-13156,9640,476,76,-431
1444,-13108,9972,961,-1028,-891
1868,-12792,9976,838,-402,-1290
1800,-12672,10072,-9,65,-742
1808,-12628,9960,-260,215,-211
1848,-12828,10020,-98,67,-140
1724,-12832,9744,-18,-117,-459
1856,-12612,10024,-331,187,-432
1828,-12720,9916,-278,368,-369
1544,-12704,10188,126,-136,-606
1980,-12500,9972,-116,13,-312
1900,-12688,9972,-106,69,-49
1848,-12732,10028,63,70,61
1644,-12568,10208,328,-19,-270
1936,-12488,10092,616,-244,139
1968,-12412,10180,303,360,349
1736,-12416,10324,-19,601,-35
1848,-12448,10268,167,263,-166
1736,-12360,10436,173,398,-353
1808,-12440,10372,21,399,-412
1708,-12468,10168,-88,157,-154
1752,-12372,10264,-356,19,141
1488,-12488,10480,-378,434,-29
1628,-12452,10304,-285,46,-312
1712,-12444,10356,-382,-18,-97
1580,-12324,10316,-381,344,48
1592,-12356,10388,-150,47,-59
1664,-12372,10320,-91,105,-61
1604,-12348,10500,-197,315,-162
1680,-12296,10544,-176,168,-321
1568,-12304,10520,-116,135,-296
1688,-12252,10272,-228,154,-361
1552,-12296,10420,-248,119,-417
1720,-12232,10564,-678,-54,-502
1720,-12188,10468,-876,-55,-312
1764,-12320,10236,-758,93,-150
1348,-12480,10164,-529,215,-291
1524,-12376,10344,-234,222,-693
1756,-12432,10628,-134,68,-573
1808,-12256,10232,-46,163,-143
1796,-12312,10360,-27,74,-105
1756,-12272,10728,-112,269,-134
1476,-12396,10496,64,170,-170
1532,-12168,10528,-154,81,-94
1720,-12184,10604,-447,149,-41
