2276,-12828,9600,46,295,-103
2252,-12792,9656,105,224,30
2048,-13236,10024,167,120,-105
2072,-12892,9904,8,254,-248
2036,-12824,9600,2,253,-298
2068,-12764,9716,326,650,-241
1968,-12712,9904,258,865,-330
2168,-12520,9952,-100,517,-49
1812,-12784,10112,-488,-19,89
1868,-12728,10196,-935,174,-209
2096,-12796,10268,-2005,147,395
2544,-12736,11152,-3906,135,1156
2388,-12120,13156,-10936,-1344,1472
1908,-13688,7788,-18851,-674,2752
44,-15436,10180,8042,-5982,-1357
1812,-13152,10888,6207,-1253,254
2008,-8232,8736,6824,-1553,4529
4720,-11068,10100,14184,-2293,-608
2064,-10912,8284,17510,-8726,-3343
3252,-8436,708,17183,-4956,-193
188,-10300,2844,-6702,4406,-79
-1896,-14284,7764,-16536,5281,1870
-6892,-20228,8324,3291,-8057,3805
2068,-14200,7604,19,-7747,7003
-136,-13684,10248,-4110,-1473,10279
8152,-12936,9432,-5898,4112,5156
6272,-12804,11852,-9643,3288,1183
7876,-12664,10372,-14474,6347,2187
8824,-14580,10592,-12908,15500,-508
636,-11500,12928,-10420,14441,-11556
-7012,-11112,13528,2385,5773,-6077
-6704,-11900,14492,13263,-7166,-5248
-3784,-13124,8904,18017,-11441,311
-940,-14752,8616,15291,-3035,-413
60,-15972,8468,6339,-3691,-2266
4368,-12940,5148,-272,-969,-2842
3312,-14664,7712,-1362,-2166,2988
212,-15788,9640,-5789,1718,2293
652,-14732,9128,-10235,3592,87
1420,-12712,9200,-12886,3419,624
4152,-11908,11552,-7785,1460,-638
5852,-9304,10160,1080,1171,-2678
3392,-12524,12252,4564,131,-2726
4176,-10236,11900,4510,722,-1166
2240,-12536,10288,-67,1713,1370
1320,-13032,10048,-1137,483,2056
792,-13064,9716,-1458,-54,611
