-652,-11020,10740,-694,-965,329
-1616,-10992,11988,-310,-1029,-193
-2092,-10880,12164,-396,-595,-150
-2184,-10812,11668,-592,-12,-369
-2480,-11188,12488,-203,-232,404
-2636,-10396,12464,-234,-248,291
-2744,-10068,11060,602,2155,242
-4736,-10744,12256,1022,1062,854
-468,-9324,10688,1059,1879,647
-1724,-10288,10336,2740,1872,-2512
-2332,-9920,9480,-330,2057,-2441
-2368,-15132,6376,-16365,-5336,3398
-228,-18424,12364,-11183,7016,3821
-364,-13244,8024,-21039,-497,6020
4224,-13388,8148,-23969,1566,1217
3268,-11908,14412,-16986,-2698,-4000
-2424,-10032,13928,-5551,-4894,-8845
-4308,-13200,11368,1408,-15088,-9408
828,-14396,6924,10512,-261,-10455
-9048,-16516,8500,18926,-3901,-9240
-4868,-16824,17036,24552,-5194,-1700
-5440,-18504,8768,11468,6031,897
9248,-11892,-9412,1837,8965,600
-17472,-28364,16360,-17408,-8594,-10685
904,-15948,13484,-13329,10681,-1975
-1952,-15152,6060,-20517,1175,10100
-1940,-14224,6384,-23081,4442,8245
-40,-12680,10196,-12898,1127,4295
3984,-14396,13992,-3280,4987,691
-2492,-14612,12412,6204,-371,-734
-2228,-13764,9828,10232,-4353,-5798
1528,-15732,6392,17942,9976,-3789
-6176,-14388,7336,14360,510,-1512
-2268,-12728,6200,5079,2231,715
-2576,-11452,7064,2525,1511,-167
-1004,-11256,8212,2583,3492,-1356
