836,-8964,13032,46,-135,46
1200,-9008,13200,-596,-292,-17
1396,-9432,13116,-551,-473,-243
852,-9344,13212,-733,-771,597
1588,-9476,13172,-648,26,105
1320,-8972,13636,-380,379,-225
1040,-8956,13200,-694,-239,231
1640,-8744,14060,-1236,-1382,-47
1700,-8308,13972,-1050,-2211,-299
2604,-6436,12816,-987,-2837,1512
3448,-6816,11688,-1647,792,851
3932,-6428,11612,-3432,-1648,1266
1344,-8384,12648,-3979,-2825,-511
3668,-8352,10284,-3349,-1840,967
2028,-9868,11600,-4597,2896,-1950
2148,-12356,11624,-2506,1576,-6151
2012,-10212,8308,-7278,526,-2019
1312,-11684,-1568,-25246,9612,-2939
-32768,-32768,18812,11907,-32768,-21652
-2436,-18504,5948,-9136,361,622
-2408,-17312,6688,-8430,-1850,5115
-2328,-15024,6180,-3425,-5309,5478
1032,-13980,7456,50,-2948,9157
4120,-13316,6296,1263,550,10479
2352,-15088,10036,-585,-2170,8846
1752,-13260,11664,-3081,-2291,9686
2540,-12568,9820,-2565,9101,5962
5412,-12508,13832,1858,7398,1386
-164,-14152,8692,5521,1176,1758
5548,-17040,8224,597,4891,289
11896,-18332,8864,-52,1487,-11939
4972,-15400,6332,3582,11541,-21248
-1704,-16372,8412,3792,18352,-14468
-9272,-14824,9012,1989,18766,-10673
-13116,-12832,10224,-801,8978,-3930
-7920,-13796,8316,-5177,-858,-234
-5020,-12156,13208,-2115,-1850,-8115
-7136,-14460,14700,7015,-7238,-633
-8200,-14896,15976,13880,-5877,6661
468,-11472,11844,12462,-9817,4894
-592,-6380,9328,9779,-9975,6817
2964,-8248,9072,4418,-7370,3598
3016,-10320,9968,1912,-4388,52
4944,-11584,7876,-3508,-3921,1038
4240,-10936,3732,-11066,-525,-1465
2048,-13616,-1864,-18841,2380,-3559
15752,-32768,-4928,3897,9275,-6840
2128,-17804,5640,1817,0,1338
2420,-17304,4832,-3902,6700,4582
1972,-15236,5224,-2514,6345,2548
2604,-13020,9632,-3114,4432,-2517
2056,-13460,6976,-1753,8098,-588
-520,-13000,12192,-2892,6665,-2037
-116,-11104,11084,-3249,5537,-3109
1600,-9596,10636,-483,9334,-3022
-1216,-11420,12240,-68,7717,-4343
-1064,-11808,14008,-4056,8372,-3499
-2696,-13508,15716,-3527,7772,-1934
-1184,-10460,10908,-1954,-964,153
536,-13340,9476,-4957,4674,496
-1908,-9308,32767,6131,1793,3242
-4208,-16768,13124,22620,-3761,-1626
-1308,-15624,8612,12634,-10145,-971
-740,-11672,10728,7032,-6340,917
788,-10704,12916,9056,-6934,241
92,-8708,9868,7862,-5982,-2192
1212,-9348,10564,3749,-6022,361
-468,-10988,13048,3819,-6731,830
808,-9464,10428,4115,-5851,952
768,-8680,11432,3491,-6161,3143
1580,-9476,11048,218,-3784,3696
2012,-10492,12252,169,-4083,3350
1828,-10280,11444,-302,-2171,1733
1788,-10908,12312,-4523,-2256,570
2436,-11376,11568,-2062,-1471,873
2652,-9112,11628,-722,326,991
2692,-9292,10832,-1227,222,569
2676,-10336,11940,-1699,-310,536
2712,-10172,12124,-1147,1558,-186
2384,-10024,11960,47,543,55
2600,-11028,13344,-424,537,-1034
