2660,-12664,9780,-379,145,-372
2492,-12748,9648,-403,-214,-178
2440,-12772,9704,-582,5,-243
2340,-12852,10028,-292,-173,-183
2488,-12720,9832,-381,34,-163
2732,-12648,9628,-429,51,-162
2512,-12764,9812,-269,9,-316
2516,-12756,9816,-291,106,-432
2564,-12840,9752,-95,112,-269
2656,-13032,9364,1364,250,-784
3156,-12552,10952,-453,494,-677
3504,-11876,12508,-4269,2062,1052
2416,-11832,11000,-7382,-69,3078
2992,-12368,10484,-10267,-1044,4265
196,-11184,-3312,22492,-6873,-4131
3352,-9028,10192,8517,1348,-3610
2764,-8716,9848,1428,-182,344
1772,-11204,12664,4251,-4827,652
3932,-9012,3132,-5601,30,363
1128,-12076,2716,-20145,422,1460
8144,-32768,32767,3896,4389,4567
632,-15136,6812,-4229,-7326,2752
-2484,-16260,5792,-2158,-3243,4284
-332,-14692,9944,-2499,-1804,8506
2876,-13632,6724,916,-4210,5573
2484,-18644,10152,3297,-3610,2426
4204,-14808,5540,1063,-79,1070
3336,-15576,8388,-2269,1471,708
3520,-12788,6964,-3224,5313,964
4496,-15380,14260,-3439,4494,-1285
3672,-13224,8164,-5949,6447,-3645
5592,-6860,4192,-8374,7181,-7165
5984,-13384,4624,-9715,6724,-9038
-400,-12580,11328,-1743,4117,-4999
-2492,-12188,7740,2440,1164,-578
2516,-15504,4588,4616,-4178,-1228
-4392,-11212,10040,6142,-5454,2063
2500,-13372,9968,9998,-11699,4397
4956,-12368,2916,3436,-2669,-704
420,-10516,6796,-1792,441,-910
2896,-12120,4360,-1079,118,-1244
1972,-14772,7248,-55,-1405,-4029
252,-17460,2180,-4101,3449,2255
3744,-18512,3168,-8566,5029,4992
-3984,-9216,5284,-12031,5869,3242
-2368,-9476,4136,-7647,2151,633
3172,-9552,1688,-3843,1361,1783
4200,-17820,9200,-4436,555,1511
2988,-9224,6856,-4105,-2019,494
6676,-10676,8036,4132,4120,-2357
2664,-13324,9056,-1273,1382,938
1380,-16732,11388,1525,73,498
-1528,-16084,3832,-236,4889,532
-748,-15364,8124,-2564,-2169,-90
3864,-16964,7396,3103,-773,-604
2180,-14432,5872,2464,-2908,-1541
880,-14212,5668,863,2828,-1629
1628,-16876,8384,3623,2483,-1098
1904,-14328,4388,3198,1869,-1274
