-1076,-11032,11752,-500,938,-487
-1332,-10876,12100,-15,493,-697
-1288,-10508,11884,-163,324,-284
-1248,-10540,12700,-233,-22,-119
-868,-10276,12412,4,-607,-292
-968,-10480,11912,300,-1087,-410
-1024,-9996,12024,2,-859,-491
-672,-9988,12492,582,-1359,-986
-1252,-9408,12524,1384,-3086,-1306
-2564,-9008,14224,1861,-2816,-1689
-1392,-8856,12056,2804,-2489,-3611
-16,-9920,11356,1763,145,-9302
2824,-6356,3868,5254,-2575,-1033
-5480,-11524,8368,1905,1937,-965
-3080,-13924,12224,-12093,9598,17768
1608,-13272,11936,-15358,-361,15510
5584,-12068,12464,-13982,-1236,4569
4000,-11788,14724,-15341,-1527,1880
6068,-11212,13308,-8600,-500,-3541
4644,-8872,16184,4162,-10761,-12915
-7632,-10640,13052,8477,-12412,-17472
-11304,-11676,10196,3653,2375,-2603
-2936,-9712,11788,10933,-5307,7082
3960,-14092,7924,15234,-2821,-1749
4992,-17232,10300,408,1611,-5595
2244,-18204,11208,-9171,11050,946
-1336,-14312,8944,-16332,8398,4986
-832,-13792,10244,-11957,3364,4746
484,-9956,13200,-12050,2157,6280
5996,-10860,17116,-4337,13936,1912
2632,-12164,14004,7812,-1915,-350
504,-10460,14544,7430,-4614,-449
2472,-13144,7644,13241,2911,-1942
-4600,-12896,9556,8223,-25,-4905
-1524,-10904,7588,2169,-2360,-18
-1824,-11380,10856,-64,547,-239
-1352,-10228,9896,471,2083,-859
-772,-10276,12748,-1025,3835,-1296
-1188,-10768,11952,158,-145,-323
-2072,-10992,13248,1070,1866,-988
-380,-10776,12012,320,1169,115
