2144,-13256,9084,79,298,101
2132,-13236,9292,166,128,45
1972,-13316,9164,105,37,-143
1848,-12992,8904,-236,260,-155
2092,-13096,9316,-484,102,137
2032,-13256,9200,-480,151,-30
1916,-13308,9176,-370,62,-414
2276,-13144,9468,-709,182,-298
2576,-12916,9280,-1344,719,1149
1756,-13396,9352,-2779,389,2474
1984,-13532,10032,-5222,-338,4254
1476,-13916,9448,-7566,-139,3420
1104,-14336,8376,-10070,-629,1405
620,-14296,7520,-14241,-682,-175
-2144,-14212,19720,2425,-920,-395
1076,-11808,2496,295,-1856,1143
2244,-12556,3796,-2393,806,1565
924,-16692,9336,663,1730,486
256,-15852,9500,6836,-2529,1002
2128,-15056,8064,10462,-5281,-777
2400,-14668,8976,15673,-6402,-3566
2224,-12472,5924,11775,-2575,-5766
1440,-11404,3120,3995,-1505,-3323
-992,-13100,6952,-7023,1992,1253
116,-16308,5816,-9734,3576,5574
7000,-13980,3512,-69,-27,-2272
1080,-14216,4812,2358,-90,2721
2652,-13352,8224,1804,-612,5253
1824,-14336,11272,-620,-381,2243
1176,-13192,10272,-2026,-1604,2705
3192,-13508,9828,-2498,-2462,2012
3708,-13124,8156,1223,-2209,-1796
5428,-12612,9868,2827,1983,-276
6876,-12996,8296,1130,4519,1705
6236,-13980,8948,-3304,6063,-125
5556,-13416,9008,-6463,6645,-3468
4288,-12644,8840,-8229,8352,-6703
512,-12612,10888,-8254,10639,-9118
-2416,-12068,11560,-5022,8938,-7392
-4892,-13872,12172,-1497,1770,-4478
-1644,-13208,11184,68,-3138,-3045
492,-12852,11328,9613,-6584,-3215
-1080,-12276,8112,14332,-8326,-1353
2852,-12860,8780,10847,-2606,993
3012,-13608,8676,11576,-2087,2107
2136,-15092,7832,9046,-2822,260
2564,-13564,9564,-659,-2380,-807
1492,-13440,9940,-4176,-525,-2369
2460,-12800,10212,-275,-2890,-2093
1156,-15400,7476,-6911,1629,3989
636,-15848,7544,-9269,3074,3586
1368,-14560,9076,-11048,1839,710
1776,-12924,9212,-8726,1589,-1364
2132,-11620,10392,-3431,1123,-2003
4080,-11504,11424,-1227,1582,-1634
4496,-11076,12348,343,1610,-1279
4976,-8724,12952,2559,297,-1245
3504,-12012,10120,4198,1401,-1423
2892,-12536,9880,-755,919,1646
2668,-13064,9576,-2025,683,2538
2048,-13488,9064,-2093,301,1090
2220,-13536,8896,-1620,387,-220
2332,-13436,9000,-601,121,-563
