-3316,-13764,7788,-524,21,-303
-3404,-13868,7776,-383,125,-235
-3276,-13996,7844,-247,-25,-307
-3356,-13824,7964,-374,99,-226
-3180,-13880,7940,-280,5,-228
-3396,-13780,7884,-259,-120,-305
-3252,-13824,7788,-153,-84,-349
-3320,-13824,7768,-217,-45,-449
-3268,-13864,7888,-97,-27,-369
-3432,-13984,8032,25,-159,-373
-3588,-14232,7768,980,208,-218
-2984,-13252,8176,1774,-177,-992
-3148,-13448,8500,-373,-98,-395
-3152,-13868,8136,-587,-535,-921
-3080,-13548,8224,605,-802,-955
-3004,-13772,8232,-125,-619,-997
-2788,-13648,7948,-53,-1277,-2579
-3116,-13988,8636,424,-655,-1220
-2736,-13940,8260,393,-347,-1415
-3248,-14396,6192,3410,1227,-3682
-1696,-14012,7704,5001,1117,-4604
-5864,-8760,13836,-7751,1686,1902
-2164,-14324,3628,-7954,3770,188
-2404,-17124,6716,-3955,3095,-1487
-3824,-14676,7276,-5090,1081,-659
-2416,-15136,5396,-5940,1028,-78
-2416,-10464,5868,-4687,-1952,-1588
-1344,-19192,11912,359,192,-1999
616,-14248,10620,-1656,-821,-1993
-1060,-12756,3524,-1889,1120,-302
-332,-15156,7996,3285,699,1564
3440,-11276,-1004,-8545,-3024,-125
912,-16496,6884,-8516,1904,-883
-2816,-15084,6900,-5337,2788,1792
-316,-16048,5524,-3475,2684,-28
-1804,-14916,6160,-2157,2135,-960
-2068,-16444,6684,-1906,1561,-2656
-2812,-14856,5364,-676,3041,-1998
-7340,-14212,3492,43,1145,405
-10720,-13228,5544,-327,634,1289
-9088,-13952,4072,600,272,779
-3684,-15320,5704,-584,-455,-3924
-3224,-14804,6796,-8575,-753,-3701
-8296,-28068,22476,4989,-8691,6712
-1808,-12812,3248,-66,-5369,-536
-2848,-13972,5892,1289,-4453,-1189
-760,-15928,6172,6604,-4033,-239
152,-14348,4324,10873,-3214,-2192
-1776,-14036,3944,6599,224,-1869
-864,-13924,4392,675,648,176
-996,-14088,3988,-3720,-105,1450
-1572,-15108,3788,-3241,933,1908
-2380,-15280,4504,-3520,1023,2079
-2544,-22224,8752,6257,3576,1594
-2920,-16964,5032,16198,269,-2558
-3632,2584,-1968,-12742,700,-9035
-2260,-10968,5488,-3340,3307,-3785
-4004,-12752,6048,-3995,2474,-2319
-2640,-15260,7032,-1601,766,-809
-2988,-13548,7952,-895,841,-1756
-528,-18084,6104,2816,1410,-647
-2524,-12268,7136,-2120,527,-1040
-2696,-12468,6852,-4453,521,-78
-2508,-16416,6052,-4628,1411,368
-2444,-12604,9000,-1520,-782,-1368
-1436,-15492,6888,-4538,3187,-434
-1544,-13596,5304,-4436,1870,-846
-2456,-15984,6504,661,1716,-618
-2384,-8296,5708,1462,-3,-1940
-1176,-13176,9588,7772,-64,-1592
-1692,-13732,7972,1408,541,252
-2244,-14156,7744,-2123,279,790
-2088,-14380,7172,-3415,144,-23
-2104,-14596,7168,-3873,-40,-756
-2024,-14772,6728,-3003,-180,-473
-2008,-14920,6608,-1166,-102,-346
-1704,-14676,6708,201,27,-184
-1928,-14992,6488,1889,-52,313
-2060,-14636,6784,3000,287,222
-2048,-14420,6868,2845,49,279
-2128,-14188,7536,1430,203,160
-1872,-14260,7596,370,65,139
-2320,-14112,7648,-693,22,-110
-2044,-14248,7456,-1132,244,-71
-2252,-14404,7468,-415,-80,-521
-2160,-14552,7380,13,39,-381
