1924,-7620,14188,-299,186,-286
1816,-7740,14008,-259,155,-226
1836,-7548,13676,-312,288,-41
1876,-7452,13788,-333,277,-96
1868,-7644,14080,-201,147,-162
2020,-7624,13988,-231,295,-76
1728,-7576,14128,-341,279,-61
1756,-7456,14124,-460,373,35
2288,-7204,14012,-1751,526,341
2064,-7580,14984,-4226,-427,1393
2660,-7476,15344,-7183,1226,2247
2520,-7524,14748,-9271,1425,2937
4436,-6244,10576,23969,-9157,-6384
1104,-6956,16976,10655,-2361,-2912
1888,-4816,10640,6566,-1643,-1368
1288,-4220,12692,245,-1965,-560
92,-5288,14220,1891,-3801,353
2248,-5828,8360,-2870,-5193,939
3060,-6320,9904,-10697,-3317,3007
4,-9340,15752,-6265,-4396,5425
4540,-8916,2504,-12291,-1554,5822
-3276,-22160,4972,4577,-889,-2228
1724,-9328,11560,-758,-3296,-1490
1124,-9896,12752,-3413,-265,6186
4304,-8324,13936,-2437,-1003,3713
4088,-9204,11764,-1756,672,3268
6360,-8020,13460,-1827,1530,4458
7252,-9340,13028,-2602,1939,5154
4980,-7592,14004,-2221,4795,4538
5328,-8292,13676,-4869,9064,-711
1804,-6252,12616,-5950,8455,-9071
-484,-4540,12080,-4146,6868,-8822
-1140,-6448,13916,-2664,6320,-6635
-2872,-10392,15164,2267,-1011,-8985
-4488,-6852,15252,8338,-14919,170
3352,-10500,2828,19662,-2308,5534
2836,-14196,11480,11076,-2453,408
3608,-12628,12388,-3738,-1251,-7763
3456,-9180,13076,-997,2402,-5261
3300,-10052,6868,-4527,574,1512
1252,-11888,10844,-7780,2132,1666
3084,-10416,12944,-7093,588,-131
2648,-9772,10532,-4820,1349,-1878
3484,-9184,14256,-3806,1020,-394
3804,-7160,12972,-1708,1627,-139
4180,-6968,16760,1708,173,-757
3064,-4264,18172,1921,1046,-443
3760,-6488,14480,2222,1473,305
2132,-8968,13432,-1914,773,503
2020,-9652,13288,-2885,-18,441
1796,-9908,13080,-2536,194,-464
2368,-10080,12372,-1185,-38,-1530
2112,-9744,13036,389,-611,-1758
