448,9912,12232,1418,-3847,560
1140,9252,11784,2398,-1957,-142
-300,11432,13124,2190,526,273
-1544,10336,13348,524,-1871,-272
-2868,6508,12100,5894,-4993,545
1188,10392,10368,11198,-3039,830
2096,9260,7952,11826,973,-513
540,15248,8164,11301,7861,-342
-252,17752,11048,-1259,1066,-925
2200,7600,3688,-15,1908,-964
-828,15500,8164,7570,8396,-3174
460,16572,8824,-871,5927,-1076
-128,12628,6620,1903,2431,326
-2596,11884,5864,2958,4027,-1389
-1684,14432,6600,-1221,5840,-9168
-3800,13452,6840,4980,3399,-3824
-3016,12896,4460,8022,3160,-3081
-2052,16836,8852,-2392,5773,-4092
1172,14900,3024,2142,62,-973
260,16932,5720,8979,3317,-810
-536,15636,4208,8255,-421,1093
-164,16996,4856,7801,-690,4285
4,16060,2312,8372,3651,4070
-2324,16588,2796,6939,4816,5132
-2676,16320,3452,2666,7227,4750
-3480,15168,5968,1033,5216,3961
-6784,14252,7084,-1308,6640,3989
-8808,11576,6256,-3292,3891,6809
-4908,14144,5568,-4779,4937,1800
-4720,16748,5040,-6226,2978,6765
-1844,16152,3380,-5649,4988,9965
-3420,15020,2564,527,7953,3792
-11424,13288,1408,479,7779,-842
-6528,12200,-360,-1459,6737,-8571
-4516,14276,6144,-2865,-1031,-5585
5420,18396,11192,617,-6811,-7784
-836,13880,7764,-1388,-7466,-6047
4684,14452,9508,-78,-5589,-2049
2736,14264,10504,1384,-2640,-1551
-640,14196,10820,-2783,-504,-752
-2096,12744,8696,-3646,-6384,-3402
-2564,15980,10296,-1251,-3527,-1177
-2928,14208,10468,-9540,-11640,-3122
-2952,12280,8716,-9084,-12577,-2541
-112,11296,7416,-2775,-7390,113
-2808,11028,6164,1304,-3834,676
-4704,11228,6500,2739,-2194,-1019
-1644,12580,3328,4278,5000,-5275
-3088,16432,5764,5773,4697,-3006
-3520,13928,3584,2363,-2588,-919
-2928,12940,-984,6994,-2546,-5252
152,32767,22092,-9505,8830,-9583
-120,15392,-3168,-6425,-1550,318
-460,17644,3460,-4224,4595,-925
-1148,18276,6360,1789,4311,-1053
-1244,15488,5728,2113,2351,3192
-2828,13924,6088,4307,3311,2342
-1200,14752,5584,8422,2579,2322
-3080,15572,8132,11502,-34,5558
-2068,11864,4524,11340,540,6174
-5504,13728,8360,8084,1396,2639
-3632,15060,5672,5923,3180,3848
-2480,14940,5464,5447,3608,3255
-4044,13652,5548,3068,2710,1497
-576,17312,3552,-1291,109,905
-1224,15960,2960,-1100,-1979,1440
-500,15660,1580,-8,-907,822
364,14276,2892,-2993,-243,211
-228,16272,1796,-2049,-2321,603
-1024,16736,3680,-1116,-2531,672
416,15632,2608,-4453,-65,-2554
1052,18608,3096,-8685,2038,263
-280,18148,4652,-17422,-1190,-1409
