280,11412,11508,-158,133,199
872,10664,11536,-1250,-579,-112
4,11320,12060,-1329,155,-215
384,10712,11992,-2296,-596,-452
1028,9836,12268,-2137,-349,-636
416,9100,13292,1661,1390,-1191
-1592,10120,14340,1592,-913,-1814
-1740,12184,14656,6424,-1171,217
720,11992,11900,4753,-2524,-6
472,9460,12180,4835,-4561,-865
-648,9468,10928,4907,-5028,-4086
3032,10668,8388,1707,-5602,-5724
1340,9380,7040,8299,437,-3286
4,12436,7048,7675,2016,-4524
44,13124,6668,5567,2666,-5242
2064,16580,7232,7744,5599,-3565
-216,14776,6732,4556,1010,-3783
-2000,10272,3488,6041,-2316,-6548
-972,12244,2340,11497,2179,-9087
8552,18404,-2692,-2254,3472,-6136
-1348,19800,5564,830,6853,-7454
-2020,20996,5556,7051,4473,1730
480,17372,4656,7496,-367,7813
212,14476,2172,6959,3390,6254
-1540,13068,2948,5010,11377,2671
-10812,15048,9968,3442,9325,4707
-5000,14512,6332,-80,6191,6215
-8376,9772,5360,2758,4290,7356
-4876,11764,6312,-3500,2901,3968
-3228,15460,5724,-5515,4272,2238
-4136,17164,6808,-5155,3087,4087
-2172,16412,4168,-5112,3513,7441
-14980,6912,-6844,1247,8143,-236
-2944,16416,480,-443,8810,-8732
1252,29432,11492,-1016,-3508,555
-14660,7968,10032,6189,1476,-13405
656,19968,11276,332,-6273,-6346
7440,17424,6204,-3680,-7491,-1757
-14628,4808,9276,4745,-2355,-9444
5996,20000,9936,1163,-1146,337
-2236,14888,9784,-1259,-1947,-228
-2884,14288,8860,-4989,-9172,-4555
-7180,14208,12060,-5863,-4917,-2075
-2008,12716,10056,-11432,-12321,-1285
2356,12768,6952,-6743,-8320,2222
-2580,9468,6380,-4369,-3982,1654
-1856,11452,6704,-1529,2298,-5379
-2324,14556,7616,-2328,1299,-2357
-2880,9772,3536,3771,1340,-622
-4064,10400,1440,9568,2436,-5998
10916,20528,4176,28109,11556,-3013
-4564,21468,2920,1135,-3233,-734
-3740,18232,3964,3747,6156,5017
212,14872,3184,1785,1979,5166
-348,16740,5188,1289,5537,184
-1644,16512,5680,2130,2758,-624
-5844,14500,7644,1630,1628,-1770
-2228,15928,4652,5212,682,-765
-3768,15136,6712,5013,-1944,-685
-7100,16548,8780,4282,-397,1847
-4360,13764,6676,4819,840,3195
-3192,14792,5360,5395,2976,1579
-3872,14800,5180,4958,2880,3456
-3140,13808,6076,2356,1496,1050
-4164,13064,5984,-1094,159,-588
-2348,16456,4820,747,-1301,1083
-5852,19660,6260,-5491,-4313,-169
1276,13332,-1560,-15427,-12435,-2283
-5264,17036,5564,-27745,-8403,-2304
-1808,8876,4796,-21070,-7133,-1685
