1980,-13424,9104,-496,94,-212
2072,-13256,9260,-514,-35,-221
2340,-13136,8924,-562,-55,-256
2312,-13224,9028,-602,6,-163
2208,-13272,8964,-517,117,-53
2056,-13260,9264,-471,247,-108
2728,-13072,9308,-1012,-67,827
2480,-13056,10028,-3044,493,2152
1488,-13340,10544,-6467,890,1752
2276,-12900,10244,-9254,769,491
8364,11784,19324,22864,-13422,-6950
2952,-12392,11756,8029,-2158,-2001
1408,-11676,10528,1111,596,1076
4040,-11420,11428,5343,-1626,-505
3196,-12580,8944,7675,-4930,233
1184,-11352,9592,1481,33,-422
2444,-11984,8204,-1194,1025,-1011
-3356,-19632,26220,7898,-2427,872
2192,-17368,5972,-980,-4911,1120
-2116,-13460,10008,-2514,-5563,-87
-2492,-13824,9884,-3378,-3137,10252
6996,-13492,7440,40,-2794,6409
4976,-14092,6576,893,-790,-1172
4348,-14492,8764,-1402,3887,-407
5812,-13124,9228,-3667,4852,2006
5436,-12564,9976,-5514,5470,1222
3040,-13004,10304,-7287,5274,-118
2916,-12292,10588,-8852,5084,-2399
448,-12628,11592,-6734,4883,-3378
52,-14864,19932,-3498,2320,-9812
-1888,-15628,7860,-2295,2551,-8058
-7256,-14616,11584,2283,-9,-6443
-588,-13904,9996,2754,-2003,67
392,-14900,9368,8768,-8891,2451
2592,-18280,1812,7834,-5092,33
2784,-14448,6320,1277,-9,-1114
3816,-14804,7300,-3070,1439,-4176
2880,-13868,7776,461,-1914,-3038
828,-12920,7920,3720,-2513,459
2504,-15020,7820,3065,1998,2932
2204,-14752,6332,-3711,1253,4910
1452,-14736,6384,-4301,3363,1260
2392,-13748,9396,-4347,1618,-617
1656,-13172,8944,-1900,1056,-1396
3096,-11668,9388,-1096,959,-795
3524,-11340,10264,-443,347,220
5740,-11016,10656,1979,5,388
2344,-12812,9288,3774,1178,432
2604,-13048,9640,-428,1160,1634
