-24,-10052,12852,2177,555,-34
-948,-9244,11980,1196,-148,167
-680,-9872,13052,147,-1188,641
-1760,-9920,12200,-427,-2456,-91
-2368,-9980,11736,-2268,-2548,292
-2340,-8944,11988,-1458,-2415,2030
1152,-8308,12720,-1906,-2828,2437
3660,-8496,14492,-1885,-3092,2366
3204,-8028,16248,-681,-2971,2394
3520,-8668,13668,418,-3600,5114
-408,-13492,13020,-268,-6649,-3236
48,-12812,13056,-643,-9598,-2629
2288,-9308,11992,-1592,137,1663
5368,-6856,9432,-1267,-3409,-1916
8176,-3484,732,-6951,-1463,-2964
-840,-9664,8976,-19134,9454,-915
2412,-17580,4808,-14837,436,-5767
-3012,-16520,-4608,-28807,10130,-3588
236,-18852,1844,-4494,8438,4396
-2072,-16856,4940,-5031,-1270,7751
-4088,-15840,5492,-6037,-5948,6666
236,-17504,5660,-4970,-2273,4003
5160,-15348,4528,-6781,476,3598
-132,-14696,7676,-7640,-752,763
-292,-12368,10948,-5540,-6174,1134
7884,-12960,9036,-1092,4154,5015
11288,-11768,9240,6245,10474,469
1152,-15352,10988,9211,1617,4427
4340,-17340,6628,4619,5803,9765
9372,-19004,7080,-2994,6884,-6827
6752,-13488,6968,-1761,10402,-24216
1576,-10748,7312,2738,15480,-13902
-1088,-15392,4788,5042,20566,-17967
-8052,-15968,5416,70,15700,-12566
-10668,-16168,9516,-4012,4530,-2917
-9040,-14780,11212,-3013,-5202,5095
-6532,-21400,28308,16774,-13401,2992
-7688,-10972,9868,19629,-8035,8999
1636,-8264,10340,10555,-6621,13571
2156,-9580,9832,8191,-7508,10326
1864,-11008,6976,-771,-3183,4260
3196,-14340,9592,-5455,-2581,3267
3604,-11240,4224,-4907,-1818,-553
-3656,-13812,-14828,81,-7896,-8714
28,-15668,736,-7428,-10,-5365
2768,-19004,3688,-5917,-3747,-2272
3620,-17560,2416,-3845,993,-2060
1244,-17756,5572,-5271,3915,-1935
2792,-16612,4140,-4321,8289,-3833
-728,-13876,9088,-554,8814,-2334
60,-13476,11348,935,12271,-2145
-632,-11876,12128,-2422,7563,-4782
-1208,-11612,15488,-5889,4838,-3878
-36,-11272,19268,-9424,6453,-1792
172,-11608,13996,-6197,4985,759
-4516,-13732,10292,-3911,2235,1088
724,-17736,12108,2509,-3114,-1114
-2680,-17040,13340,10272,-8197,-812
1088,-12560,6924,9462,-8806,2119
-384,-14604,10468,9263,-6974,2996
2124,-11472,6784,8174,-7448,4580
576,-12492,11780,6383,-6242,3601
404,-12580,10480,7996,-7561,3230
2288,-10652,9820,5031,-6537,2857
1860,-12512,9372,7201,-7621,2304
1056,-11548,9424,3346,-4007,-97
