1128,-13028,9748,-361,-103,1
1200,-13072,9664,-390,54,147
640,-13100,9472,-309,220,-248
1032,-13104,9764,-225,94,-476
912,-13044,9580,-37,294,-712
1120,-12956,9860,-70,227,-469
1076,-12880,9760,-150,-49,-151
1164,-12920,9740,-483,125,-25
1136,-12944,9752,-830,253,143
920,-12996,9772,-1221,229,443
956,-13088,9796,-1841,241,451
1036,-13088,9792,-3281,-145,456
852,-13064,11280,-6717,-174,878
1192,-13308,10824,-11506,-1899,1270
804,-14328,7080,-11096,-3122,2103
1576,-24036,17268,18050,-13088,-1933
2292,-10564,7220,13002,-4714,-1218
3548,-9116,6740,9160,-1098,-1077
2464,-12308,12304,12905,-909,-3682
1304,-10268,9176,9773,-1454,-2558
2148,-10592,9948,8554,185,-2129
1536,-10480,11560,5228,-45,-1920
976,-8876,9312,898,1044,838
1340,-9412,5376,-5403,2062,-41
1476,-12048,11156,-10174,3529,566
2804,-18376,2564,4624,-5957,677
1636,-12548,9680,365,166,-4439
-2584,-12028,17156,-2535,-10150,5781
-3232,-12948,12660,-4962,-3002,8631
1164,-12748,10408,-4193,-3176,8564
2340,-11800,10116,-2669,-1713,6052
6824,-10804,11996,-78,-959,2111
8048,-12264,12176,1139,1107,191
6724,-12544,8092,-3665,5362,2338
5696,-13348,10372,-12192,9395,589
4364,-13904,8300,-16995,12095,-5729
-720,-13012,12120,-17774,10804,-9166
-1460,-12200,10916,-10727,7905,-8248
-4420,-13620,9692,65,5419,-5013
-2504,-15028,7544,3113,3270,-4203
-3568,-11804,8648,1157,-4742,-3622
-676,-10892,13492,10087,-13485,-410
1676,-15128,6208,18353,-7231,558
3100,-15324,7188,12098,369,409
1956,-14240,8116,2514,3176,254
1664,-17624,5076,-481,689,-1533
1152,-13108,8600,-385,-1073,-3742
1284,-13992,9480,5194,-451,-3892
992,-17588,5048,-3491,2803,1798
-8,-14244,8544,-9945,2229,3282
1136,-13968,10312,-7083,604,-46
-92,-12640,9604,-5213,260,-681
2168,-11888,11280,-4358,756,-791
1568,-12116,11484,-1716,706,-645
3744,-10140,11580,306,521,-616
4500,-10528,12668,1010,789,-240
5508,-10772,10652,4818,1387,-1211
2320,-12460,10756,1798,1681,444
1756,-12732,10336,-507,817,1448
1180,-13164,9856,-1475,172,1113
1404,-13072,9416,-1451,92,-239
1448,-13136,9444,-871,279,-1143
2172,-12596,9560,-373,198,-912
1996,-12860,9408,-687,829,349
1736,-13252,9580,-116,-358,1042
1520,-12944,9768,123,-556,768
1444,-12800,9876,-334,-17,89
