-2412,-14448,6980,-138,135,96
-2496,-14304,7228,354,203,276
-2416,-14464,7480,383,-66,-75
-2472,-14376,7528,531,74,27
-2520,-14188,7304,179,-50,-254
-2136,-14328,7384,108,-19,-358
-2668,-14168,7532,-317,109,-49
-2480,-14428,7316,-650,-42,-594
-2404,-14276,7220,-53,410,-1163
-2688,-14400,7476,60,192,-1669
-2556,-14456,7552,937,46,-2182
-1748,-14076,7660,2156,-82,-2564
-2140,-14548,7388,2822,476,-2865
-1668,-14804,7596,3706,59,-3892
-1432,-14764,7876,5114,646,-4652
-1828,18592,9212,-14293,-6686,3541
-624,-15512,9924,-7861,3469,400
-1140,-19400,9064,-2079,4601,-1879
-2032,-15904,8352,2461,3199,-2541
-1920,-9684,5352,1483,916,-2029
-2140,-13544,10028,3656,1061,-2357
68,-15060,12696,-781,1224,-1327
716,-6812,6224,-994,1376,-1039
1040,-12484,15996,4275,-638,-2688
-1132,-13464,8684,1448,94,682
-2172,-13816,9540,-877,427,2310
-2012,-13808,7884,-1737,410,1008
-2164,-14036,8216,-1968,-219,-494
-1860,-14088,7932,-1761,-239,-729
-1656,-14016,7944,-1180,174,34
-1284,-14016,7688,-925,442,1163
-1564,-13948,8096,-485,698,2646
-2316,-13892,8612,106,1299,4640
-2344,-13152,8968,-514,-2034,6716
-2480,-14296,8028,-1230,-4965,7803
-14540,-16988,14880,-3540,-4423,-3768
-260,-16184,8228,-3345,3586,-2534
-4312,-12748,7428,-3258,3518,-1661
-3984,-13676,7004,-1340,934,-433
-3852,-11704,4500,-1953,599,-59
-4976,-15364,8488,-818,28,-1923
-6520,-10880,4688,-533,2332,72
-9600,-12112,6552,2106,-576,3421
-4592,-14216,7836,1645,-2157,217
-3304,-14240,7392,-986,513,-2162
-2712,-14152,7312,-3046,1295,-2947
-2624,-14464,7128,-6549,898,-2053
-3080,-14912,7836,-11341,-729,-1726
-3268,-16024,8596,-23441,-8627,-292
-1196,-10260,-532,6332,-9112,-3058
-2500,-13612,6396,985,-5837,-1726
-772,-12452,6352,-1532,-2699,1007
-152,-13616,4620,-87,-2025,-1135
-2640,-14912,4216,-281,-2325,-9
12,-14664,3004,-1693,440,-327
-2036,-14972,3772,-2583,1666,-1956
-2268,-15936,4148,-5293,-747,2841
-1800,-15644,3076,-4371,271,1323
-2968,-18832,6308,3908,638,-843
-1832,-16104,3920,10690,1617,-1954
-6676,8120,-4604,-3555,1044,-6764
-1844,-14128,3932,1300,3666,-1736
-1376,-14056,4892,-2890,4779,-2603
-2536,-15828,8892,965,5894,-3614
-1812,-15800,5736,4799,4611,-2726
-1700,-14172,10224,-285,1670,-1430
-2148,-15512,5912,-2134,1292,1603
-1964,-14412,11964,758,-543,-244
-1168,-13140,6852,2436,821,-815
-300,-13356,8020,-578,1543,-1008
-1816,-12884,6268,-2291,1237,-440
-1980,-16264,7500,-63,465,-11
-2544,-5248,10836,6605,-2732,-461
-1392,-13728,8960,-97,348,570
-1676,-14364,8072,-4285,350,1069
-2068,-14684,7156,-4254,-46,-411
-2024,-14544,6996,-2162,213,-1813
-1840,-14688,7188,-1116,-439,-1163
-1364,-14672,6904,-776,-115,-369
-1716,-14724,6672,1139,134,50
-1512,-14768,6980,1766,141,-29
-1492,-14476,7272,2388,341,245
