-1768,-14308,7196,2026,-55,-1141
-1816,-14472,6996,1618,65,-341
-1968,-14508,7388,1586,84,-563
-2016,-14424,7420,910,148,-803
-1920,-14208,7672,234,46,-1007
-1676,-14184,7780,-720,15,-367
-1796,-14332,7380,-1022,106,-289
-2228,-14772,7364,-719,-191,-1060
-1764,-14456,7264,-546,161,-242
-2012,-14548,7360,-420,111,-345
-1824,-14868,7224,1149,-88,-1300
-2212,-14776,7404,2860,66,-2250
-1856,-14228,7592,4286,-156,-3420
604,-27128,-2848,-5105,4182,1310
-2028,-16992,10404,-3475,260,-1808
-1596,-16204,7816,-1627,2775,-1701
-4176,-9504,2328,-799,4219,-792
-1996,-16896,8632,2890,3359,-2007
-1160,-14060,9816,2127,1581,-1469
-1336,-15252,11528,3191,519,-1984
-768,-20288,9860,903,1517,-290
-1952,-12012,5700,-1437,149,-105
-1660,-17936,8524,-1980,2068,-36
-1188,-11208,8732,-966,-1178,-1039
-1692,-12824,5700,-4064,2196,727
-920,-15780,6324,-4946,3588,1246
-1732,-16948,13296,-3595,7001,701
1044,-13884,7248,43,-197,-2303
-1248,-15124,6628,-1851,-263,1140
-1520,-14552,6636,-1159,-1029,3608
-4304,-15592,8552,-2407,2128,5432
-2364,-15500,5912,-2904,-1282,5837
4628,-18612,2948,-2380,1581,-1039
-1116,-15856,6552,-172,1930,-1434
-3728,-13840,4028,348,1601,627
-340,-16992,7936,140,-273,944
-1740,-16784,7712,-75,360,-132
-2340,-13356,4008,87,408,-584
-2316,-16600,7400,-578,-556,-932
-4524,-15604,6288,-369,1154,-1500
-3592,-13220,4624,-1017,1901,-1452
-3688,-14076,3636,88,1587,-45
-3400,-15160,7548,-844,1612,-1483
-6560,-12732,5728,475,1037,1491
-9024,-9016,548,-56,217,6045
-2996,-15728,5688,-1597,-263,-988
-3308,-15256,6540,-6057,1149,-4003
-6852,-14336,10284,-16515,-8561,-4584
-2520,-14252,6416,3198,-2842,-1048
-1676,-12000,6164,2553,-2487,-1259
-1240,-14012,8004,3353,-3107,145
-572,-14528,6696,6990,-3160,-528
-784,-14536,5928,4642,-3425,-1049
-1592,-13784,5612,3305,-751,-697
176,-11824,3944,-821,-223,-426
-1008,-13680,5396,-3264,197,520
-2436,-15524,4916,-5991,290,2138
-2824,-16848,7536,1644,-61,670
-2408,-16500,6692,13278,-64,-1426
-1976,-22888,8060,5176,1658,-3421
-2676,-13020,6232,-60,4748,-2724
-2936,-16448,7132,2000,5092,-4467
-2960,-14136,5352,-3309,3292,-1064
-2772,-13340,5976,-4117,61,437
-1432,-12432,4328,-1348,130,670
-2380,-11252,7232,3262,411,-425
-2412,-13872,7996,4236,914,-473
-760,-11404,7236,-2935,1035,-497
-1824,-12812,10664,-4240,-39,-366
-1448,-10248,8416,-3091,-227,-348
-1380,-11420,8648,-942,1125,-1113
-868,-12872,7732,3672,1171,-1110
-1628,-13204,8968,-3158,-126,-458
-1884,-13980,8516,-4782,-160,-265
-1796,-14252,7928,-4389,-640,-898
-1220,-14168,7364,-2636,-209,-688
-1392,-14420,7424,-949,132,-583
-1148,-14424,7196,165,111,-77
-1560,-14236,7704,1397,876,1003
-1564,-14100,7680,1650,665,940
-2052,-13996,8124,1701,761,744
-1964,-14032,8108,927,451,420
-2224,-13840,8356,-65,65,-416
