352,14892,6468,-326,48,-160
136,14684,6208,-249,-166,237
440,14572,5776,-26,1147,-312
336,14860,5912,-93,1418,195
-12,15256,6612,425,1540,425
-508,15256,6756,720,392,817
248,15320,7516,1924,-465,492
-2140,17868,10292,2362,-414,1028
-1572,14412,3684,855,-5923,4993
-1500,11208,9812,-3806,-6842,9123
4832,13036,8820,-7262,-3005,1199
3488,11196,8608,-9802,-7993,3801
1908,10752,8816,-12023,-11602,1644
4276,11924,7520,-9052,-6798,-3218
1644,11620,6760,-2346,-3044,-1192
-2592,9448,5348,-3498,-2530,-4114
-248,13724,5784,1638,-6099,-12508
-1468,11160,2156,4173,-8983,-11025
2664,14964,256,6821,3304,-17676
1032,18920,1616,18600,9120,-13694
4192,23844,-1004,-4789,3168,-2482
1852,19372,2808,620,3884,-659
1936,17576,2264,3356,4635,33
2312,17140,2620,2308,5581,1287
1464,15360,3912,2981,8960,2966
-1872,15652,6384,2061,11453,3521
-1816,12612,4208,560,12130,7001
-1952,13264,8764,2155,13786,-50
-7528,15508,10296,2527,6217,7664
-3800,11560,6880,-909,617,8416
-184,12016,3968,-891,4758,784
-4988,14452,7072,-3471,2908,2475
-2288,16668,5304,-4439,2805,8069
-616,14844,2592,-896,4362,9220
-4632,12968,5128,963,3631,2641
-2204,16340,4592,-1531,1467,-10323
-2488,15216,6140,-1152,3103,-2477
684,15600,3512,-2932,-4087,-3832
4232,17588,8688,-2919,-5185,-2560
5532,15540,6156,-4261,-4660,281
5900,16292,9008,-418,-1876,-5721
4112,15836,8964,-113,-2811,466
4464,13612,7568,174,-398,1160
1376,14456,9444,2145,-382,-2364
684,15648,9892,4040,-4248,-2758
820,16424,11808,1599,-12546,-464
2248,17248,10500,-11046,-15454,7775
1104,10884,9088,-16528,-10640,-1545
-224,13152,8996,-8506,-6705,2023
1912,11516,4916,-6824,-5244,-677
600,10700,3728,-967,-468,-2869
-856,13168,5912,5511,-5889,-9937
452,11276,-220,10256,-7365,-11193
820,16280,-2064,20407,3375,-12247
-9580,8688,13636,-12850,-5079,-3149
2096,19760,-768,-4765,8353,-2176
1524,20448,1776,1481,9462,4677
-1460,13328,1452,329,11579,5594
-2448,15556,7360,-1766,10946,169
-1240,15908,8868,-1165,5951,672
-2480,13284,8712,-2525,2010,3994
-1908,12736,9420,-3364,1051,2077
-1408,14348,10280,-1058,-60,2645
-1028,11984,11460,1124,851,821
-1572,11784,10952,513,2126,-3459
-1384,15804,8244,-2205,-1644,-1721
-1392,15368,6984,1274,-3091,232
-640,14948,5756,2869,-610,594
-92,14720,5940,1912,-1225,55
-784,15152,5668,1315,-2880,395
-104,15024,4328,780,-376,356
