-4492,-14024,6500,-208,-438,221
-4760,-13952,6392,-429,-155,129
-4500,-14180,6632,-257,319,56
-4944,-13948,7116,-261,569,172
-4948,-14144,6304,-220,308,-196
-5816,-13968,5616,-560,776,-892
-5444,-14052,4756,-1239,2675,-1662
-6404,-14148,4604,-4256,1291,-217
-6968,-14516,4240,-6894,1156,1378
-5952,-13644,4072,-8945,2719,4569
-4120,-14568,4916,-9312,-326,3998
-632,-15736,8116,-4189,-3552,215
-1728,-16648,6484,-1206,-4276,494
-2608,-16204,4464,-3544,-3122,1856
-1808,-17508,5624,-3444,-2954,-1240
-3156,-16052,5216,1707,-7880,-9457
-4436,-13812,5196,1174,-6869,-12197
-8176,-12844,4956,-536,-2822,-7143
-9192,-14404,5004,456,-308,-3770
-6468,-15532,5404,3026,2295,-2544
-6244,-13412,5540,7804,3881,4216
-3632,-11812,5420,7929,7368,8641
-224,-12484,6444,6619,4005,3954
-1892,-16252,6540,4399,-1667,467
-3592,-18744,4408,2130,-313,639
-1516,-17192,2616,-1806,1624,-1208
-3572,-16220,1684,-7400,-2926,-44
-5728,-16760,2304,-9889,917,1753
-5520,-15512,-64,-16079,2860,-913
-6408,-14956,1304,-20158,3005,998
-1680,-14932,7460,-14807,1766,-189
-1756,-15500,6972,-2191,-2356,-4734
-2764,-16024,5948,3423,-1210,-2910
-3640,-15116,4968,2300,902,-466
-4020,-16108,4032,985,343,903
-3608,-16000,3368,288,1164,2821
-4520,-15596,2196,22,452,1890
-5064,-15460,1980,-327,-10,-440
