-2124,-14380,7420,36,-43,-273
-2088,-14496,7180,290,169,141
-2276,-14248,7432,381,159,167
-1900,-14304,7400,-157,161,113
-2116,-14252,7808,-778,-107,136
-2124,-14384,7416,-743,-10,-298
-2220,-14404,7312,-659,30,-710
-2200,-14424,7292,-613,118,-620
-2072,-14304,7316,-897,87,-360
-2120,-14456,7384,-731,192,17
-2316,-14400,7468,-432,48,18
-2220,-14472,7456,-457,-1,-196
-1992,-14364,7248,-363,92,-264
-2296,-14512,7224,224,47,-1244
-2248,-14656,7020,1531,85,-2367
-2272,-14972,7084,5002,380,-3811
-2424,-14384,7964,6913,714,-4900
-1064,-13644,8128,7768,2125,-5419
-1036,-13656,8412,7388,2352,-3664
-2192,-19284,9900,-5565,413,968
-1596,-11940,4220,-7704,2840,357
-800,-12868,9116,-2257,1528,-2195
-1888,-9264,6480,-2859,2040,-1994
-1484,-17184,12492,1066,1667,-875
-2388,-12000,6012,-2951,1648,467
-2012,-12504,5732,-7445,755,427
-1676,-12956,11152,-4422,3,-689
-1208,-16956,9324,-1988,1345,-757
-1340,-16136,14636,739,-194,-2180
404,-12612,8812,-467,-597,-689
552,-9592,10176,-1743,-1540,-479
116,-14096,7312,393,1235,-610
-928,-14080,7396,-613,124,1256
-1228,-14460,6872,-2032,163,1939
-1620,-14824,7512,-2654,587,2654
-2188,-14276,6996,-3684,716,3307
-2432,-14864,6832,-3717,-1064,5390
-7660,-8100,12884,-4301,8921,4005
-76,-14000,5700,-3084,694,2008
-664,-14852,6880,-1973,779,980
-1760,-14184,4956,-1366,1139,667
-4272,-16076,6896,-1408,97,821
-1900,-16192,7948,-894,716,-917
-1880,-15868,6260,-1419,732,-917
-2692,-16616,7372,-1627,1072,-1435
-4176,-16084,5136,-1029,659,-792
-4644,-15524,6792,-1031,2382,-1412
-3812,-17024,10456,-411,-1675,-601
-8140,-12576,3084,-746,1082,645
-4400,-16480,6888,293,-3051,-1450
-3568,-14676,5900,-1733,-372,-1281
-3060,-14908,6084,-8123,68,-2450
-7020,-16732,12060,-15960,-10109,-4491
-2900,-16156,7496,4710,-3803,-728
-2368,-11328,4800,4086,-2852,-391
88,-14344,7368,3404,-2162,447
624,-14324,6056,4719,-2956,-546
-20,-14428,4028,1191,-1697,485
-2820,-16432,5268,474,-3088,-248
-2044,-15988,4588,99,-1803,-119
-2336,-15708,2428,-1008,1871,-1011
-1620,-14512,3352,-3591,254,1118
-2224,-15380,3356,-6680,586,2225
-2720,-18668,6356,5329,1941,-1227
-1376,-16056,4568,13372,1826,-588
-428,-12916,2292,13064,6140,-2541
-1968,-15792,8224,6949,3708,-1041
-1800,-16372,6196,2715,3841,-2043
-592,-11100,6540,703,2539,-1974
-2336,-12396,8552,690,-97,-2055
-1176,-14232,9036,-1148,1890,-507
-904,-15692,7904,-3614,2127,747
-2460,-13448,9916,-5571,349,-662
-1844,-18460,11684,-5279,1518,-541
-1484,-15336,8184,-6056,883,-504
-2104,-14020,7080,-2224,179,-2005
-1680,-14988,6692,-820,1347,-505
-1776,-13452,7920,-186,987,-719
-1456,-14876,10300,-885,1659,-2427
-2568,-12588,4864,-4919,2100,-1534
-1852,-13568,9800,-59,677,-932
-128,-15432,9504,6248,-728,-709
-1616,-13084,8808,3859,84,-654
-1564,-14284,8032,-3157,61,-357
-1912,-14908,6920,-4913,-155,-294
-1976,-15064,6500,-3349,-343,-899
-1412,-14948,6292,-1859,-457,-470
-1496,-15096,6168,-553,-64,415
-1464,-15096,6312,1012,-151,1304
-1584,-14792,6384,2037,196,1314
-1924,-14652,6872,2065,593,878
-1888,-14596,6988,2178,180,794
-2480,-14540,7100,2105,365,426
-2328,-14204,7484,1930,203,-12
-2212,-14124,7628,1291,111,45
-2012,-14308,7652,960,229,297
