2024,-8108,13772,-638,49,-231
1900,-8060,13812,-460,-134,-277
1996,-8016,13592,-453,220,-171
2184,-8056,13580,-484,376,-182
1924,-8092,13780,-508,15,-234
1896,-8116,13984,-578,-116,-252
1872,-8176,13992,-265,106,-289
1884,-8108,13884,-85,216,-289
1956,-7996,13772,7,260,-272
1952,-8092,13876,-107,316,-96
1916,-8120,13708,-266,445,-10
1996,-8000,13796,-427,547,36
2064,-8032,13952,-958,1226,522
2028,-7756,14124,-2845,2341,1009
1628,-7948,15488,-6065,4279,1150
1228,-7976,17560,-8951,999,737
1292,-11972,16132,-3078,1207,1029
4092,-4020,6508,5701,-218,-1537
1248,-3408,8808,4115,-399,1302
3548,-6080,13540,-658,-1605,-1186
24,-8248,17100,2689,-2406,-1344
1088,-6348,12892,2903,-2137,-880
1356,-6192,11680,-693,-3083,-126
-2764,-6984,21008,5416,-7623,6144
2004,-6052,9116,-5174,60,-449
1128,-5344,2888,-21183,1796,379
-2780,-22080,12652,10147,-12450,490
1036,-9444,12856,-1282,-2630,-2372
-7892,-13272,28332,-1866,-4695,3830
1448,-9892,12880,-3965,-3245,8216
2556,-10656,11668,-2301,-4707,6157
4492,-9468,11936,-1407,-1323,4829
6292,-7932,12928,-850,514,3031
7872,-7384,12156,-1508,5111,4207
5632,-7356,14192,-4039,9828,3582
6448,-10868,13140,-9661,10407,-4653
4460,-8832,12916,-10768,10231,-11725
-2560,-6808,16212,-4195,6794,-8384
-4332,-6760,14024,-1631,3793,-2847
-4896,-9372,14360,3934,-3583,-4593
-3028,-7744,14528,9658,-6231,-2099
-1856,-9684,13276,16229,-11497,5961
1772,-12324,12536,8678,-3665,5716
3992,-13508,11680,-498,-717,-216
1924,-9652,12744,-3167,-521,-2673
2252,-9108,12132,-1625,-45,-2389
-424,-11048,11764,-3652,1012,2435
132,-13032,11308,-7476,304,3072
1192,-10664,12296,-6452,19,916
1868,-9904,11928,-1588,666,-1701
2212,-7488,12728,290,-392,-1987
4368,-6416,16700,964,268,-801
2924,-5204,15152,2317,908,-279
4432,-4968,14284,2382,1882,54
2124,-7180,14572,871,2148,948
1640,-8644,13828,-3558,1131,575
1428,-9460,13016,-3695,123,-681
880,-9828,13312,-2145,-234,-2708
2148,-9972,12548,-333,-212,-3254
2328,-9444,12856,717,-49,-1884
2612,-9032,13024,1393,957,-406
