4364,10476,11432,-653,-1249,-426
4948,10544,10748,-504,-329,-246
4292,10228,11264,-173,92,-308
4276,11316,11172,-261,403,-265
4992,10460,11060,-577,-297,-206
4276,10896,11564,-410,1134,186
3912,11588,12496,-3283,-303,-129
6132,7728,11652,-1969,-876,-1130
6304,7544,12572,5577,2867,-1987
6056,8940,12176,3618,4817,-5470
928,10780,12924,3452,3684,-6380
2296,10608,11760,1287,243,-4983
3316,11340,11168,5214,3735,-3147
88,13728,12976,3132,468,-5906
4236,11140,9616,223,-611,-7233
724,10604,9416,5908,2486,-5585
668,11952,9252,3844,-400,-6641
1800,11736,8216,5054,596,-5515
2796,10476,5976,8796,2386,-3443
-3180,13840,7968,7257,1498,-9402
-164,10164,3008,5984,4252,-16107
-1240,11016,-40,19221,8135,-14067
-6072,30596,8268,4401,4419,-5034
-1120,13260,1924,954,4693,-6404
-280,18672,4428,2349,4789,-1172
-892,16888,4820,3026,-1966,3083
-2368,13864,3316,3244,-873,2002
-1824,15852,3684,2305,6552,4118
-5564,12536,5680,-1541,9562,4335
-5976,14004,7716,60,8980,3824
-5212,14472,8680,2312,5086,4644
-4492,13608,7896,1134,1654,4566
-5592,12072,7244,-658,-221,3970
-4980,15772,6784,498,2181,3477
-4576,13468,5636,179,2070,3691
-6496,15096,4800,-1847,2682,3405
-4108,16216,3680,-3142,2917,10198
-4880,14840,3816,-2717,3918,10439
-3096,14600,1040,-135,2595,-769
736,16440,2984,-1089,1946,-4495
2104,18056,6108,-2060,1223,-697
8148,18092,5948,-2628,-2862,-2203
-4012,15284,10820,-1273,-1512,-4804
1052,14944,10936,-1028,-2685,-3095
-964,12988,7676,1632,-4067,-6792
5832,17568,9852,-534,-2801,-171
2924,12072,6948,181,-4905,-1371
7380,16428,4304,695,417,871
-2700,16256,11732,2662,-9531,-5149
5472,18508,9084,-5552,-7456,-870
888,12860,7468,-9265,-8710,-1247
1996,13000,8564,-7608,-7560,-1357
-1204,13820,9892,-9129,-6523,-2612
-2728,9060,7588,-8778,-4949,-998
-2368,8400,5192,275,194,-3796
-2708,13848,6240,941,2986,-6088
-3556,14016,5604,1013,2564,-3210
-1708,11460,1412,9464,2037,-5551
4764,11980,-4148,28557,8376,-7651
-10056,14000,8568,3759,-36,-3560
-1664,19392,2480,4291,5240,-1406
-1076,16944,1084,5969,2565,854
-2300,17304,1180,6706,4137,2332
-1084,15360,228,3309,2627,5131
-2092,17076,3208,1102,-947,2719
-1840,13888,4312,5852,1311,-28
-416,14288,3328,4917,-1598,-808
-3952,15008,5224,3029,-2656,-2359
-3112,15328,3516,4543,-1900,149
-4004,15320,5256,4099,674,1036
-5092,14716,4420,2922,2119,1511
-5028,15720,4072,2568,3685,3810
-4556,16352,4468,2827,2224,5134
-2416,15120,3124,2470,810,5189
-1880,15228,2212,2585,222,3428
-1544,16256,2472,753,671,2921
-3948,19392,3508,-124,-1504,5593
-3344,15132,1700,-6656,-4071,5932
-1296,16088,3520,-12587,2299,3427
