-2588,-14144,7536,392,184,582
-2780,-14204,7644,254,-45,-412
-2456,-14056,7520,401,-35,-796
-2456,-14132,7948,-54,3,-623
-2504,-14084,7732,-601,65,-328
-2368,-14116,7784,-503,50,-135
-2684,-14240,7700,39,-95,-442
-2408,-14276,7304,1083,-62,-1092
-2396,-14496,7692,2825,-10,-1716
-2852,-14148,8076,4819,224,-3177
-3072,-13992,8584,6323,-244,-4938
-1408,-13420,8704,7558,-252,-5593
-5884,-15940,12948,-8926,143,-203
-2588,-13336,6416,-13506,3110,-1140
-5068,-11368,5476,-9801,1977,-1430
-2056,-15564,6696,-1080,938,-1123
-2244,-11524,5340,-2683,-521,749
-48,-14500,8240,2631,7164,-2844
-208,-10648,3960,4597,4712,130
-276,-12024,9316,5658,-222,663
40,-14388,8084,-470,2713,6232
-1836,-14404,7008,-4855,-1113,7356
3728,-16204,5968,-7984,2387,-1719
1028,-16164,9772,-6997,-1738,-450
-928,-14840,6908,-5408,-1414,-1794
-140,-11424,52,-2016,4208,143
-6112,-15024,4904,1116,1807,832
-10656,-15352,9676,1421,2901,438
-6728,-16560,7724,1783,636,-158
-4324,-14612,7544,-828,1111,-1735
-3120,-14244,8052,-10487,875,-3348
-7804,-18836,11200,-21771,-13106,-4596
-748,-15552,8204,7207,-3780,307
-816,-9996,3580,3495,-3956,-1194
-968,-12152,4932,564,-1972,2188
-516,-12352,2276,-3830,-1825,1975
-1920,-15900,4516,-3667,296,3
-3536,-18180,5404,-1107,1263,-714
-3648,-16380,4056,-5453,1065,1010
-2380,-17756,4080,-3682,426,46
-1872,-16432,4020,4813,-241,-1162
-1768,-16268,3984,13020,758,-3422
-2068,-13516,4524,16027,2315,-3861
-808,-18708,5356,1145,5266,-664
-2800,-16240,6188,-4605,6404,-2422
-3236,-15740,4152,-2822,2399,-140
-2592,-17004,11640,9162,1937,-437
-1688,-11616,4924,5448,1186,-296
-1076,-14412,7316,738,1276,-52
-696,-13716,8104,-1457,328,-976
-248,-14028,9120,-940,-488,-1357
-2040,-10800,9656,-4689,177,-1829
-1732,-12060,11656,-258,-83,-640
-1544,-13328,7216,2204,810,-164
-1700,-13972,8308,-2695,381,-19
-1804,-14516,7496,-4396,17,-464
-1948,-14516,7144,-3857,-223,-1199
-1684,-14524,6720,-1986,-307,-1083
-1752,-14908,6204,-471,148,-239
-1892,-14972,6444,1471,428,274
-1664,-14748,6680,2585,252,309
-1692,-14452,7468,3457,374,415
-1516,-14340,7448,3612,482,739
-2204,-14124,7932,3486,447,26
-1796,-13864,7724,2270,457,220
