-2140,-14636,6764,-1284,133,78
-2144,-14680,6664,-1070,-10,-541
-2188,-14840,6612,-204,122,-761
-2260,-14512,6744,122,32,-980
-2180,-14656,7112,471,-277,-1601
-1756,-14492,6896,317,39,-931
-1888,-14356,7024,-71,108,-785
-1592,-14452,6960,-485,20,-145
-1960,-14580,7080,-1125,-34,-235
-1804,-14648,6932,-1293,-12,-551
-1992,-14780,6788,-874,-76,-590
-2040,-14928,6652,26,-157,-1960
-724,-15032,5960,2184,-433,-3280
-1804,-15372,6696,5184,-230,-3888
-1436,-14596,7632,6130,-286,-3628
4800,-32768,32767,8981,15516,4571
-1012,-19324,5892,-5979,3339,1822
-1728,-13708,5572,-3675,2460,-754
-1344,-15316,10016,-920,2977,-2176
-1528,-9964,1068,473,1890,-3467
-2716,-13236,5292,116,5363,-1290
-424,-11476,7404,-378,319,-1351
-576,-17180,8360,-579,-141,363
704,-13368,9292,-1663,-1875,-852
764,-16928,9832,-911,1999,-583
1568,-14864,6564,-573,3286,-1457
1940,-14196,5816,1443,1829,-3302
-448,-14692,6792,-1261,-13,700
-1080,-14836,6684,-1879,-683,2350
-980,-14364,6688,-2229,-395,3939
-712,-14960,6476,-2408,1354,4737
-3032,-15748,5688,-2105,-1883,5085
-1448,-14848,5800,-914,-1196,4529
-8300,-14056,8420,-2710,-5868,132
2596,-18096,7032,-1092,101,-2572
-2428,-13400,4364,-44,3462,-1013
-2676,-14132,4416,95,1826,572
-1668,-15848,6304,-381,66,-1367
-1020,-17024,8380,-2100,1556,-1035
-2000,-15572,5864,-1129,1735,-1439
-3536,-13612,5516,-181,2898,-660
-5500,-14344,4764,375,1137,29
-3656,-11828,4324,803,1047,-348
-10044,-12352,5920,-903,1831,2180
-2408,-15116,5376,1618,963,-1095
-2428,-14616,7456,-2528,913,-3930
-2804,-15976,7396,-13459,949,-3398
-3508,-17276,8424,-17618,-10971,3020
-1012,-13440,5024,737,-1599,95
-224,-12564,5784,-1190,-4825,-1289
-336,-13296,5300,650,-2449,1576
368,-15532,4692,3616,-385,-1150
-60,-16248,4348,3767,667,-1948
-3392,-16332,6364,-733,-589,-780
-732,-16216,4296,-890,310,-23
-624,-13896,3400,-2956,267,362
-2532,-21168,7248,-7618,2697,5399
-2624,-17084,4748,1186,27,2378
-2516,-17292,4236,11663,261,-2009
-1616,-14772,5656,15287,2981,-5107
-2620,-8644,1656,2944,2866,-2396
-1344,-14564,5688,-2468,2099,-283
-2220,-15024,7052,-2042,3879,-1998
-964,-15008,6432,5220,5135,-2973
-1192,-13632,9876,1949,4478,-1449
-2064,-14772,5320,-109,2679,-310
-1816,-17556,7600,-4125,1005,-586
-792,-13736,8780,-4918,-318,-699
-1868,-15660,9388,-3149,-613,-488
-1308,-17692,9776,-5185,1620,1064
-536,-14292,7992,103,1368,-235
-280,-16356,11488,5853,1920,-620
-828,-15688,11736,7476,1278,-412
-1548,-12820,8496,6056,728,-595
-1664,-13856,8320,158,428,-259
-1484,-14080,8084,-1969,270,-137
-1880,-14352,7456,-2645,-23,-571
-1472,-14620,7220,-2475,-216,-747
-1432,-14592,7480,-2306,-435,-365
-1052,-14624,6756,-1176,-188,-7
-1172,-14792,6660,454,225,571
-1472,-14572,7236,1609,529,978
-1572,-14456,7316,1661,370,720
-1792,-14292,7700,957,455,417
-1844,-14464,7308,774,484,663
-1644,-14160,7732,443,198,237
-1724,-14152,7764,-251,168,-272
-1636,-14348,7772,-709,-105,-809
-1512,-14284,7628,-595,-82,-895
