-2400,-10980,11984,-212,2984,-555
-1620,-11436,12484,-796,4242,68
-1600,-10720,12272,-1191,3774,-282
-600,-9532,12912,-1261,1557,528
-464,-9828,13220,-118,-710,-84
-956,-10232,13788,743,-2873,-318
-1328,-9892,12444,534,-3771,-811
-1840,-9968,12936,1459,-2406,-1136
-2272,-8956,12412,1304,-2213,-1886
-1884,-8624,10388,802,-1323,-1147
-1612,-9728,9356,915,2107,-840
-12076,-19968,32767,10416,1087,3285
-8932,-13216,11304,-7211,2634,4314
-68,-14856,10712,-15747,-1462,11592
268,-13352,10604,-19954,3155,10076
3228,-11308,15836,-14955,-3113,-1111
4320,-9432,16964,-4665,-4023,-11348
-104,-8500,13440,6941,-15268,-14467
-7432,-10348,10660,12344,5856,-12269
-6516,-13104,9520,13836,-10376,5067
-3120,-16112,8744,6396,-743,5222
4836,-17348,5968,-5089,7465,-5016
-880,-15460,8108,-15753,3604,-342
456,-15664,6796,-18137,-316,2935
2504,-13588,11136,-16113,87,4134
-1956,-6788,18756,-8734,10979,1880
-1496,-11548,11708,5365,-5307,3150
-3096,-12564,18636,13967,-960,237
-4812,-16172,13180,18178,-5611,1712
-1808,-15300,5508,8253,7944,-3528
-3308,-12024,8092,1326,4324,454
524,-10124,6088,1671,3976,951
-436,-11288,8488,417,-440,-180
796,-11608,9860,63,1507,61
76,-11492,10784,687,2093,-594
