-3080,-13440,8676,-520,47,-287
-2960,-13300,8620,-313,65,-191
-3076,-13280,8712,-78,54,-233
-3088,-13368,8524,395,187,-306
-2920,-13124,8812,-79,-124,-386
-3068,-13348,8856,-243,2,-306
-3040,-13296,8588,-451,-9,-339
-2964,-13320,8696,-455,93,-158
-3120,-13396,8744,-313,116,-226
-3072,-13192,8784,-304,80,-204
-3204,-13352,8912,-414,37,-236
-3088,-13364,8856,-443,-141,-448
-2852,-13316,8692,-62,217,-8
-2984,-13172,8748,82,-9,-336
-3212,-12936,9456,-64,146,-155
-3080,-13168,8896,-453,129,-149
-2976,-13452,8908,-843,-90,-144
-3064,-13528,8792,-827,24,-465
-2872,-13064,8824,-1446,-15,-515
-3056,-13252,8764,-2088,153,-345
-3460,-13940,8488,-1744,-103,-1445
-2700,-13764,8532,-1361,-894,-2190
-2336,-12760,7388,101,-628,-1517
-3248,-13540,9300,1722,-130,-2917
-2844,-14412,8080,3564,-429,-3735
-2240,-13468,9484,4513,-553,-3560
-1076,-13440,8552,5796,506,-3734
-2808,-31616,32767,8143,-3760,-16503
-1920,-16680,14696,-5469,911,-1759
-1780,-13128,6800,-1050,3190,-2173
-1492,-20552,9764,1749,1749,-2012
-2884,-13384,10028,-2764,1271,-598
-2052,-16004,6832,-4348,1465,340
-2412,-16216,5836,-5056,1782,958
-1444,-14268,7444,-4964,1993,1562
-1368,-13544,7560,-1289,515,899
-2460,-13640,6260,2091,1388,-934
-1196,-17376,9964,3791,2899,-2575
-1104,-19288,2048,-1223,4836,512
-196,-17392,13580,234,-2563,-1702
-1440,-13216,7772,390,-577,-395
-1888,-14048,7924,-1987,499,2005
-1952,-14372,7532,-3308,1294,2480
-2456,-14124,7128,-4313,1329,1865
-2596,-14016,7000,-4976,1890,1957
-2736,-14572,6688,-4885,1714,2193
-2704,-14416,6212,-4532,3077,3720
-3604,-15696,5892,-3183,2456,3926
1796,-19692,4100,-659,2485,-304
-2772,-15828,6940,31,645,-349
-3116,-15464,7372,855,831,-730
-3036,-14864,4952,-8,524,-1036
-3164,-15288,6128,-143,652,-494
-4408,-14652,5892,-160,755,-139
-2196,-15376,4796,-993,775,-1748
-2520,-15632,7000,-995,-17,-2066
-2836,-15260,6412,-1189,-293,-1459
-4376,-14368,7248,-887,1204,-370
-5284,-13920,6276,1274,1467,533
-9068,-11732,4416,1509,627,1492
-4076,-14680,6484,1261,-27,-967
-3884,-14292,7644,-6027,392,-3255
-7132,-13180,9540,-23801,-3301,-3728
1656,-14932,-1020,13541,-8888,-435
-2408,-13704,7080,6148,-4524,-164
936,-11616,4216,4411,-968,414
-1964,-14800,5184,1578,1051,-194
-2264,-16184,5672,5039,-543,-448
-3540,-14492,1856,289,-74,-723
-3784,-14224,1952,-5586,264,525
-2624,-18936,4336,-7056,-244,-1216
-3188,-16332,4392,4486,-1551,-1619
-2340,-15516,5232,12788,737,-2566
-1688,-14636,6200,16707,3104,-3328
-1856,-13792,7936,5114,4247,-2019
-2740,-14824,9996,3404,2628,-1832
-3080,-13328,6892,-1833,1907,-792
-3184,-13936,7320,-1251,1371,-1286
-3056,-14940,7916,-3458,768,-730
-2620,-13264,9516,-1990,-290,-536
-3192,-13224,6576,-3197,-404,-991
-2856,-12980,9076,-3326,60,-1615
-2148,-13944,8532,-5424,1764,-700
-2512,-13604,7136,-4913,1119,-460
-2384,-14768,8652,-399,409,-1718
-1880,-14632,8756,1154,546,-1372
-1920,-14720,5808,173,603,-593
-2452,-15468,9056,907,-64,-1297
-3276,-8940,14516,7598,-1172,-257
-2256,-13700,8104,3490,373,486
-2320,-13944,8100,-506,442,788
-2572,-14236,7564,-1334,96,-7
-2840,-14172,7604,-761,-180,-931
-2616,-14084,7456,-458,208,-65
-2724,-14176,7360,-228,370,514
-2668,-14264,7440,136,111,135
-2496,-14196,7652,419,16,-175
-2724,-13948,7800,930,-272,-318
-2656,-13980,7780,498,-47,-196
