1324,-7684,14136,-501,178,-123
1420,-7836,14264,-508,129,-201
1472,-7800,14128,-533,-102,-266
1580,-7764,14092,-527,187,-82
1268,-7712,14028,-466,81,-156
1392,-7744,13936,-517,46,-128
1452,-7776,13864,-655,299,77
1256,-7844,13916,-654,251,21
1248,-7952,14016,-462,-19,18
808,-8300,14168,-220,-379,-282
732,-8172,14580,107,-2251,-1002
1828,-7932,13784,-124,-2928,525
-7592,-19668,30496,-1130,2143,3003
252,-9908,10424,-1518,-1809,5860
636,-8568,10832,-1970,-2128,7023
4188,-9676,13204,-894,-2295,5476
6112,-7956,14904,-1740,-1037,4035
6792,-7480,13964,-2395,5151,5450
5168,-10152,13416,-5612,8168,3713
6204,-10516,14332,-8598,5669,-3564
152,-8412,14484,-7582,4373,-9912
-4988,-3248,12540,-5209,5273,-6925
-1756,-9080,15900,-1641,369,-6066
-5744,-9852,14180,555,-5622,-6813
-2888,-6732,15076,3226,-8300,-2422
-452,-9372,11068,10246,-7459,3353
1796,-15076,12664,7635,-6329,984
7884,-13404,10668,-2802,1095,-3835
4020,-9264,12084,-4950,-173,-5625
3540,-10980,11524,-308,-504,-3340
-6740,-18892,13488,229,3037,2538
1648,-14328,10480,-5101,2430,5337
1704,-12492,10608,-5733,912,3518
2828,-10620,12820,-2407,-150,236
1672,-9052,13032,-219,435,-2577
4700,-9700,17340,517,-1488,-2283
4156,-9088,16700,-140,-351,-2004
4892,-7324,15168,567,1529,-1769
3240,-8856,13972,-377,454,-1138
2328,-9576,13308,-3557,768,-28
2644,-10040,12520,-3777,488,-497
2508,-10508,11524,-1929,1867,-2102
2420,-10512,11944,380,255,-2836
3472,-9792,11944,1727,428,-1257
2912,-9408,12768,2135,1031,-4
2816,-9496,12572,1336,1019,843
2856,-9332,12480,627,977,1408
2068,-9708,12932,366,872,1332
2376,-9360,12632,86,359,1127
2272,-9660,13132,-232,430,547
2128,-9512,12732,-252,293,97
1988,-9640,12944,-112,34,-379
2380,-9476,12844,-123,-80,-634
2304,-9480,12856,-74,-79,-766
2352,-9384,12956,-166,193,-656
2404,-9532,12964,-389,188,-334
2416,-9420,12868,-369,231,-148
2340,-9444,13036,-432,144,-16
2172,-9372,12772,-621,210,138
2184,-9644,12716,-652,306,168
2272,-9468,12872,-521,336,71
2056,-9628,12844,-152,-18,-86
2240,-9408,12904,-57,172,6
2116,-9528,13100,-225,281,54
