-3744,-14172,7104,29,100,24
-3752,-14172,7108,-395,-27,-366
-3576,-14244,7228,-729,22,-448
-3604,-14364,6996,-659,1,-298
-3484,-14244,6860,-355,-236,-711
-3396,-14300,6944,-436,210,-115
-3476,-14240,6936,-553,274,85
-3652,-14132,6992,-896,98,-46
-3688,-14224,6904,-1058,49,169
-3720,-14364,6912,-753,176,-102
-3508,-14384,6972,-469,-101,-720
-3520,-14456,6752,198,-193,-896
-4192,-14944,6780,1340,-938,-2494
-4472,-14860,6776,3545,-4121,-5426
16468,-32768,-1516,-919,32767,22885
-4756,-13628,556,-4901,4629,-665
-5004,-12828,356,-3508,5631,-1655
-3692,-15680,8944,1499,-57,-3868
-1632,-16896,10772,880,1434,-1691
-952,-11612,7664,448,-1460,93
936,-18864,14260,3265,-3685,-1927
-84,-9076,6792,6375,-2038,-1642
564,-11916,8244,5923,1339,4379
-2964,-13340,9892,-1279,6432,9760
3016,-17828,2784,-10110,7689,1721
-1684,-15512,8124,-5814,3196,-2774
-3876,-14320,9220,-4339,4698,-1394
-2448,-14748,6032,-324,1168,-1645
-5128,-15232,5564,53,2343,-2802
-7972,-15780,9676,-350,2444,-926
-12440,-12244,4652,652,-2167,1480
-3384,-15080,4960,2566,-2454,-331
-3868,-14380,6936,-5138,2256,-3859
-6348,-15572,10272,-17415,3884,-4082
4040,-13880,-2820,11130,-17246,-3524
-1012,-10152,6368,7144,-13438,-1213
580,-10640,4920,2567,-4865,406
-2752,-13988,4768,-1593,717,-536
-2612,-16332,6364,-84,-587,-808
-852,-15564,4400,-82,1375,-1696
-1404,-14472,3976,-2594,13,-483
-1604,-15712,3512,-4329,1906,1623
-5168,-17424,8260,2149,1853,1725
-2932,-17196,5128,14798,396,-1501
-4400,-11496,4872,-992,4229,-3374
-5360,-12472,2764,-5223,5157,-2758
-3860,-17376,5304,-4169,11934,-2533
-3580,-16484,10168,-6400,8598,-1069
-2164,-14336,6388,-890,577,-790
732,-18124,5168,1162,2252,-198
-2216,-17980,9728,3408,-519,-1083
-4024,-10504,10032,-2543,1897,-1728
-2296,-18512,13568,6527,-2829,-2012
-3204,-5208,4068,153,-4085,-2177
-3432,-17136,10048,3251,-3566,-1396
-2132,-13436,7828,-1983,1271,43
-2504,-14552,7316,-4209,2047,953
-2624,-14732,6880,-3072,741,-249
-2648,-14884,6804,-2422,796,-418
-2888,-14848,6512,-1589,216,-583
-2424,-14784,6400,-697,-106,-488
-2340,-14676,6512,-2,181,299
