2848,-10348,12416,-907,-236,-255
2716,-10456,12424,-809,150,150
2748,-10172,11724,-463,172,187
2616,-10208,12148,7,264,80
2588,-10416,12280,106,400,-86
2448,-10268,12252,88,344,-93
2472,-10140,12336,-123,139,-154
2784,-10248,12264,-188,241,-156
2492,-10220,12628,-185,440,-168
2484,-10152,12464,-312,47,-210
2448,-10104,12220,-309,195,-148
2532,-10120,12316,-210,166,-214
2540,-9984,12484,-237,155,-237
2580,-9960,12508,-426,-12,-114
2512,-10240,12412,-259,288,-94
2460,-10128,12300,-373,304,-236
2168,-10164,12600,-326,88,-325
2508,-10060,12320,-636,36,-96
2576,-10176,12260,-787,31,-237
2532,-10272,12104,-585,181,-354
2516,-10220,12180,-389,165,-349
2500,-10064,12216,-375,40,-207
2532,-10108,12228,-385,-31,156
2304,-10196,12520,-419,34,41
2316,-10308,12592,-316,-687,-377
1804,-10376,12884,-506,-1588,-793
2324,-10648,12300,-130,-2409,-1035
2280,-10604,12292,-175,-3656,-1098
-932,-6892,32767,-1963,-11336,-1358
-364,-10420,7380,-2106,-2816,2174
156,-12748,15528,143,-4479,-1718
2112,-10520,12904,181,-1774,1435
6140,-10948,14636,1224,-1472,3090
10012,-8068,6604,2150,508,1490
9712,-6856,12356,1707,2406,3909
6660,-8860,12492,350,10625,11142
1468,-13616,15304,-7613,11862,8581
3352,-12796,12408,-10205,5889,-6556
2460,-10728,11424,-8919,5656,-10614
-1356,-9888,12220,-2947,6545,-6636
-3536,-10908,12324,-1241,1588,-3952
-5172,-10304,10852,-1118,-3830,-591
-2416,-9396,14736,-623,-11359,-6334
3788,-10748,7956,10174,-7001,196
3428,-13196,11204,4963,-2588,1735
2468,-11084,12152,-700,-247,1993
1836,-11532,10712,305,-25,1128
3108,-14104,10452,-2197,-1355,-1138
3052,-12008,10188,-1824,-725,-2642
2964,-11760,10044,2859,-1304,-2144
3456,-12116,10316,6242,-599,-1549
344,-15496,9700,-468,3458,2427
2836,-13344,10748,-5987,3875,1385
2068,-11176,10860,-6483,3183,-1097
2204,-11464,10436,-4346,2791,-2396
2844,-11404,11520,-3762,1733,-2493
2900,-9416,13200,-2828,2419,-2864
5636,-8764,12052,2540,1901,-1868
4528,-7380,13904,7281,2369,-988
3152,-10316,13212,1288,2259,628
2792,-10932,12304,-1959,1113,1049
2036,-10992,11656,-3402,88,-125
2528,-11448,11036,-2749,-11,-686
2432,-11904,10820,-1233,575,-654
2496,-11432,10968,51,-196,-617
