2308,-13580,8504,-617,429,-141
2380,-13568,8648,-171,135,-414
2256,-13564,8796,74,-20,-507
2080,-13424,8892,-264,153,-353
2224,-13372,8864,-341,-45,-124
2304,-13476,8716,-394,233,-28
2092,-13584,8772,-319,178,-73
2156,-13568,8816,-326,144,-191
2248,-13520,8648,-197,43,-265
2240,-13484,8808,-292,252,-312
2232,-13480,9000,-487,458,-295
2356,-13648,8888,-611,735,-132
2516,-13560,9052,-810,93,1384
2028,-13432,9484,-2800,935,2646
2684,-13744,10848,-7134,464,2896
1760,-13184,8532,-9590,-634,3162
152,-13308,8492,-16621,-1322,1312
-3752,-17380,12236,-9904,3831,-1212
1396,-12972,6652,-5304,-2056,4900
4336,-13452,4716,3238,-2861,4730
2324,-15704,5876,5909,-1384,-1496
828,-13732,4928,8482,-3398,-777
-192,-13768,4704,1342,-2321,712
804,-14152,4796,-1353,1409,-909
520,-13056,1856,-112,-1473,-1140
-2924,-32768,32767,32767,-8576,-11588
1264,-12556,3740,-1586,2793,85
1540,-16220,6772,2534,-6542,3024
-212,-17440,10112,4875,-4854,5423
3068,-19776,13804,6475,-3892,1833
5112,-21244,2500,-542,-1129,3138
4084,-18980,8620,-3472,651,4074
4612,-13196,4224,-4262,3371,3630
10904,-14812,684,-3372,6534,-1913
5488,-9596,344,-8447,6230,-2743
6800,-20916,11956,-6850,10405,-9504
768,-14616,2884,-9801,8327,-10179
1608,-14584,4780,-12731,11781,-6074
-696,-9496,17644,-843,1335,-5835
-5672,-15732,8044,4437,2869,-95
-3384,-16888,4920,5934,-3772,1157
-232,-12436,7876,15944,-5965,3068
2588,-23184,6096,13953,-6408,38
-152,-13576,6368,5874,537,758
3124,-10664,3864,-2682,8345,-266
536,-15260,7196,2986,598,-2212
-3420,-11392,4440,-4425,836,2295
-3708,-15656,6416,-10157,783,4222
-528,-14256,2552,-12876,2365,5218
5552,-20752,8992,-5274,1244,1509
4508,-16628,7052,-5248,3254,631
-1060,-13332,3516,-8826,2157,3446
8476,-22372,7948,928,936,-1264
4036,-16796,6708,3250,3204,-2967
1500,-14480,5744,405,133,-1844
648,-15668,4504,-1204,-1045,674
428,-15836,4740,-1553,-1,995
-264,-16080,4968,-1523,479,109
220,-15872,4516,-1564,752,-636
660,-15900,4236,-811,-178,-877
