-1720,-14604,7048,557,148,-133
-1640,-14484,7324,536,81,-155
-1764,-14416,7276,-174,211,-338
-1732,-14364,7376,-363,148,-330
-1724,-14376,7284,24,121,-508
-1584,-14380,7320,138,150,-562
-1816,-14464,7300,543,30,-405
-1728,-14492,7648,418,3,-167
-1760,-14448,7536,394,123,-147
-1688,-14340,7536,648,126,-352
-1540,-14428,7520,1363,120,-1163
-1620,-14620,7468,2318,338,-1622
-1432,-14940,7480,3845,749,-2466
-1616,-13920,8292,5335,544,-4136
-1028,-13424,7948,6434,1149,-4406
-2984,-16164,11160,-5942,1794,556
-2152,-11508,3804,-7187,2656,-42
-2168,-17184,7332,-1628,5793,-1587
-2984,-16968,7760,-3647,4849,-1439
-3320,-8908,-772,-5466,3093,-769
-3600,-12472,6252,-7785,3885,-728
-3380,-12500,7576,-3601,-1716,-562
724,-15552,8384,-2,-1176,-237
1504,-14880,8140,3356,1848,-1976
2600,-15172,12996,6885,1833,-5858
-116,-13584,8048,1543,-252,-559
-356,-13748,7588,-1450,-100,2335
-920,-14300,7220,-1736,-441,3500
-1092,-15596,7140,-1800,23,3199
-1732,-14844,7020,-1351,615,2652
-1180,-13512,7444,-2077,263,3533
-2320,-14784,7716,-2540,-1092,5638
480,-16720,6784,-2499,-1648,4358
-1296,-17844,6732,165,2138,-2443
-1188,-14244,4692,996,679,-856
-3168,-14336,7836,877,27,-500
-2200,-14668,4884,1915,1695,-480
-2056,-15568,8420,-822,2594,-1334
-2180,-15500,6732,-453,999,-2065
-3080,-15300,7536,-978,2653,-3009
-2884,-15656,7428,-1647,1705,-1988
-5328,-15076,8584,-172,2508,-551
-10316,-10600,5976,268,1186,3575
-3672,-14788,6572,1213,-1026,243
-2468,-14204,6648,-1074,1048,-3941
-2604,-14404,7032,-4842,1969,-4276
-2492,-14820,6928,-8169,592,-3726
-1996,-14916,6496,-14186,-2614,-5445
-18168,-30140,32767,15250,-5689,15373
612,-15588,6564,2506,-3278,70
-1852,-14292,5948,3169,-2552,-283
-592,-15324,6356,8046,-2524,-651
-1176,-14356,5908,9609,-1969,-2320
-524,-13904,5220,5249,-760,-2151
-712,-14096,5776,2471,946,-1559
-288,-13792,5240,-920,-1885,-364
-784,-13908,5160,-3454,-1911,2029
-1220,-15216,5520,-3034,490,981
-1668,-14100,3300,-5206,1158,2067
-2384,-18264,5488,245,-245,922
-1872,-15396,5712,8217,486,717
-2284,-15320,6936,10361,1123,-2028
-1268,-14216,5400,9482,2940,-4200
-2596,-13820,8980,-1512,1049,-3951
148,-17960,6252,816,3488,-1041
-2636,-16676,5704,4023,5502,-1777
-2096,-14420,7220,5340,4960,-3666
-1976,-13936,7788,1109,4425,-1418
-1288,-14492,6872,-3301,1938,-1148
-3256,-11700,9668,-2849,-682,-1064
-928,-14940,7928,-392,-662,-808
-1304,-12272,8100,-596,1904,-1115
-2204,-14652,9332,-651,2531,-1024
-2652,-13624,11708,763,835,-589
-116,-7492,10064,4779,-1017,-640
-2684,-6544,11448,7830,-1522,503
-1540,-12092,10508,991,111,-572
-1276,-12536,9916,-4276,-44,-275
-2036,-13284,9280,-6063,-557,-1263
-1736,-13304,7732,-5098,-676,-1457
-1200,-13892,8564,-4341,-789,-764
-1028,-14156,7764,-2202,-199,339
-1136,-14160,8044,-742,390,723
-1108,-14184,7992,617,664,732
-1404,-14076,8268,1886,777,439
-1484,-13720,8340,3071,926,431
-1600,-13576,8448,2793,1405,895
-2064,-13452,8928,1735,765,567
-1840,-13616,9124,937,486,447
