-3064,-13920,7876,233,-38,-336
-3216,-13980,7660,-318,-80,-366
-3080,-13944,7832,-535,154,-306
-3224,-14048,7748,-119,291,13
-3264,-13936,7812,-181,250,-164
-3124,-13840,7732,-288,-34,-254
-3168,-13856,7852,-256,280,39
-3100,-13864,7860,-63,-155,-445
-3016,-13800,7644,-160,-100,-406
-3448,-13852,8056,-569,112,-140
-3000,-13724,7776,-792,-279,-399
-3092,-13780,8004,-672,22,44
-2796,-13748,7720,-1128,319,888
-3648,-14328,7488,521,-1478,-2477
-3012,-13992,7440,1830,-922,-3161
-2560,-14428,6976,3566,207,-3795
-2084,-12048,8496,4526,77,-5252
-2552,-14124,8504,4356,1097,-4814
-316,-15236,8700,-9700,3211,-495
-2900,-17676,11068,-8383,3492,-2484
-3972,-12132,6268,-9827,1648,-1624
-1564,-16612,8688,-7396,-908,-641
-1804,-9076,-32,-7669,-705,431
12,-15336,6500,-1301,-775,-404
1668,-10904,8632,1215,-1061,-1108
-1656,-15008,6644,2590,-450,2015
40,-15236,5620,-1473,-59,3080
708,-15924,5336,-4378,-1586,974
-440,-16204,5540,-3750,42,486
-1600,-16160,6124,-2575,1904,115
-980,-15000,5464,-889,1699,-137
-2424,-14116,6344,-886,1909,-484
-1076,-15464,4856,-227,2440,-380
-864,-15024,4380,454,2769,-1863
-5536,-12644,5296,1316,1948,-978
-6316,-12792,4152,330,1694,624
-7668,-12120,5852,-154,1164,1569
-5156,-15560,6888,734,327,-1509
-3212,-14892,6364,-3719,725,-5032
-3092,-14736,7176,-13273,329,-4213
-18304,-31660,32767,15111,-10302,18009
-260,-15624,3660,4290,-6077,-26
-976,-12868,2844,8228,-4478,-2284
652,-12392,4484,3600,-1248,747
-728,-12100,3172,-3135,1714,672
-2060,-15532,5032,-5570,1261,1587
-2836,-17384,5764,-1727,-515,1585
-2952,-16524,4756,-860,-1073,632
-2920,-15456,3808,-1918,-643,1472
-3420,-21348,8148,-4955,849,654
-2136,-16532,3520,-1419,323,815
-2988,-16252,4204,4927,-478,-779
-2592,-15656,4940,9929,47,-3308
-1976,-15096,5784,13596,2160,-3648
-2000,-14552,7164,13958,3626,-2902
-4520,5684,-9192,-100,3455,3489
-1540,-18840,10412,5320,2779,-3218
-2708,-15468,6456,-844,3091,-348
-2760,-15312,8520,-929,2516,-1318
-2840,-16112,8964,558,2030,-2168
-1444,-14320,11248,198,1226,-1768
-2544,-10044,8504,-1151,-1231,-2051
-2004,-13692,7904,-1822,-81,-531
-1572,-12420,8080,-2863,1879,440
-2068,-12644,12184,1296,308,-1001
-1460,-11844,6576,833,750,-357
-2088,-12196,9772,-691,1965,-1098
-2520,-13372,10968,-505,1376,-1150
-1756,-12488,10852,2553,593,-652
-1848,-13184,9132,-1696,5,-59
-2000,-15256,8728,-2999,690,83
-2120,-13936,8104,-3587,2,-487
-1816,-13992,7844,-2672,-174,-866
-1568,-14080,7844,-1479,396,-125
-1724,-14200,7844,-143,218,146
-1968,-14120,8124,815,317,389
-1984,-13732,8272,793,403,329
-2296,-14040,8304,1329,263,245
-2148,-13736,8384,781,233,-112
-2032,-13652,8572,570,-40,-154
-2032,-13680,8188,-530,211,100
-2244,-13792,8600,-810,78,-146
