-2972,-13356,8988,-114,142,-263
-2824,-13312,8976,77,-83,-537
-2848,-13520,8644,-536,-81,-586
-2476,-13600,8872,-481,-94,-437
-2624,-13352,8920,145,76,-180
-2816,-13256,8732,-104,163,-40
-2860,-13220,8868,-263,123,-94
-2720,-13284,8848,-364,-26,-322
-2652,-13300,8704,-462,-147,-397
-2824,-13428,9020,-464,98,-172
-2600,-13184,8740,-547,108,-241
-2672,-13396,8756,-417,-51,-424
-2644,-13408,8816,-358,-52,-305
-2652,-13248,8908,-170,113,-176
-2700,-13348,8928,-67,10,-305
-2620,-13128,8740,-349,22,-282
-2716,-13376,9052,-592,100,-223
-2568,-13284,8720,-487,55,-302
-2512,-13304,8820,-182,132,-137
-2740,-13256,8956,-279,178,-40
-2520,-13292,8704,-445,256,-96
-2756,-13388,8812,-364,110,-267
-2588,-13260,8844,-532,138,-172
-2752,-13436,8940,-371,259,6
-2896,-13300,9040,-412,45,-165
-2772,-13304,9088,-681,-63,-351
-2692,-13396,8884,-469,72,-145
-2460,-13224,8656,-792,-118,-362
-2984,-13712,8904,62,-150,-280
-2556,-13336,8732,665,-175,-590
-2660,-13592,8736,1746,-953,-2265
-2592,-14364,2384,1463,3348,-883
-2600,-13524,8172,4342,1616,-3181
-1596,-12296,8692,5758,2840,-4562
-4328,-19316,14276,-3876,48,-1245
-2220,-15428,6788,-3217,3006,-2035
-3932,-16288,7936,-3765,4134,-1837
-2488,-16604,8000,-4417,1054,-1482
-2932,-7408,6780,-4668,-1148,-1191
-4348,-5560,2172,-4738,-807,-701
-1636,-12260,7256,-1330,-172,-2111
-1176,-15416,10784,-2955,-439,-1672
-684,-5524,6964,-4110,-1194,-825
220,-10004,16804,-1227,-2266,-1461
-988,-188,6312,-1564,-3604,-1276
-544,-20256,9732,1170,3328,251
-920,-12860,9304,1618,208,836
-1548,-14240,8888,-81,-131,3382
-1768,-14228,8492,-2048,-1675,5482
27948,-31388,-7840,-7742,-5350,-8041
1164,-16168,7216,-6131,3245,-1096
1368,-15624,7404,-4237,3826,-1823
-296,-14700,5388,-1718,1566,501
772,-15140,4984,334,3695,-898
-3604,-15232,8592,409,2843,-871
-6744,-10764,3984,-1300,3543,281
-3692,-15640,7672,-451,3450,-2194
-5900,-15820,6272,-876,792,-1746
-6608,-13784,6124,-721,1293,-780
-15380,-8756,7564,-1836,3,5992
-3680,-14736,7036,-1494,595,-3297
-2932,-13972,7700,-8824,-745,-4338
-5904,-14984,10308,-24029,-9427,-3703
-3232,-11380,4092,7908,-10729,-1700
-2828,-12008,4596,2996,-5168,-2005
-840,-13184,6764,1454,-3127,1225
-100,-14256,7304,2293,-2776,-932
-1472,-14400,5672,3535,-1111,-468
-1224,-15164,6924,1742,-479,166
-876,-13928,5144,-56,-1265,618
-2008,-15296,5420,-2069,-586,1478
-1464,-14516,3988,-2196,267,1920
-2404,-15368,3796,-3983,1535,1227
-1788,-18080,5000,-2202,440,-522
-2904,-16036,5892,6978,-430,-392
-2172,-15412,5848,13599,1554,-2510
-1952,-14096,7928,16064,3173,-4469
-1908,-9464,4544,619,2381,-2762
-2800,-13152,10536,-502,2464,-2131
-2552,-13120,7668,-1190,2275,-1668
-2204,-13840,10960,-2415,1536,-819
-1824,-14488,7104,-4501,2241,236
-2052,-14464,8756,-1198,147,-591
-1868,-14840,9460,1056,175,-1349
-1976,-15852,7384,-1914,2484,-333
-2608,-15560,11480,-1759,1103,-663
-3340,-13380,10704,-3057,430,-1224
-2032,-10472,10928,-310,1045,-850
-1836,-10864,11200,2343,1586,-827
-2552,-13124,8916,3614,1522,-381
-2728,-11164,12308,5038,749,-1118
-2316,-12320,9888,1769,-306,-828
-2532,-12880,9524,-3339,763,564
-2628,-13260,8904,-5254,273,-300
-2328,-13928,8264,-4606,-107,-1439
-1740,-14112,7816,-2917,-387,-1682
-1620,-14172,7804,-1152,-89,-381
-1960,-13932,7848,309,254,408
-2276,-14008,8048,1884,639,1071
-2636,-14104,8224,3279,581,946
-2528,-13812,8864,3179,271,97
-2536,-13604,8680,1700,163,26
-2400,-13120,9076,1278,-28,-441
-2296,-13224,9060,-361,-218,-663
-2384,-13192,9128,-1487,78,-583
-2156,-13444,8928,-1291,-9,-614
-2056,-13404,8700,-1091,-97,-494
-2136,-13600,8616,-522,-26,-156
-2208,-13392,8732,38,16,-66
-2148,-13348,8848,-144,238,78
-2392,-13528,8768,-334,257,155
