-2376,-14772,7184,2954,206,-3425
-1892,-14424,7896,4512,12,-3648
-1600,-14280,7668,5534,410,-2919
-1488,-13812,8696,6413,1765,-2237
-2012,-13180,8864,6221,1746,-3100
-5864,-4680,6456,-4946,2319,1697
-2588,-15040,7764,-7346,964,288
-3128,-16792,10056,-4902,2169,-1061
-968,-18432,11240,1000,3490,-2257
-2576,-13676,6340,-253,1380,-1894
-2436,-15948,6868,-8,1694,-1677
-1780,-10472,6492,109,1439,-570
-1100,-7992,1324,-530,2605,77
-528,-14396,12616,-197,717,-1684
212,-13544,15068,-2665,-1520,-1931
3724,-14636,8368,-1043,7471,-597
-3152,-13876,6308,-1938,5552,-859
-1432,-17396,20352,-112,-574,-2748
-2344,-4192,-2428,-7826,3641,2476
-1468,-13596,8052,-4271,-1114,629
-1120,-14560,7476,-5157,-1344,2811
-1620,-14660,6960,-4485,-1494,3196
-2796,-14848,7056,-4305,-856,3163
-2588,-14812,6000,-2967,-872,3909
26668,-32768,27868,-6390,-10747,-15899
-1552,-17264,8632,-904,-821,521
-312,-14708,6172,-97,713,-432
528,-16932,8360,600,-1799,-1384
-1668,-15208,8108,-700,706,157
-1820,-14208,6720,-951,943,-508
-940,-14968,5880,-144,185,-1571
-4608,-13724,5156,-233,109,-270
-2436,-14968,6968,-781,1381,-1753
-4344,-13624,6108,-639,2643,-859
-5280,-13128,6212,-705,1885,-870
-8188,-12156,5304,-731,1375,1747
-4532,-18136,6652,2358,-7010,2119
-3584,-14816,7384,-342,-30,-2387
-3068,-14204,7776,-4514,568,-3940
-4360,-14836,9840,-15209,-1994,-4659
936,-13212,7440,13416,-16313,-2743
-1632,-13320,7280,6731,-4673,-1589
-2024,-12824,6664,188,-4146,727
296,-13776,6636,1481,-4044,400
-32,-13876,4588,-1469,-3845,74
-140,-14144,3788,-3923,-132,634
-1628,-15676,5060,-2240,1127,-903
-4208,-13488,1336,-4544,1882,1594
-1360,-18692,916,-14096,160,5126
-4296,-18096,3328,-734,-888,-171
-2156,-15784,3504,7674,-195,-4623
-1516,-15972,4120,14213,1081,-4040
-1532,-14172,5308,16521,3930,-2013
-1340,-14552,6204,2784,3250,-1978
-2424,-15300,5148,-105,3804,-2552
-3344,-14644,4988,2067,3726,-2209
-2112,-17420,7712,1944,1522,-626
-1592,-14136,5376,324,1665,43
-2648,-13004,7208,-51,17,-511
-2148,-13248,6556,307,238,-1071
-840,-15496,6304,2174,2539,-177
-932,-12132,6208,-2606,1079,232
-1420,-14820,7148,-1440,18,-406
-1752,-15052,10376,-2326,500,-918
-1028,-12444,10896,-2166,303,-1320
-1244,-15520,11200,-1283,1312,-438
-1980,-14540,10744,-546,1565,-586
-240,-17556,12392,6474,-129,-1397
-1384,-13740,8188,557,-55,575
-1788,-14712,7172,-2676,77,973
-1992,-14772,7016,-2864,-142,-436
-1844,-14640,6840,-2075,-244,-1255
-1532,-14484,6704,-1199,-417,-909
-1612,-14972,6636,-883,-440,-381
-1484,-14736,6852,43,85,330
-1616,-14824,7100,150,-83,548
-1684,-14728,6972,618,259,226
-1684,-14564,6856,351,23,-31
-1916,-14604,7184,182,224,-22
