-2260,-14252,7248,-443,309,-902
-2372,-14236,7372,-749,35,-774
-2612,-14460,7276,-610,347,-246
-2556,-14348,7276,-283,85,234
-2664,-14348,7288,-159,-123,208
-2876,-14536,7064,509,-132,-158
-2400,-14344,7432,734,68,-544
-2552,-14240,7476,174,60,-991
-2336,-14252,7456,289,-105,-1257
-2688,-14516,7160,1347,-48,-2068
-2016,-14288,7308,3327,413,-2627
-2044,-14280,7516,4303,123,-3361
-1812,-14244,7588,3750,64,-3174
-652,14312,19444,-4387,-8887,-5591
-1240,-13024,7452,-5533,955,-257
-2160,-18248,9264,136,4643,-1335
-3176,-15536,2720,1889,6353,-1202
-1984,-10064,3360,-483,2703,-1944
-2252,-15092,7564,-2300,2301,-1142
-2664,-13512,4988,-2514,1917,-451
-2292,-14956,8992,270,204,-1717
-2120,-12252,5980,-2085,2061,-524
-516,-11368,6152,-2984,6303,-353
-1304,-15812,8204,-928,5673,-1844
52,-12068,6252,408,3696,-1908
-656,-19652,10636,4767,3721,-3265
-2852,-14004,8916,-567,4525,-491
476,-20332,7896,-87,5568,-249
-1616,-14060,7592,-906,615,-859
-1636,-14248,7212,-2244,155,141
-1588,-14504,7224,-3291,-600,756
-2000,-14984,7276,-3842,1018,2280
-1792,-15012,6136,-3604,1407,2683
-2268,-14588,7184,-5829,619,3047
-2612,-14876,5928,-7329,-1491,4852
21260,-1020,-32768,19017,3495,-12287
-6200,-13292,8060,900,-2190,542
800,-16168,6448,805,-2993,-323
-3560,-15672,7060,458,-4675,704
-2664,-15040,4784,387,-3708,1082
-2044,-14340,2688,-491,-369,-1507
-3072,-15632,7572,-1174,-404,-902
-1392,-13968,4600,-1108,1489,-1372
-2444,-14652,5756,-510,2035,-1472
-2384,-15804,6144,-1542,1000,-1490
-4912,-13728,4824,-706,774,12
-5644,-13228,4356,-1645,1008,199
-9444,-13920,6608,-709,10,2951
-2872,-15368,5720,-191,921,-2135
-2592,-15280,6100,-3086,293,-3011
-3384,-15316,7412,-9868,-2224,-2722
-2756,-22304,15092,14554,-13644,-2309
-2140,-14648,5796,7704,-4884,-2064
-2176,-13800,6532,4841,-2352,-679
-780,-12436,5992,1804,-3977,187
188,-13308,6312,1080,-2997,1053
-500,-13496,4788,921,-1103,462
-1248,-15360,6476,-242,-1798,603
-916,-14700,5464,-986,-1114,829
-124,-14668,5280,-475,-331,940
-1272,-15160,5392,-499,135,274
-1056,-14936,3888,-1138,1801,494
-2084,-14676,4956,-2102,576,1985
-972,-15392,4192,-2738,1224,2113
-4208,-17952,7988,4925,961,1432
-2500,-15216,6208,9921,-221,-1065
-2100,-14684,7372,10631,1189,-3045
-2620,-11540,5892,-1128,536,-2166
-2552,-13964,6712,-2869,1292,-1671
-608,-15956,9512,-3161,2740,-1180
-1576,-15356,6860,-1634,4330,-366
-2836,-14448,9276,-2852,1329,-396
-2340,-12604,7896,-3524,404,-1148
-2068,-13728,7412,189,904,-314
-1580,-16188,8416,-1206,3523,553
-2060,-13444,5532,-1209,1975,-620
-2376,-12628,9512,-2101,1298,-1328
-3256,-13104,3856,-2900,1821,-432
-2168,-15428,6960,1061,2129,-1188
-2600,-14620,9328,-1249,1573,-1093
-1820,-19164,11444,2411,533,-490
-1968,-13072,5892,-1139,1085,-107
-2288,-13268,8528,-518,974,-1376
-684,-14460,9956,7233,924,-2026
-2004,-13760,8172,2689,508,-1075
-1900,-14140,7596,-1659,282,141
-2076,-14508,7152,-2608,-104,-182
-1904,-14720,7080,-1913,48,4
-1840,-14744,6892,-902,-46,-24
-1976,-14580,6980,3,-123,-32
-2012,-14636,7024,311,96,425
-2080,-14508,7128,434,228,705
