-2124,-14420,7252,-762,88,87
-2220,-14536,7480,-781,212,-18
-2332,-14480,6980,-858,284,111
-2432,-14540,7024,-732,279,-277
-2380,-14456,6968,-287,178,-706
-2148,-14328,7000,-203,225,-7
-2244,-14616,7208,-470,84,81
-2496,-14984,7660,-268,54,-202
-2236,-14524,7260,-387,138,-63
-2376,-14480,7320,-532,103,-219
-2420,-14332,6996,-703,166,-167
-2212,-14400,6988,-1052,148,-233
-2196,-14628,6804,-1186,176,-547
-2264,-14724,6960,-862,282,-371
-2460,-14616,6968,-550,257,-801
-1960,-14540,7032,40,127,-894
-2228,-14696,6788,699,10,-993
-2376,-14840,6752,1933,361,-1662
-2180,-14756,7148,3697,658,-2696
-1748,-14576,7452,5084,708,-3281
-1228,-14416,7568,6857,1478,-3961
-1184,-14240,7720,9051,2549,-4123
-768,10176,32767,6161,-7767,-14127
-2276,-17688,7132,-5643,3331,735
-2724,-11308,868,-5659,4775,109
-1572,-17708,8920,-684,4382,-989
-3092,-17008,6888,51,2474,-729
-2488,-19252,11764,1250,484,-854
-2072,-14700,6908,-2495,621,340
-608,-17244,11904,1413,-1379,-1772
-2684,-12992,6816,-3113,3146,-271
-892,-14344,12232,-5406,1535,-1419
-1444,-15764,4204,-5260,1589,151
-644,-16044,9532,-3543,-1108,-43
-692,-12496,9836,-2896,-1186,-272
-1208,-11496,3912,-6495,2439,-702
-1332,-15040,6448,-4237,2182,-91
-1700,-15180,5916,-1435,36,-556
-1780,-15104,5740,-1981,301,182
-2092,-15064,5548,-1805,647,1074
-2120,-15420,5376,-1720,980,1395
-1696,-14908,5416,-1037,1399,2770
-2476,-15492,5596,-1435,1161,3035
-2592,-14968,5256,-920,1410,3331
-1376,-15764,4664,-221,1506,3451
-3736,-17116,6376,2204,2822,-710
104,-19068,9404,239,-979,-781
-4292,-13152,4368,1999,1734,1232
-528,-17884,8720,-4,-978,-1720
-2456,-16468,7216,406,-768,-879
-2944,-14700,4056,-142,563,-681
-2700,-16648,7760,-890,611,-1331
-3004,-15092,6996,161,833,-211
-1856,-16108,6240,136,795,-1319
-3552,-14608,4984,76,555,-374
-2536,-15960,7312,23,151,-1696
-5184,-13684,4768,-827,1594,-1477
-5724,-15064,6412,-2333,1519,-528
-11964,-8308,3496,-279,2717,5006
-3788,-16060,5380,-805,415,-3472
-3184,-14736,6408,-6074,-527,-4284
-4828,-15104,8000,-17261,-10073,-4330
-6356,-15808,11500,4737,-9437,-1742
-2088,-13548,2968,1820,-5832,-1512
-2680,-15264,6608,-822,-3023,-180
92,-14096,4316,539,-2577,865
-796,-14604,4704,2631,-1190,-460
-1692,-15424,4328,2812,664,-196
-2116,-15280,3964,2128,-717,-462
-832,-15536,3480,-1141,-509,359
-1572,-14692,2676,-1978,474,859
-2184,-14716,2276,-4357,614,1346
-3620,-21084,6600,-310,3183,3552
-3028,-18464,3184,8377,111,-1086
-2248,-17548,4748,18204,2239,-3663
-6680,-8356,8836,235,1826,-1478
-1884,-13836,5540,395,3822,-2688
-1664,-15276,7064,3340,4501,-2317
-2308,-14916,8708,1026,3636,-785
-2248,-11000,7340,-327,1339,-994
-2756,-17072,9188,3459,1784,157
-2828,-15640,11804,-936,-1147,-1329
-2876,-13928,7120,-3377,810,-619
-1920,-11936,6216,-3896,99,-770
-2932,-14596,9132,-3912,423,-365
-2384,-14712,5636,-3746,1283,234
-2704,-12644,7328,-1308,1533,-1386
-2600,-16156,7984,-127,2238,-194
-1256,-13908,5600,-122,1575,166
-2692,-13220,10664,3393,-455,-1175
-2652,-12868,8216,7561,-1447,-441
-2244,-13748,7864,1258,-45,-603
-2564,-14156,7584,-2165,445,-503
-2584,-14432,7244,-2446,-120,-1698
-1956,-14508,6776,-2206,-130,-1120
-1724,-14604,6724,-1772,37,-5
-1992,-14608,6716,-629,74,193
-2172,-14704,6844,-5,172,374
-2304,-14600,6772,307,251,403
-2280,-14796,6868,998,-115,-342
-2364,-14512,7132,2023,-5,-264
-2472,-14452,7300,2366,350,567
-2596,-14268,7592,1273,134,176
-2320,-14204,7460,65,213,52
-2436,-14160,7384,-871,88,-161
