2336,-13540,7864,-702,4,-232
1896,-14176,8532,-696,318,-650
1728,-13916,7928,-138,322,-378
2280,-13804,8424,-83,-292,-80
2024,-13624,8076,-467,-381,-356
1616,-13576,8852,-151,-488,-24
1764,-13628,8580,303,-982,209
2140,-13140,7608,-1130,-498,-81
1864,-11208,7484,-4333,-341,-156
1432,-12920,8048,-3536,-421,737
3204,-12476,5932,-5810,-1041,1393
3000,-14748,5592,-8630,590,646
1852,-13968,5692,1647,2376,900
1596,-15748,4816,-3735,2326,735
-620,-14780,5984,-3785,672,54
-4096,-15368,7736,-4628,-2876,5526
-3908,-16204,2140,-1639,-5856,5897
-2472,-13856,6948,-1856,-3882,1720
5580,-16008,1640,-4043,-1725,2868
1568,-17460,6920,-6556,884,4049
920,-10604,6944,-4853,3289,594
2516,-12956,4692,-4312,4120,-1141
5920,-22020,7480,-2345,7687,-733
10968,-19824,7500,-3208,7314,-3217
5364,-12320,1284,-6648,7420,-7578
2728,-19352,11832,-4868,4298,-6339
28,-7400,-2900,814,4355,-6613
-5664,-12952,22240,7276,-4850,-4349
564,-3556,2688,1049,-9790,-1341
-2504,-15276,11228,16997,-8736,3168
1700,-14244,6012,22442,-6170,-2673
-3348,-12824,2616,4744,-1171,-1913
-1728,-18688,9484,-5340,-4567,1089
-5228,-9184,2176,-5619,1211,2878
1800,-19388,6704,-3935,-745,4612
-408,-18732,10648,-4552,-1090,2799
2096,-22652,11104,-7280,172,502
584,-17600,6532,-8056,5125,387
-188,-15944,7132,-4041,2040,1785
10500,-25956,15020,2631,-3009,-574
5996,-17332,8536,-195,755,1795
6272,-10976,13516,5802,-2237,-2498
3120,-13928,6792,926,1943,-1527
1120,-15252,5156,-1485,-52,1227
