-3840,-14084,6396,-2745,-2083,-478
-5432,-15248,7884,-1453,-2040,310
-3924,-14692,7332,-60,59,1257
-4040,-14788,6276,-1550,-73,763
-4556,-14432,6880,-730,-159,462
-4288,-14240,5964,-145,470,231
-4224,-14216,5868,-580,1484,-238
-4488,-14152,6116,-946,1771,140
-4848,-14412,5444,-418,701,-293
-6884,-15616,9884,-736,-2609,1860
-7216,-14172,3500,-5873,2137,4076
-6552,-14204,2044,-11289,3988,7898
-4932,-15672,3984,-14336,2052,4870
-1584,-17228,6476,-13240,992,3105
-388,-17076,6660,-7054,-220,-136
360,-17764,7068,-1140,-2469,-5074
-1996,-17576,6236,1895,-3345,-9083
-5820,-14340,3852,3153,-5295,-10594
-9404,-11888,3764,-57,-1470,-4048
-12532,-14112,5680,1004,1131,-989
-9976,-13320,6176,5903,2061,-748
-3436,-11252,3772,7874,-590,-250
-1996,-14728,3984,6753,-534,-1279
-1312,-16036,5380,7566,1899,514
-2852,-15636,3316,6871,-233,1595
-3560,-18272,1520,-100,35,206
-2856,-16040,1404,-3844,2252,459
-4144,-17096,1372,-9682,-316,1484
-7612,-15408,-1392,-14802,1296,2963
-6148,-14892,2356,-20502,-700,4779
-24,-16036,6684,-11964,884,-576
-2312,-16340,6196,-2160,-2372,-5076
-3808,-15700,5348,2748,424,-1128
-4460,-14800,3384,3063,169,448
-4556,-16244,3224,1226,-625,664
-4184,-16536,2384,299,-576,552
-4444,-15788,1828,-32,139,165
-4396,-15364,2024,-230,684,115
-4308,-15720,1992,-131,355,-285
