2528,-11472,10352,1390,-1798,439
2912,-11660,10988,904,-1068,420
2412,-11204,10732,-317,-391,336
2336,-11564,11808,197,-823,729
2684,-10980,10832,308,-115,646
2064,-11596,11372,-931,684,517
2572,-10756,9664,-1928,743,1138
1140,-15120,16392,881,561,614
2292,-11860,11196,428,888,191
2140,-11080,11076,204,301,76
2040,-11324,11800,-636,-565,-151
2088,-11024,11984,-993,-1139,-53
1396,-11372,11880,-449,-2776,-710
1656,-11692,11372,-9,-3843,-1077
3664,-11696,2796,-2118,-401,2825
1972,-12500,11128,-2844,-2693,4117
2420,-13020,12484,805,-2008,-230
448,-12792,11128,356,-479,1032
1684,-12028,12092,-660,-133,3271
3360,-11488,11088,-502,-612,3260
4996,-10780,10440,-592,-29,2440
7820,-10756,13028,489,-265,1635
7256,-11088,11024,951,5407,4452
4372,-12772,11460,-2492,9336,6144
5628,-13100,10744,-8215,8799,-2301
2060,-11884,12280,-5507,7401,-8323
504,-10896,9772,-4731,8542,-8987
-6768,-9692,13196,-3464,4568,-9554
-8672,-7404,9952,-2298,228,-4075
-5820,-12344,15076,-998,-10365,-4985
304,-10416,9592,11168,-10386,3137
5264,-13240,7264,16982,-4914,3607
4196,-15844,8172,1441,-2676,726
4708,-15340,7876,-4765,211,-1942
2448,-12688,9588,-4454,-1055,-3363
2564,-12688,9856,1810,-2379,-3579
-1544,-19104,14528,3547,-671,214
2600,-13488,7180,-2150,3134,3481
3024,-14060,9496,-6777,3733,1959
2768,-11956,9384,-7374,3510,-1129
1792,-10364,11612,-3967,3172,-2328
3160,-10092,14368,-1034,1305,-2196
3360,-8952,12948,-403,1783,-1131
3152,-8516,14020,2310,2133,-980
2696,-11592,11560,-210,568,-167
2344,-12308,11632,-2518,794,584
1932,-12260,10684,-3379,75,-54
2704,-12428,9540,-2970,97,-582
2468,-12772,9052,-1803,868,-554
2364,-12676,9880,-438,242,-705
