2432,-12420,9880,393,159,183
2288,-12220,10272,503,513,-216
2200,-11956,10836,-450,125,-729
2512,-12128,10284,-409,-19,-763
2420,-11908,10700,-446,61,-327
2472,-12012,10844,-634,435,-425
2524,-12024,10584,-541,-34,-244
2520,-12056,10384,-448,80,24
2224,-12136,10600,-128,461,-128
2552,-11984,10500,-106,193,-58
2344,-11984,10648,-322,121,140
2376,-11988,10664,-409,203,198
2216,-12000,10648,-299,277,163
2324,-11984,10768,-406,-103,39
2168,-12104,10632,-490,284,55
1836,-12200,10604,-504,-71,-130
2168,-12148,10640,-275,-1264,-226
1992,-12284,10108,159,-2478,-717
2244,-12144,10980,1514,-2716,-1281
264,-6248,2884,-1553,-10420,6148
980,-12764,7372,-2144,-788,5511
2904,-12672,10468,-1402,-2000,2480
3844,-12604,9400,-1593,-1562,1261
3864,-12900,10688,-4800,1853,2957
5840,-11124,9016,-6427,4030,3787
5892,-13376,9916,-7080,6068,3558
4092,-12252,10048,-9375,8611,2922
2240,-13792,11180,-9729,5549,-3492
1996,-18052,9804,-7655,6865,-14227
-3432,-9856,12284,-65,4607,-9635
-8428,-12508,13392,5016,-2323,-942
-2148,-10872,14328,4789,-10662,764
2592,-13940,8348,10257,-11916,3952
1596,-15908,5048,4689,-2823,-913
4144,-14856,6700,-2329,20,-2730
5824,-16432,5744,-1160,-1923,-2694
2504,-13452,7016,784,-2486,-3635
2780,-13312,8144,3905,-71,-2987
-960,-15876,4792,-311,3495,3438
1560,-16452,7120,-5408,3661,4428
2984,-12028,8732,-5471,2728,1518
2736,-14244,8592,-6283,2815,-1848
2240,-13648,10212,-6507,1964,-1869
3128,-12076,11432,-5738,864,-845
4404,-10896,11436,-2554,1738,-1291
5552,-11380,11048,2751,841,-2200
2960,-13548,8892,42,1369,-379
2808,-13916,8892,-1159,474,762
1996,-13908,7672,-1456,817,1052
1968,-14140,7912,-952,414,-22
2260,-14108,7516,-325,398,-600
