1480,-13620,8636,2,-346,-2023
1800,-13428,8864,409,70,-1512
1744,-13424,8832,905,97,-540
1588,-13636,9040,744,249,99
1336,-13512,8780,854,416,-43
1460,-13284,9188,531,270,-169
1496,-13336,8980,150,436,209
1420,-13376,9124,-497,206,92
1452,-13548,9240,-387,-131,-654
1520,-13244,9288,-433,86,-656
1332,-13636,9200,-309,-53,-881
1700,-13304,9208,-97,-369,-1185
1844,-13168,9200,41,59,-846
1732,-13428,9388,91,293,-315
1756,-13176,9340,53,-84,-118
1672,-13280,9328,-45,204,-42
1596,-13144,9336,-110,217,-327
1704,-13384,9488,-90,-41,-452
1704,-13192,9152,-82,102,-370
1512,-13364,9204,304,282,-342
1596,-13148,9488,804,-142,-1246
1672,-13024,9784,570,-448,-1963
1556,-13164,9472,209,-1588,-1708
2100,-12948,9508,120,-2387,-913
2236,-12972,9580,-148,-1639,-545
2504,-12896,9168,-98,-1751,207
-4524,-14776,10756,-3424,-3891,9708
5728,-15020,9808,-1968,-975,7595
3352,-15672,11612,1054,-1732,-113
1428,-15500,9248,-866,-839,3021
3136,-14284,6876,-3465,2394,5974
3936,-14012,9380,-5148,6000,3803
5104,-19288,10912,-4735,5139,-1760
4640,-28780,29048,-2093,4040,-13446
2704,-20856,9116,-5060,12256,-15723
-2392,-9972,9184,-1078,2357,-8073
-8776,-13428,8264,401,-5228,1972
-740,-15244,11968,2363,-6989,2758
-56,-13236,8692,4894,-5801,2969
-2228,-13968,1616,5467,-6033,2609
1580,-16208,8476,1245,-2255,-613
-272,-17356,6444,1334,1166,-1349
-1404,-11396,12124,-1142,-2437,-1588
1996,-14332,7124,1723,-2515,-4398
2736,-14240,6984,6386,-1020,-3252
-272,-16116,8640,-283,967,3754
1160,-15248,8280,-3273,3753,3840
2568,-13564,9424,-1852,2790,783
1948,-13572,8824,850,847,-1710
2972,-14108,9056,-1672,1439,-1209
1932,-12520,11120,-3863,2674,95
1968,-11788,11532,-2214,2358,-1703
3548,-11072,10516,566,2293,-2248
2164,-12484,10592,1887,896,-2307
2224,-13244,9164,-2106,1603,-95
2232,-13368,9204,-3054,254,1230
1580,-13808,8396,-3297,746,1268
1488,-13928,7768,-2790,697,617
1432,-14248,7820,-1344,1034,401
1248,-14136,7928,-50,525,-319
1252,-13748,8584,756,312,-943
1808,-13832,8280,1018,407,-606
1676,-13712,8504,1004,908,33
1504,-13656,8668,732,644,447
