-3716,-13368,8324,-942,58,-442
-3864,-13528,8140,-1026,-80,-351
-3604,-13588,7992,-957,-219,-419
-3696,-13712,8056,-688,-31,-392
-3668,-13596,8060,-392,-42,-725
-3600,-13664,8064,-770,131,-678
-3836,-13576,8124,-736,115,-1189
-3388,-13552,8116,-779,317,-1513
-3548,-13804,8112,-975,249,-1615
-3752,-14408,8148,-1076,271,-2196
-3420,-13836,7788,-710,-442,-3659
-4136,-9268,4512,924,-2187,900
-4944,-17896,12604,871,-4382,-2002
-1584,-18544,9916,1441,-3769,-1818
-2092,-16940,10328,2312,-1707,-1919
-2592,-16388,8288,-340,421,1373
-2428,-18868,14180,3754,-481,-3396
-904,-11524,4380,2852,1733,-1608
-1856,-11200,3044,1065,4737,-358
-2860,-10984,6536,-1693,2653,-1985
-2484,-11640,4976,914,4759,-1730
-1780,-7176,4092,3079,3397,-3233
-1856,-9428,3072,-3452,3741,-1188
-444,-9516,5556,117,4592,1633
-1208,-14408,11368,2597,-7389,2483
-1340,-12904,10252,-1612,-1679,3150
-424,-13428,9656,-5031,2193,1830
-2800,-13684,10916,-4921,273,-648
-2104,-11788,8484,-4501,1989,-870
-2788,-13776,10876,-4747,1007,-315
-2428,-13928,11748,-4125,-231,-1261
-4496,-12044,8772,-2407,-291,-1377
-3776,2920,-11756,-1807,-133,-1856
-4384,-5728,5776,-2858,473,-150
-5508,-17024,4328,966,-2634,-3570
-4008,-17728,13156,-263,-1245,-845
-4536,-15952,7564,-2319,-3485,858
-2916,-15580,5580,1223,-974,-1234
-3356,-12080,288,3704,-1707,-3242
-3064,-17360,11044,531,-2992,-1141
-2552,-13168,1980,3839,-3003,-1503
2956,-20128,11088,3772,-6181,-4735
236,-12360,7656,3545,-273,-440
592,-11436,7916,3124,-1595,-583
264,-12756,9496,1338,-15,413
-1052,-13132,9632,-566,-610,2861
-1360,-13572,8504,-863,476,1862
-1920,-13592,9172,-869,514,-23
-1412,-13392,9048,-1464,704,-484
-1220,-13456,8980,-1707,458,255
-1508,-13556,8948,-1492,537,422
-1520,-13620,8780,-1378,489,217
-1720,-13652,8676,-1395,787,412
-1708,-13544,8804,-960,1036,350
