-2348,-13480,8756,-607,-83,-193
-2240,-13464,8872,-571,72,-341
-2244,-13564,8784,-893,102,-154
-2256,-13532,8768,-869,52,-428
-2284,-13608,8784,-1166,174,-722
-2280,-13792,8496,-1311,422,-1298
-2780,-13880,8492,-693,524,-3035
-2252,-12988,8632,591,-571,-4337
14068,-17012,-3868,-288,1591,2933
-1052,-12700,6820,4060,-1874,-3135
-1720,-14020,9644,3690,-749,-1275
-1360,-11576,7852,-1988,831,1685
-3016,-16216,8388,-3113,1201,173
-2380,-22292,15316,-809,-1445,-1892
-1384,-13992,9036,1006,157,-482
-1084,-12692,5892,83,2536,1256
-920,-13680,8848,945,1417,651
100,-13184,8660,-858,1138,889
-760,-10028,7048,-2533,429,1472
-964,-10384,7100,-495,1478,1798
-1296,-14700,10848,-968,2336,1046
-1000,-12976,9600,-3340,1314,522
-972,-13680,9648,-1381,1907,664
-2436,-12216,10508,-2017,631,125
-2900,-11300,10268,-2330,-307,543
-2684,-13640,11468,-2756,-1720,-1112
-1280,-15768,11332,-3290,-1746,-2795
-2016,-12600,8544,-3254,-325,-1628
-2148,-20300,12804,16,-4212,-4913
-3508,-8524,3196,-3014,-2679,-2422
-3768,-13136,6944,56,-1923,-1115
-4588,-15412,4528,-2935,-864,-2955
-1972,-11880,2260,619,-2094,-3157
-872,-12372,5788,1933,-1912,-1236
-804,-12076,444,2639,-1078,-167
-3516,-15384,10824,-995,-974,304
-2692,-15424,10592,-1430,-851,891
1952,-13648,6512,2572,-2493,-2091
888,-12240,6976,3583,353,-1348
1804,-14248,8704,4106,-380,-2113
-40,-12912,9496,2617,438,201
-892,-13204,9688,658,225,1660
-1188,-13436,9192,-462,-35,1786
-1360,-13788,9028,-1217,41,1134
-596,-13460,8680,-1459,39,294
-1168,-13492,9056,-1782,276,32
-1188,-13704,8784,-1571,390,20
-1256,-13696,8792,-973,312,-96
-1156,-13580,8868,-580,356,-73
-1160,-13536,8676,-260,504,121
-1452,-13580,8840,-209,519,211
-1220,-13512,8908,-382,440,-71
-1220,-13436,9064,-634,305,-91
-1256,-13608,8896,-948,253,190
