-3028,-12160,10092,-717,338,292
-3900,-11956,10256,282,-195,737
-3272,-11960,10372,-658,1209,-94
-3864,-10648,9316,-1145,1182,713
-3408,-10960,9916,-1886,3240,1065
-3644,-10764,13244,-2041,2129,-143
280,-10244,13388,1612,3302,-5302
-6472,-8100,13632,-864,7722,-6677
-968,-9924,12460,2120,2170,-3315
-4736,-11536,13000,4150,2695,-5720
-4284,-9504,10648,2309,127,-5094
-2088,-10752,7212,-3440,2756,-8039
-1832,-13896,8256,-8107,2222,-8719
-956,-14432,6124,-4655,3886,-12234
-3424,-15044,2020,-4534,1380,-15245
-8404,-23088,13244,5278,-6647,-5248
-11884,-11348,10472,1960,-15520,7909
-800,-15428,2452,10655,-21803,24171
-1588,-19032,3960,652,-13873,12093
-124,-18800,3996,-5564,-19720,4677
-1532,-16436,-2536,-8646,-15101,11111
3528,-20824,-2508,-11557,-13629,11902
9008,-8144,11876,-15728,-8250,4974
13292,-19476,2332,-13808,11769,18424
6136,-18340,12656,-6240,13494,-3805
5504,-12160,15920,2645,8997,-16884
-2356,-9632,20512,2128,18207,-10189
-3680,-6340,17536,8278,2858,-4362
-9196,-12180,18696,9197,-3433,-4807
-76,-8404,7776,3907,3698,11262
584,-11472,3592,4937,-4503,5816
-4592,-12928,8172,5112,-3798,-3857
-6180,-14416,7688,4328,-660,-898
-5692,-16984,4784,2187,-3805,5189
-3512,-18536,5716,185,-875,3606
-4712,-16828,4072,-3653,-3696,-2267
-3132,-16108,-6740,-6465,2363,-4852
-1932,-18036,-104,-6702,-5042,-3549
-1724,-19980,-4,-7512,829,-3183
-2024,-16884,2048,-5142,6372,437
332,-18468,-44,-4316,13997,-5815
120,-14600,2584,1732,16749,-6965
8180,-5684,-4904,4053,21949,7610
2016,-13360,2572,1952,19180,2911
-2704,-11948,16180,2479,25865,3358
-3992,-9996,12156,296,10783,4667
-3784,-14260,8764,-8322,7680,5840
-9400,-9720,10924,-8058,11758,4225
-8260,-12872,8312,-1476,5607,4240
-3512,-13744,11188,-2312,2644,651
-5740,-13400,9972,2255,6070,-154
-7428,-15492,10060,11815,-4494,945
-5904,-15208,7628,11508,-6576,220
-5960,-14828,4804,7688,-7547,12
-6100,-14132,6520,5285,-8841,1891
-3672,-13584,6572,5148,-9315,717
-3620,-12816,7204,4508,-6112,-2083
-1856,-13080,7240,4193,-5041,-4027
-2512,-11368,7780,2729,-4054,-1105
-3044,-12336,8020,-1707,-86,526
-2928,-12536,8624,-167,-1730,-541
-2876,-12348,9268,48,-725,-342
-2840,-12468,10148,155,115,835
-2804,-12260,8676,425,-422,105
-3304,-12024,8056,-2821,1770,590
-3312,-14060,9888,-2124,1591,391
