-3924,-14260,6948,-3211,371,-564
-3868,-14088,7056,-3292,422,-556
-3368,-13980,6784,-3319,674,-368
-3696,-14412,6740,-3687,846,179
-4044,-14344,6276,-3360,997,104
-4092,-14472,6248,-3009,663,-324
-3812,-14532,6092,-2665,835,-162
-4500,-14716,5968,-2732,1464,-1
-4272,-14948,5696,-2341,827,-997
-3932,-14700,5640,-2387,497,-1014
-2276,-13600,5280,-584,2475,-992
-6084,-12772,8896,2774,881,1665
-4064,-15240,4348,-2954,-168,-711
-7808,-15544,10812,4464,997,1230
-2508,-17056,3752,3427,-637,-1472
-7648,-11352,8612,5449,-1872,595
-3440,-16516,6268,4131,-2684,-1318
-3828,-14964,4580,6079,-3911,-1201
-9352,-12744,5224,8504,-4993,2175
-3644,-16192,5088,7310,-6779,-2420
-712,-15680,6840,5107,-7856,1652
-1860,-11492,9440,3975,-3649,4016
8,-16004,6676,-608,-1443,6610
-1332,-12160,5880,34,-1197,2397
-1088,-14800,11632,-301,-307,1074
-608,-12572,12400,-5406,-1634,1495
-1112,-13044,10540,-7623,-714,3359
-36,-12440,7868,-10368,5330,2807
408,-10364,7120,-14666,6594,-1178
-1776,-13576,9788,-6346,3654,-2848
-3572,-12320,5284,-1266,1653,-178
-7072,-14208,8384,2570,-1820,-1641
-5144,-18360,14664,1643,353,-290
-8928,-5480,-10456,-5304,-983,-2528
-2116,-13216,4916,6587,-4997,-2160
-9380,-3964,-5052,-7480,5520,4077
-2832,-16536,2620,-13726,-878,1719
472,-19572,-792,-1043,5933,412
-3196,-15052,5136,7710,-2220,-2321
-2848,-14320,6052,15573,-4341,-4140
-2496,-6340,3144,-2190,-7417,-6079
-2460,-17240,8504,2511,2410,-1450
-2260,-12680,4420,-5296,1935,-3333
-5280,-15576,11212,-1979,2101,-2442
-3884,-11952,6280,202,749,-1127
-2744,-12180,5876,-686,652,-1902
-3216,-13208,10028,-2247,-1528,-874
-1392,-14744,13064,3252,2148,-169
-972,-13932,10412,2955,3907,-1345
-2252,-9092,6476,-1093,719,-2552
-1556,-10596,9708,741,1885,-828
-2544,-10236,10032,5618,1179,-738
-2720,-10064,12096,5265,238,-561
-2364,-12120,10808,-3021,960,118
-2648,-12924,9456,-5662,624,-173
-2696,-13408,9032,-4816,730,-585
-2540,-13460,8472,-3084,-21,-1084
-2172,-13428,8448,-1818,-167,-264
-2084,-13520,8756,-795,171,383
-2656,-13444,8892,-224,379,640
-2812,-13480,8856,-243,172,339
-2920,-13612,8800,-98,145,-159
-2524,-13364,8736,-96,74,-409
