1152,-12268,8912,-1812,958,-41
252,-12292,9976,-247,-206,-173
528,-12724,10264,-823,116,39
12,-12332,10352,-868,38,206
-4,-12976,10168,-632,87,180
156,-12740,10240,-197,269,6
532,-12572,10080,-37,674,191
332,-12492,10304,-179,692,297
592,-12516,11048,-754,1301,669
376,-12148,11416,-1236,2770,236
-6048,-7684,8272,6229,6778,-8901
1560,-9468,11564,7277,-479,-2102
-1156,-10072,12432,9831,-3242,2388
-1788,-14028,8892,9671,-3120,258
-2732,-13940,10808,1718,-5253,-2804
-4044,-11084,8720,-469,-10056,12216
588,-13556,9036,654,-9336,13577
10964,-11208,8744,-3913,-152,10317
6876,-14536,9436,-10073,4691,6282
3080,-14480,10004,-16540,7870,3800
3416,-12060,11064,-16252,8809,2281
3716,-13520,13840,-8117,5201,-4558
-3228,-10628,15240,3355,-3118,-11927
-6644,-9348,10584,10567,-1364,-6633
-9056,-14620,6124,11904,1931,-3173
-264,-13224,8764,3356,1793,-4336
1396,-11888,9760,4433,-4052,-3605
-548,-11944,8988,-498,-236,3734
28,-11900,9300,-7106,1197,6450
-1204,-12704,10864,-10753,455,7373
-316,-11812,10468,-10049,-2363,6706
-1892,-13260,11284,-9494,-2850,5859
-272,-15416,11764,-8866,-550,5308
708,-12392,9996,-5873,817,4194
252,-10340,6444,-2496,1907,1005
148,-13688,9164,957,575,-1655
-1568,-13596,8796,708,487,-1138
-1532,-13772,8232,-964,1083,-316
-1580,-14096,7960,-873,568,156
-2020,-14040,8156,-842,391,-333
-1676,-13908,7896,-902,-27,-633
-2212,-14112,8148,-640,309,-580
-1892,-14040,8216,-616,378,-520
-1516,-14016,8620,-765,-104,-141
-1824,-14256,8108,-927,-37,-289
