892,-8760,13332,-397,247,-123
1040,-8740,13344,-404,145,-188
988,-8812,13580,-376,132,-232
868,-8664,13544,-351,165,-109
744,-8708,13548,-309,262,-145
1064,-8584,13592,-362,179,-170
864,-8656,13480,-544,385,-75
1168,-8556,13500,-691,493,195
1224,-8536,13444,-1017,1556,927
744,-8364,14624,-2039,1044,698
400,-8500,14032,-3603,790,612
308,-8936,14416,-5512,1457,1416
3416,-11276,7364,-1626,6540,3092
-1352,-8256,14672,503,-4084,-858
-2764,-9536,13492,-923,-2353,-1573
716,-8588,11008,-726,-5518,419
-2308,-9968,12632,680,-6923,1741
1044,-13036,11436,2288,-7183,4144
380,-10620,12036,3706,-4198,5630
1928,-11044,11868,1553,-1013,11023
5008,-10692,6408,-500,3662,9448
1812,-11408,14508,-1317,3466,5518
1928,-10732,11596,-3614,6001,3201
3656,-10380,14468,-5528,6339,376
3692,-8748,16980,-7112,9904,534
-2140,-8424,17248,-6579,3696,-1228
-1820,-8032,16632,-4024,1361,-3025
-2204,-8000,13296,-513,-1462,-7189
156,-9264,13128,4097,2512,-9419
-4800,-9580,9032,8053,1165,-6250
-4284,-12348,12028,5224,298,-3732
-1504,-13712,10392,-1374,-471,-3629
-528,-10428,12092,-121,-1443,-3981
1156,-10224,12072,2125,-1706,-2832
-124,-9204,13216,2522,-1954,130
-224,-9852,12328,-3422,577,2775
-516,-12088,11556,-3181,123,1506
284,-11424,10364,-3231,344,762
-356,-8028,9604,-1956,314,1521
408,-10604,10756,-651,1443,2072
92,-11284,16744,-159,67,-214
404,-10708,12924,-1521,1560,-201
1564,-9792,13720,-1746,1820,242
1076,-8976,11504,-1186,1393,-792
-160,-8032,15772,-696,-257,-580
-448,-8320,13864,-1109,-27,181
-240,-10376,15580,-1265,1143,-666
752,-9376,13748,-1062,-406,-544
412,-9384,12848,128,-42,154
-336,-10316,12664,-678,592,399
-268,-10460,12420,-1556,641,104
-252,-10536,11956,-1748,593,-121
-336,-10776,12072,-1348,454,-418
-248,-10688,11824,-532,243,-250
-348,-10760,11672,46,11,-83
-192,-10632,12088,511,49,256
