-3924,-15240,5032,669,-268,-462
-3276,-14832,5240,47,-218,-201
-3760,-15104,5276,-294,214,67
-3516,-14764,5088,-736,207,19
-3732,-14944,5288,-873,179,-52
-3724,-15176,4988,-1110,392,13
-3808,-15032,5044,-996,375,-380
-3764,-14836,4996,-1681,524,-317
-3932,-15020,5148,-2599,1404,13
-3940,-15320,5120,-3602,2605,-1214
-11152,-21792,17288,-8745,3856,-1661
-3680,-15288,2036,4035,-3715,-548
-4768,-13996,4552,3091,-2658,-1949
-5596,-13776,4628,8644,-3871,-797
-3912,-17016,6728,5424,-5781,-3247
-4084,-14348,2920,5396,-7457,346
916,-14552,9076,711,-3699,1784
544,-13608,5508,-3686,1123,3066
-796,-14548,8008,-6166,1287,1835
-156,-11640,6484,-10869,886,2109
104,-13284,6648,-15021,1651,3074
-2672,-17628,9816,-17316,2265,-586
-2340,-16940,9216,-699,2629,-3104
-5984,-13168,4800,9728,411,-2759
-6456,-13612,2972,3966,521,2179
-376,-32768,30716,12296,-3428,-241
-1328,-32768,32767,32767,-7189,-11328
-5392,-15560,8716,-3943,1526,-1086
-3356,-16064,5360,424,53,-671
-2924,-15200,5180,2332,-378,-168
-2852,-15240,5184,3231,-390,187
-2784,-14776,5564,3162,-99,69
-3216,-14936,6100,1606,-435,-272
-2964,-14836,6144,1352,-436,-515
-3172,-15072,6104,1856,210,-189
-3032,-14920,5988,3481,-170,-775
-2760,-15136,5984,5202,-522,-1178
-2688,-15052,6388,5818,-1251,-1765
940,-24952,9316,-1035,172,-1788
-2104,-15340,6536,-2009,4394,1043
-2152,-16124,6960,3626,3347,279
-2700,-15020,6780,3983,1096,-718
-2132,-14796,6672,4610,2609,497
-1580,-16508,10524,2567,1044,-804
-2316,-12960,5396,4265,-241,-1056
-2048,-15580,8532,3985,-647,-2271
-628,-18232,12760,4416,2706,-1036
-1872,-12852,6908,-1641,367,-2372
-1368,-12332,9640,-438,-469,-1083
-2764,-10860,6800,-1744,-320,-1426
-1496,-13884,8940,-911,3085,338
-2212,-12476,6668,-3374,1597,-1470
-2488,-11740,7112,-4898,1300,-2294
-1028,-14484,9100,-613,1909,-1423
-1432,-13092,8976,2954,-45,-1065
-1584,-13784,8544,-839,412,188
-1952,-14276,7944,-2071,265,153
-1896,-14228,7972,-1641,17,-151
-1768,-14112,7892,-1443,-365,-284
-2012,-14732,7480,-1102,196,73
-1836,-14108,7512,-955,455,369
-2252,-14676,7456,-210,-110,-17
-2116,-14180,7708,29,133,217
-2032,-14468,7556,331,-223,114
-1592,-14260,7300,207,288,486
-2060,-14304,7504,902,147,34
-2048,-14252,7532,1348,60,-86
-2236,-14360,7876,2066,-392,-545
