-484,-12296,11120,142,373,90
-240,-12284,10468,91,343,-205
-792,-11160,10772,-211,-354,-312
-1012,-11476,12008,-455,333,-358
-20,-11980,11152,-119,328,-366
-832,-11756,11180,-703,67,202
-1036,-12236,11000,-525,391,271
-836,-12088,10500,-9,-439,-376
-468,-11352,11080,-510,-1176,-649
-524,-11772,11276,-2342,-833,734
1076,-9640,7188,-6993,-1168,-719
1892,-11588,13776,-14247,-2872,-5345
-384,-11824,11508,-7577,-139,-4620
-1280,-13256,12412,2571,3775,-5300
-3828,-13152,10104,7438,-2810,-6679
4,-11756,9320,4837,-5436,-2251
-1008,-14236,7840,-2599,-4381,3992
-3852,-18256,968,-806,-6029,8439
1764,-18612,3276,-5095,-7650,15601
10520,-15684,5484,-9588,-9299,11645
12732,-14044,10436,-9456,-7002,-1888
5488,-7648,16468,-13390,-177,-7210
-900,-9944,17236,-2311,10346,-11102
-5100,-11236,13404,7336,5027,-8637
-4560,-13784,6460,12259,2019,-2314
-1332,-19296,3356,11421,-2525,4399
4620,-21588,3276,3813,-3693,-2223
4428,-16832,1552,-6149,-930,-3372
1976,-16000,3272,-15918,-1184,-88
3108,-12168,8420,-9983,-1652,3481
1016,-13008,12492,-7051,-1237,3918
3620,-12396,12304,-373,2171,1604
1776,-11152,13644,-2097,3929,-50
2088,-13292,12200,-3953,1785,-1150
3164,-12716,11736,220,1664,-4695
1956,-19328,12216,8432,1904,-4329
1084,-14348,8568,8624,6230,5827
1768,-9280,7748,3292,1801,10770
1948,-13444,6380,14367,6441,3430
860,-9556,916,16068,5836,246
-900,-8040,2008,7336,11002,3109
10548,-32768,5368,-10535,15423,-15871
