-3496,-14568,5880,-669,-31,-254
-3480,-14832,6052,-610,79,-203
-3604,-14700,6016,-289,165,-121
-3684,-14948,6172,-12,111,-191
-3660,-14452,5896,-229,141,-383
-3428,-14792,5988,-805,53,-336
-3692,-14824,5976,-687,145,-72
-3488,-14756,6076,-786,80,-44
-3676,-14888,5856,-656,158,51
-3692,-14436,5952,-410,176,-81
-3632,-15040,6368,-75,179,-505
-3380,-14392,6996,-1142,-314,-247
-3792,-14472,6136,-5716,20,-232
-3416,-15384,4764,-8398,2272,-2393
-3200,-14648,4760,-8942,3983,-2693
-32768,-30056,32767,32767,7068,32767
-16792,-12104,3524,-5806,-9452,-744
-7432,-14628,7088,3050,-2155,-3053
-3492,-16944,2456,5195,-602,43
-6496,-13600,5360,3679,-3412,2703
-4864,-15584,6268,6117,-679,164
-1888,-4680,-9016,4711,6795,4592
-3472,-11604,1284,655,505,1
-3608,-16692,6140,1964,6097,1167
-2856,-13824,8360,276,3772,-2621
-1736,-12504,6596,-1669,4587,84
-2564,-12940,11340,766,-1552,1924
-1812,-12984,8448,-5724,349,4292
-2844,-12528,9480,-5795,-387,4791
-3032,-13248,9788,-7948,1912,2376
-9140,-13172,4424,-1166,1268,1311
-8328,-5016,2480,-4017,758,1077
-4012,-14352,4320,-3264,128,-4609
-4452,-17196,11236,-3322,101,114
-3400,-10124,4,-957,1249,2728
-6236,-26152,9160,917,-77,245
564,-19272,17428,1566,-6170,-2585
-3876,-4296,-5760,-809,-1502,-2064
-1892,-10880,4200,3560,-6987,-2733
3008,-31004,25360,6142,-6390,3119
12728,-32768,32767,32767,-11158,2425
-4384,-14900,5156,-1609,218,-747
-4360,-15256,4368,3071,-1227,-819
-4352,-15488,5044,8631,-704,-1221
-3684,-15132,6232,12435,-563,-2282
-3196,-13920,6616,11415,852,-3303
-3912,-13884,8720,8769,1445,-2890
-2728,-19224,10256,3679,3350,-1583
-3152,-17056,8684,3946,4125,-1296
-3004,-14888,7920,-1086,3462,-3426
-2628,-13480,6236,-188,6926,-1871
-2196,-14552,8764,1200,5169,614
-2552,-14184,7704,-1143,3456,523
-4880,-12416,8284,-2888,3023,-896
-4944,-13864,7804,-1542,3161,-182
-4268,-12664,5736,-3556,470,-1487
-4380,-14296,10060,710,208,-958
-5000,-13192,8080,-1961,1182,-2231
-2888,-11212,5512,-1459,1394,-1361
-3852,-11768,7720,-918,1079,-2175
-3392,-12772,7356,-92,1770,-710
-3624,-12828,8452,-922,2150,-981
-4984,-13304,10712,627,1413,56
-4248,-12024,9372,590,394,316
-4000,-13164,8352,-1539,-217,-507
-3256,-13184,7028,-4089,277,-551
-3928,-14048,7200,-4783,139,-124
-3896,-14528,6520,-2557,343,147
-3932,-14292,6892,22,365,106
-3788,-14340,6684,1299,-27,315
-3876,-13912,7560,1209,-205,41
-3904,-13916,7392,183,76,-56
-3852,-13980,7152,-143,-16,-255
-4180,-14176,7428,-170,196,-169
