-40,-10056,12576,-559,207,-449
-200,-10152,12516,-624,105,-421
164,-9916,12588,-731,-50,-367
232,-10176,12560,-828,109,-54
204,-10068,12532,-1092,15,108
-72,-10204,12700,-1284,52,285
76,-10144,12768,-1455,68,520
20,-10200,12508,-1324,241,1043
-56,-10316,12136,-1632,431,1210
12,-10420,12048,-1439,1208,1347
-984,-10464,12496,-1375,479,262
-440,-10276,12880,-2437,476,58
-272,-10416,12440,-3120,966,-304
-3812,-10908,16596,2965,-5434,-4328
-468,-9856,13604,2023,-926,-2463
-64,-10276,12384,-354,-578,-850
-1444,-9480,12184,-674,-1972,-736
-3972,-11704,11968,-275,-5823,-108
-2172,-11296,11336,1602,-6526,3382
3048,-13524,10740,2400,-9746,5983
-656,-13032,11820,123,-6175,4792
3928,-14940,13224,-522,-2304,4900
2288,-13532,9156,-1734,2368,4583
1576,-11812,11164,-5653,5003,3855
3324,-11184,13376,-9684,5487,2074
3116,-9120,13148,-7327,7220,1382
-692,-7936,15368,-2356,2797,1849
1340,-10872,14808,17,-1331,-281
44,-4820,8476,3078,1261,-5051
-1904,-9212,12372,8045,830,-9964
-3804,-12876,10820,6224,-423,-3649
-2524,-12736,12044,2188,-1366,-3511
1412,-13916,9420,-1828,-2370,-4027
796,-11324,11260,-184,-2431,-2874
736,-10788,11668,1430,-1581,-1523
-2576,-9412,16704,-216,-1572,1737
-796,-13748,12404,-3050,1394,2809
-652,-11096,12396,-4304,-896,2183
-432,-12340,10324,-2775,-721,711
896,-12352,12868,-2447,-949,126
968,-12088,12016,-1700,308,571
920,-10388,11564,-1363,-471,1115
2088,-11128,11080,-412,856,1500
1120,-8768,13144,1303,-689,565
1188,-9892,14176,121,327,460
1300,-10380,15160,-483,482,-607
1228,-9368,12976,696,233,-696
552,-10720,12324,-413,877,-143
144,-10972,12004,-1930,758,-59
24,-10956,11940,-2435,918,-19
-280,-11484,11364,-1865,986,-211
52,-11692,11240,-1116,60,-665
92,-11504,11324,-673,-224,-638
244,-11256,11424,-194,25,-47
172,-11308,11324,272,41,425
