1284,-8492,13792,455,317,-582
1164,-8220,13764,583,581,-476
1364,-8048,13996,69,970,-165
1276,-8284,14060,-92,1145,56
1520,-7984,14192,-247,1516,116
1260,-7496,14064,-86,1521,-16
752,-7172,14696,-439,1220,-643
8564,-5344,5876,582,-661,-507
912,-6284,15676,670,-597,-2322
304,-7664,14428,1399,-920,-2257
-1040,-8236,13268,-753,-662,-2135
-1376,-6796,14628,-1473,-3486,-961
-428,-9896,13560,851,-8676,3941
-148,-9800,12920,1967,-7390,8428
2504,-11896,12816,2546,-8179,10301
2536,-11684,10168,873,-5384,8280
3744,-11808,12068,-1159,-696,7288
4676,-10816,12780,-2521,3460,4607
4088,-10436,14488,-4505,4303,2622
5212,-7816,12880,-5318,5891,2763
5032,-7380,15236,-4750,6721,2856
2640,-5640,16236,-4463,6485,-1273
-2080,-3656,14772,-3238,5474,-4321
-788,-5944,13748,-1742,2648,-6355
-2084,-6572,14164,1599,-50,-8490
-848,-8008,14136,6178,-1816,-5059
-1364,-10216,12660,11604,739,-1864
-1924,-13860,13032,1321,-2509,-2761
-16,-10020,11976,-3296,-2533,-3504
1396,-9156,12540,861,-862,-2764
1572,-9520,12000,1227,315,152
812,-9648,12096,-3096,1369,2569
480,-10452,16428,-4627,-32,1738
76,-10792,12172,-4350,-469,1005
724,-8820,11300,-3479,-120,716
1464,-8392,13856,-2205,-586,455
2088,-9040,13560,-460,795,-448
2572,-8132,11632,1412,946,-1295
1308,-6900,13188,2265,-7,-1676
2740,-7052,15032,3127,802,-1133
3680,-8144,16760,2596,1217,-504
2124,-7552,13432,2371,2376,-159
2944,-6432,14348,1547,2510,-741
1344,-7236,14196,354,675,-292
972,-7848,14092,-1703,986,261
680,-8084,14032,-2429,-80,-139
928,-8152,13536,-2232,103,-170
900,-8632,13420,-1171,372,-115
