-3088,-15016,5428,-276,17,-174
-3144,-15032,5664,22,13,-76
-3156,-14956,5792,246,61,270
-3108,-15024,5584,424,65,159
-3032,-14588,5968,196,-62,-201
-3264,-14744,5864,274,212,-283
-3148,-14828,5844,550,392,-273
-3072,-14520,5976,350,276,-302
-3112,-14756,6088,147,262,-189
-3072,-14816,6192,49,317,41
-3180,-14752,6252,53,615,197
-3020,-14684,6100,-753,759,-61
-3300,-14880,5884,-1973,1060,-78
-3204,-14724,6208,-3235,1387,-335
-3396,-14844,5940,-6177,1944,-191
-3260,-14680,5104,-8699,2899,-85
-3284,-15464,4320,-9413,2187,-1250
-9440,-28128,17508,-10004,3202,-4817
-6812,-13596,11468,6673,968,2524
-6968,-11804,9816,1018,-1776,774
-5924,-12432,5964,3235,-1036,1400
-3908,-16712,2316,4525,-2704,-565
-7020,-10808,4624,5472,247,1011
-2932,-11292,3384,2376,-1976,1236
-4540,-12792,-976,2229,-2700,1089
-3060,-12992,2640,116,231,2334
-3812,-18352,7624,-1057,-450,455
-3700,-12644,-880,-23,334,-2087
-1228,-15332,5236,443,5837,578
-2448,-15352,7448,-2689,5154,-85
-1408,-14836,5864,-9952,7032,2453
-3228,-15296,10140,-4120,-566,3581
-772,-16328,4720,-3092,5371,867
-2876,-14868,7408,407,4039,-1398
-4848,-15964,6092,-1395,1920,-1203
-6008,-13564,1668,-2532,638,-1378
-2608,-13700,6348,-2146,958,-3345
-4760,-18912,11332,345,-1418,-2309
-1964,-14272,5220,2105,-2713,-2049
-4596,-14744,4860,-2605,287,1967
-296,-9912,1472,6701,-3648,-3454
-15804,3052,-11404,-24567,9090,9546
-6636,-15344,2748,-9801,-3893,-2939
-2560,-15548,2844,-1586,-148,-631
-2592,-15532,3412,4687,-441,-1034
-2460,-15976,3992,9987,-717,-1346
-2648,-15608,5352,12883,136,-1278
-2664,-9960,1844,4699,402,-2849
-3356,-12976,3012,-2295,2167,-537
-2848,-14064,4288,-2649,4036,-2226
-1604,-11864,-352,-2650,4208,-1164
-2704,-12912,3744,-652,1899,-1057
-2584,-14752,6248,812,2709,116
-3588,-15416,6836,823,1525,-848
-2592,-14496,5152,-1365,1863,-709
-1752,-12212,5900,-1709,1111,-1723
-2264,-14048,9480,1528,1584,876
-2680,-13096,10072,3673,1363,453
-2488,-14152,9476,1039,1367,67
-2612,-12168,5968,-2010,938,-1039
-4460,-12664,9644,-98,680,152
-3564,-13668,8108,-3499,214,203
-3708,-14472,7228,-5750,-49,-875
-3600,-14904,6212,-5046,-656,-1728
-3016,-14600,6316,-4609,-232,-939
-2992,-14860,5636,-2913,95,-289
-3032,-14992,5748,-417,133,-42
-3168,-15144,5868,951,124,-10
-2992,-14916,6088,1700,171,-4
-2700,-14712,5884,1587,408,205
-3092,-14592,6296,1576,260,99
-3456,-14620,6596,1591,335,-45
-3188,-14436,6664,509,208,-87
-3140,-14288,6636,-455,332,25
-3200,-14588,6564,-1270,300,75
-2844,-14260,5732,-1112,368,-143
-3020,-14584,6296,-1059,23,-348
-3344,-14696,6288,-626,136,-101
-3208,-14636,6316,-76,77,-74
-3060,-14464,6264,314,291,27
