-2688,-12756,9712,655,-259,-415
-2236,-12496,9588,-76,-340,-796
-2420,-12684,9780,-1246,79,-519
-2324,-12780,9660,-1390,177,-590
-2336,-12980,9772,-1349,488,-678
-2344,-13024,9420,-1867,62,-871
-2208,-12972,9332,-2227,191,-938
-2612,-12568,9336,-3641,297,-1220
-2080,-13232,9252,-5010,286,-1546
-2536,-13444,8872,-7300,882,-1895
-2912,-14572,7748,6723,4222,3153
5912,-19804,548,-10864,-10087,-13589
-5920,380,-14736,25211,3496,12743
7824,-9564,-10276,8064,9278,2926
-1844,-13220,7424,4070,-1495,2457
-720,-8328,3680,4460,379,745
-2252,-14692,15308,1604,1396,964
2088,-25540,23936,2860,-3424,-543
28,-14252,10252,994,201,2124
-1392,-9980,6444,-596,-390,284
-588,-11712,10000,-3330,2314,2319
-700,-10520,8840,-5912,2525,3143
136,-12196,10452,-4925,-1950,3908
364,-12376,9076,-7111,1021,3830
36,-13088,8432,-8316,3282,-501
-3772,-11828,8232,-5674,2425,359
-3884,-15476,10368,-5977,1730,171
-4360,-11120,6048,-3897,-533,389
-4532,-12736,8248,-2725,126,-748
-2852,-15436,11732,3,-3509,-2159
-3056,-15752,10948,-1916,-1972,595
-8624,4588,-14528,-16141,1012,2257
6224,-10816,-22364,-3618,-22139,-5531
4956,-32768,32767,32767,-19505,-19433
-10636,-20704,15776,-15660,4194,2460
-4720,-16708,8036,-353,-7,-811
-2288,-14332,7512,7512,-278,-1104
-2272,-14364,8080,11927,-578,-849
-2580,-14200,8868,14271,-76,-1360
-1880,-13496,9616,13976,1102,-1272
-2592,-14432,9648,3504,2082,-3654
-3092,-12120,8912,522,2210,-4437
-2548,-13496,10880,556,1962,-3152
-1616,-13104,10680,-526,2324,-1260
-3156,-13636,12360,-2072,2251,-1624
-1816,-9872,12472,-5332,2070,-1510
-980,-11336,9204,352,798,-941
-2100,-9196,11952,2951,395,-1272
-1396,-9464,12872,2674,337,-882
-1880,-10460,14320,-262,220,-1212
-1808,-9936,13064,3774,1141,-527
-1956,-10944,12408,2082,1205,-429
-2132,-10476,12104,1297,-120,-1120
-1900,-11248,11524,-2632,-1451,-1893
-1808,-12064,11128,-2711,-217,-955
-1468,-11952,10780,-2120,66,-678
-1276,-11780,10812,-1258,26,-395
-1256,-11948,10736,-894,439,57
-1576,-12204,10736,111,203,-206
-1652,-12020,11000,914,56,-58
-1256,-12096,10064,1098,-8,133
