-5300,-14924,3764,-541,24,-131
-4940,-15360,3676,-489,906,-332
-5276,-14912,3968,-505,479,-327
-5376,-15096,3932,-387,659,-576
-5312,-15116,3920,-508,357,-919
-5212,-14960,3936,-719,825,-1003
-10844,-12588,9840,2046,-657,1034
-5212,-13888,3736,2603,685,-163
-5800,-13356,3596,2411,1760,72
-6576,-14816,4380,3386,2530,270
-6280,-14416,3316,5281,1684,1298
-6480,-13780,3084,3573,1515,2934
-4944,-15444,2636,-1096,2378,5399
-3988,-16340,3436,-5247,1364,4724
-4612,-15812,2900,-7335,-2313,3203
-4872,-16448,3092,-11730,-3385,2423
-4004,-16432,3668,-10444,-776,2353
-4300,-15596,4708,-8046,-712,-1160
-4736,-15320,5636,-1702,-287,-4337
-5844,-14460,6056,4320,-725,-6828
-8204,-12672,6332,9797,-913,-5895
-8360,-12796,2136,10229,-4578,-4998
-8476,-14472,1100,2583,471,-378
-7032,-16528,1916,-643,1795,-244
-4832,-15856,2324,-271,-4,-4036
-4576,-14812,2224,-555,-1391,-2774
-4476,-16020,608,-3993,2383,-411
-5124,-15828,864,-6649,2197,-2604
-4660,-15368,860,-7665,2808,-2820
-4232,-14864,2864,-8425,5070,-1528
-3728,-15444,4592,-5973,3837,-900
-3884,-15924,5852,-2193,2483,-912
-4620,-15804,4980,1153,402,-988
-4672,-15108,3300,1911,-1481,-219
-4540,-15220,1744,-1115,-1215,1006
-4420,-16184,1488,-1300,-986,1112
-4820,-15520,1092,-977,-574,397
-4920,-15368,1228,-610,-431,-205
