220,14696,5700,106,-551,-545
144,15084,5984,-158,-566,-671
-72,14816,5928,-659,-125,-865
-184,15636,5880,-705,324,-930
-672,15124,6816,-558,586,-257
-388,14972,6232,-630,80,174
-256,15476,6708,-369,-329,461
-300,15336,6936,-281,-945,888
444,14768,6168,2249,1264,774
-3272,18536,10380,1439,1709,886
-1144,10476,-9280,-13848,11460,11493
1788,13356,10892,-15221,-4669,-2933
-600,15200,12344,-10428,-1812,-4279
-4260,14516,11988,-9823,-8875,1167
-1844,11700,11076,-5840,-9687,2116
-2420,7084,8196,-354,-9056,938
3036,9384,5460,6467,-4463,-6690
4380,16020,7760,3883,1652,-6196
1368,9196,4852,322,3225,451
2916,13476,6208,5058,-121,-3773
1660,14444,7472,7957,4059,-10544
-2816,15512,8100,1156,-981,-11157
456,19476,4672,-5870,-7257,-6358
1728,12852,7128,3690,-3444,-10173
1952,12628,9224,3993,-3231,-6898
4136,14420,9596,-868,-4539,-4388
2596,16508,5784,-1807,-899,-4275
32,18384,8028,2053,-1915,-6211
4964,19428,2916,3021,-6011,3639
-1592,18172,232,4322,2729,9125
-11948,13480,2688,952,5335,6421
-7588,17192,7504,3149,8313,392
-9656,14300,7180,9056,11618,9655
-5936,13136,7852,1957,14766,9497
-4168,13196,9064,-2088,8994,7091
-4840,14364,11196,-1617,4194,9409
-3052,10816,12948,-2999,3073,1181
-324,9576,6432,-7434,-862,-13573
2208,12420,7148,-5620,-908,-10244
180,16036,8436,-7962,-6475,-8417
3636,18360,7124,-2430,-3264,-7930
880,16976,6968,2512,-171,-1918
296,16884,4524,7466,-1614,755
-844,13940,1920,3458,-1899,-2061
-872,16984,2608,-1208,3395,-4624
-880,18644,1928,2812,-357,532
-56,18440,1480,4478,2868,4293
-28,16280,2804,3101,5530,4921
-432,14212,3176,-582,5978,613
-4640,16000,6072,-2599,3638,424
-4184,16888,7000,-3535,4003,3497
-1732,12652,7252,-1637,5257,3222
-3100,15404,11108,-1632,3267,1942
-5288,13236,11072,-1263,2321,5133
-5288,10348,9772,-3580,390,7050
-3144,10304,10024,-5094,2646,1612
-1924,14776,10460,-2771,141,1902
-120,13624,7568,1986,690,2109
-1356,14848,7388,3553,1308,1631
192,14668,6364,3583,-648,2064
100,15144,5572,3563,-336,1250
-400,15084,5868,2855,98,439
