-5172,-14720,5436,-187,508,35
-5000,-14652,5128,-519,59,-320
-5160,-14544,5168,-669,97,-108
-5488,-14540,5484,-608,634,-4
-6804,-13628,4668,2104,-1307,1520
-5972,-13912,5564,1433,13,172
-5892,-13920,5332,1689,643,448
-5604,-14320,5204,2275,1431,1279
-6164,-14228,5148,1083,1266,1317
-5928,-13912,5356,984,1933,2151
-5548,-14900,4332,479,1673,1666
-5712,-14332,3624,-962,1454,2949
-5204,-14776,3792,-2225,692,2568
-4356,-16396,4796,-3702,-761,813
-4688,-16348,5152,-5175,-2501,-208
-5004,-15236,4448,-8547,-3383,27
-4288,-15240,4288,-8690,-1576,-404
-4688,-14696,4480,-7486,-2814,-3880
-4580,-14980,5816,-3595,244,-2412
-4180,-14668,6712,982,1185,-2535
-4732,-14608,6732,6641,-663,-5220
-5260,-13708,5896,8742,-2007,-5020
-6392,-12972,4876,6556,-888,-1527
-6444,-13456,4548,4695,-1582,1449
-6016,-14612,4564,2331,776,2453
-5872,-15844,4032,636,1098,1182
-5592,-15776,4400,-551,923,-1027
-4352,-14576,3280,-1168,998,-1281
-5216,-15392,3860,-3141,2327,402
-5272,-15244,2728,-5027,3310,168
-5452,-14784,2412,-8805,1239,-605
-5552,-15088,2552,-11142,109,-728
-4184,-14832,3696,-10407,2913,1127
-4668,-14720,4576,-6172,859,826
-4672,-15248,5544,-1820,668,352
-5616,-14748,4580,1156,709,-1400
-5016,-14724,4216,1267,364,-679
-5192,-15364,3832,431,-170,-143
-5484,-15608,3132,-143,-51,487
-5348,-15108,2196,-675,-412,219
-5500,-15592,2380,-593,-410,-291
-5152,-15088,2420,-60,67,-211
-5036,-15052,2136,-435,124,-61
-5236,-15168,2380,-273,269,118
-5308,-15212,2476,-380,31,202
-5292,-15316,2524,-149,315,339
-5352,-15212,2484,-96,100,247
-5484,-15088,2540,-111,201,286
