-300,14204,8388,-813,-145,-738
-472,14108,8400,-354,138,-28
-368,13720,8084,-121,232,317
52,13948,8096,-349,202,-392
-272,13812,8660,-380,-23,-569
-412,13944,8524,73,-453,-328
-684,15184,10036,-138,-1517,-334
-4312,14968,10716,-19116,-25539,-104
-1824,12696,15364,-3490,-19358,6620
3888,14620,10724,-21361,-19019,-7626
2952,9968,9776,-12618,-14341,-2737
-1920,3596,10848,5030,-9357,-2382
-376,7676,9216,7539,-3576,-11844
700,10576,9096,8940,-569,-8392
1072,12688,7204,8473,-3156,-7728
5568,16456,5684,319,-2371,-11443
2944,22272,9856,861,697,-5195
544,18724,10600,-9084,-7358,-1285
344,8544,5356,-2117,1163,-7360
-1508,14128,9056,2651,95,-6499
824,13196,7900,2486,-478,-7701
2404,10236,5408,8886,4255,-6103
2452,14432,8040,11974,3693,-5422
10680,15224,1760,828,2209,-5315
2660,14872,7236,916,4391,-4622
3196,17248,7608,-1204,5325,-30
836,13760,7324,-2382,6631,366
912,21244,4660,1076,1056,821
-6780,18968,4140,2774,7206,9646
-8596,14504,2528,4782,7819,13519
-6932,15292,4536,5778,15088,9417
-8984,13580,8388,5306,9200,5141
-5236,14876,7340,2290,8488,6789
-4392,12820,8780,-1600,4470,3449
-6528,10968,11316,-2505,10529,-1637
-2624,9444,10612,-2679,4875,-2544
-4836,11736,14292,-2633,-1866,-3290
3712,12072,4388,-1580,4044,-5573
2608,13108,6976,-2315,-2561,-3879
-924,14404,6032,-6360,-2880,-1634
220,15444,4820,-1090,-49,-388
1752,15172,3968,1998,-2764,-901
1572,15456,3004,3750,-1601,-1305
372,15100,2576,1683,1773,-3813
-148,19116,3640,4871,-793,108
2508,17912,608,7368,-1080,3193
664,15972,600,6329,3289,1657
2500,14728,-1160,5139,3875,55
-3324,16532,4872,1024,7341,851
-3004,15060,3664,-1841,3253,558
260,14968,2656,-1467,2942,534
-1524,13488,4724,-1026,2296,-566
-2512,16052,7796,-2219,3921,830
-1760,15788,7660,-2057,4676,1396
-4304,13852,7852,-2135,1487,2981
-4384,13724,9024,-3325,155,3896
-2332,12116,8912,-4257,249,1271
-2836,12424,8204,-4307,737,-572
-2404,15612,7860,-1516,-920,2654
-60,14408,6828,1504,595,1489
-88,15420,6612,2592,1196,910
-528,14416,6184,2121,-480,133
-580,15208,4420,1522,-792,-248
-232,15488,4548,714,-39,-381
-388,15068,4664,-105,83,137
-452,15596,4860,-773,-183,692
-368,15232,5576,-1539,-410,940
244,14828,5228,-1704,9,159
-420,14924,5692,-1116,-304,-261
-880,15344,6116,-1151,-29,-77
-488,15480,6064,-1202,-324,805
-4,14596,5852,-1110,641,-92
