1344,-8064,13784,143,536,74
1384,-7936,14140,-342,288,-92
924,-8200,14124,-554,-68,-294
1444,-8268,14012,-585,-7,-41
1476,-8048,13788,-533,132,187
1508,-8140,13676,-452,122,165
1348,-8140,13856,-672,410,-20
1248,-8096,13992,-673,262,63
1248,-7560,14336,-9,-234,195
1212,-7932,14104,-479,-186,283
1060,-8040,14436,-1710,31,-312
1316,-7468,12496,1910,-1387,-79
1340,-7080,14152,1449,-2296,-238
-432,-6852,14864,2310,-2633,-50
-1284,-7836,13096,2887,-4205,1764
-2052,-11548,16500,1766,-10379,4882
2320,-9024,9780,876,-4725,8142
3884,-10912,13312,310,-5580,6191
6284,-9168,11076,-3543,-341,6535
4868,-11972,13812,-7597,2373,4558
3784,-7972,14504,-7419,2912,1688
6064,-7944,13184,-6451,5083,1816
4472,-6208,15856,-5202,4546,1801
3964,-6208,14400,-4120,4774,55
660,-6728,16184,-2239,2492,-3490
2392,-7392,15332,-729,2319,-6163
504,-7660,13348,3286,1313,-9208
-3284,-8292,16020,7749,-933,-4480
-2092,-9520,12628,9214,-1756,-1202
-2152,-13204,13012,1941,-1130,-2439
1812,-10096,11688,-2373,-1312,-3946
1604,-8852,13288,604,-596,-2792
1072,-7808,15884,-1075,-1220,1134
-572,-10028,11912,-5287,1811,1288
700,-10096,11120,-6239,-339,1251
1564,-10172,11632,-5677,-758,1142
1780,-9928,11860,-4553,-61,1154
2452,-9976,11972,-1833,-211,513
2240,-7272,14964,-974,443,715
1632,-8916,14564,-527,230,659
2320,-7068,11536,735,1090,533
2840,-4980,16116,1933,573,-597
2304,-6280,15976,3655,657,-967
1488,-8404,14148,2365,1119,-24
1208,-8676,13680,-1211,1386,835
472,-9108,13376,-2507,554,318
828,-9356,13124,-1899,276,-468
