-1980,-9224,13368,337,24,-124
-184,-8648,12220,323,-385,-52
-2796,-9100,12784,-497,550,-566
-2756,-8364,12472,-1472,960,453
-2104,-8696,13140,-1331,401,1215
-1784,-8876,14364,-1737,-116,580
-3236,-9060,14644,-2,-816,319
-2172,-7180,14444,-553,-25,1546
-784,-5124,13100,-4110,1655,1846
-392,-5796,14048,-5239,958,-612
-3284,-6912,17396,-3645,-87,-3319
6104,-6288,14396,-9168,-1460,-8744
4772,-9588,10740,480,-477,-20949
-6380,-13144,9484,-5613,6389,-17907
-2736,-13036,13152,-8159,4167,-1767
932,-13916,12192,-15350,-469,-6119
-2560,-16332,12428,-7940,-6154,-10161
-3000,-23972,20380,-3792,-6368,-2172
-3132,-15360,10036,-156,-12032,2487
-1068,-14972,9008,-2993,-12796,4555
-2432,-14960,8848,-1384,-19225,6253
1532,-16108,3916,3933,-21658,6323
192,-18948,1800,5917,-21459,14867
4304,-18336,1052,986,-17550,18504
5428,-18664,4732,790,-18268,17169
8176,-17436,-3968,-4150,-10950,12933
5176,-16768,3848,-4770,-4012,7005
7408,-16800,1584,-2724,3070,6948
7216,-14972,5808,-3701,7720,3165
5484,-13112,10448,-4097,13647,-191
6328,-12428,12036,-2326,17002,-8781
2952,-11272,12600,1121,25615,-17369
-6312,-7620,21824,6599,5679,2015
5076,-10768,12664,6504,3758,754
-2292,-12248,15884,3430,2651,-6502
-4892,-11116,13620,4429,-3275,-1494
-568,-12912,7556,6807,-6556,1093
-816,-15108,8864,1644,-3230,-52
2736,-14180,4624,2166,-693,-660
-120,-17224,5496,863,1835,-3654
-1640,-18632,4776,-6222,1924,-3152
-1852,-16932,3492,-7693,1502,-1077
-208,-17416,4128,-4480,4530,-7425
-1068,-17244,2660,-4753,1754,-7406
152,-17940,3672,-1016,591,-1328
3684,-17100,3296,1057,1882,2102
3892,-16616,4128,-183,7422,2891
2744,-15140,6852,85,11163,1002
1632,-14412,7512,-65,13561,-4507
344,-10848,8340,-2900,18529,591
672,-11576,8960,-4312,19840,244
-1000,-13252,9668,-4302,17221,-1740
-1596,-12568,13064,-5128,11778,833
-1444,-13116,12496,-11027,11680,-1115
-2112,-13480,7952,-13681,9916,-973
-3800,-13804,6484,-13425,9475,-2479
-5076,-15136,9704,-4759,12127,2242
-5180,-16568,11692,10217,-3896,4516
-2264,-15632,7464,19025,-14223,4707
-3776,-14012,4180,16989,-11892,2230
-4632,-16840,7044,12874,-8818,1964
-2528,-12204,7580,13129,-10768,2096
-3804,-11452,9124,12412,-8981,504
-3992,-10304,7064,9273,-7216,2098
-56,-8892,7948,-746,-4578,3869
-1988,-10740,11224,-1653,-252,3623
-1932,-11472,11028,1578,-1139,2280
464,-11104,10332,1609,-1977,2389
