-4104,-15112,4952,-175,-25,218
-4140,-15016,4828,-291,-38,-156
-4076,-15056,4712,-70,76,-238
-3940,-15088,4508,612,-249,-175
-4112,-14816,4220,1912,-238,-354
-3752,-15004,5000,3286,-116,-539
-3964,-14712,5608,5586,-448,-878
-4036,-14280,6320,2834,-801,-197
-3796,-14276,6308,-127,-330,531
-3996,-14568,6240,-856,300,293
-4068,-14268,6320,-2831,420,96
-4240,-14560,5940,-3381,660,-136
-4136,-14428,5936,-4740,868,-441
-4444,-14608,5832,-5143,1382,-1067
-5660,-14852,6580,-6123,406,-998
-6444,-18212,9500,3924,-785,2456
-5004,-14824,6296,3714,1181,433
-5948,-12704,5864,2016,-2103,802
-4408,-13772,5748,1892,-3257,-1331
-1944,-17548,6204,4756,-2634,-2400
-2616,-21316,10920,3952,-7264,-5711
-4660,-16028,8576,9170,-6726,-2407
-1596,-32768,22092,5789,-18177,716
-22216,26740,-31716,16748,12028,22260
-4992,-1072,-3836,6097,3399,4590
-836,-13380,8916,6811,-1696,1313
-2576,-14312,12540,5281,-2191,-1049
-1724,-9700,5140,3019,1071,1746
-2692,-8712,9716,2495,171,562
-524,-10680,8748,-83,806,1850
-2528,-9956,11504,-4062,-212,1752
-1376,-11044,10936,-2147,-1728,2777
-328,-9016,10044,-4280,723,2190
-1088,-11172,11724,-7448,2349,-1592
-2168,-10040,9548,-6583,3462,-2126
-368,-12116,12316,-4433,-256,-1611
-4184,-12484,14536,-2360,33,379
-3736,-12880,11600,-3349,1507,1000
-4124,-7232,7592,-1143,969,-2679
-6576,-6904,4692,-3352,-415,-188
18056,-22304,376,32767,-25243,-30156
1944,-19724,-908,-16096,3955,2623
-5220,-15004,8120,-4249,-2549,-2553
-3352,-14448,7800,3705,-1344,-2729
-2260,-14560,7764,12100,-1145,-1977
-1688,-13512,8276,16108,977,-912
-3304,-12868,10228,14895,1564,-1460
-3000,-13600,11232,5459,2097,-3988
-3808,-12084,10088,517,1795,-4801
-2288,-11760,10660,641,1087,-1985
-1700,-10608,8584,-2599,259,-2289
-1616,-11668,10300,-2504,-201,-671
-2476,-9056,8872,-4760,-1714,-1379
-2328,-12616,14240,-3190,1601,-1253
-1952,-10776,11536,-3350,160,-1722
-2264,-11424,12164,75,469,-1765
-1580,-11140,14036,5495,-67,-562
-1460,-10536,11580,5601,214,-1169
-1100,-9532,11688,2687,297,-95
-2060,-11348,11648,-2423,1195,301
-2236,-12332,11504,-2496,22,-848
-1944,-11852,10780,-1702,-499,-1642
-1752,-11888,11296,-441,-1003,-1605
-832,-11540,10768,241,-391,-578
-1124,-11536,11264,710,597,169
-1456,-11616,11284,1210,75,4
