1696,-4956,15256,-1486,-70,209
1936,-5404,14832,-1226,-16,166
1600,-5284,15140,-678,245,7
1600,-5100,15172,-881,-246,-150
1796,-5436,14580,-1039,-373,-70
2484,-5116,14552,-1282,366,225
1524,-5708,15184,-1025,244,50
1572,-5504,15356,-816,10,3
1324,-5440,15336,-1166,-351,62
1888,-5500,14864,-1404,-36,459
1908,-5436,15024,-1855,223,357
1740,-4820,15396,-1823,-582,601
1916,-4864,15496,-1390,-1089,475
3056,-5512,16000,-95,-1258,858
912,-6476,16792,188,-1309,510
476,-5696,14984,-651,-3053,515
484,-4908,13584,-1671,-4949,1859
-1424,-5808,14016,-402,-6888,4144
448,-13324,18200,1329,-7279,9055
4892,-11748,14540,813,-4782,8325
3780,-9280,10848,-1268,-1902,7405
4188,-7956,11664,-2668,-200,6745
4568,-7448,14300,-2331,5042,4851
5604,-5540,15236,-2230,5412,2402
5932,-4540,16056,-602,7749,2962
3284,-4208,18652,-439,5546,3605
2096,-2508,15124,-3938,1828,2249
4324,-4192,14616,-5308,487,-5084
1180,-6728,17572,-1374,30,-11076
1348,-5788,16104,3113,-334,-5292
-2628,-7264,12328,7477,-1332,-2566
-4680,-13376,14300,1316,-4406,-2498
2212,-9352,13204,-3200,-7301,-4660
3304,-8672,14008,-436,-768,-1202
1852,-9652,14104,-2598,2472,2609
1180,-10472,15800,-4976,608,2360
1256,-9064,13880,-5052,-17,506
1604,-8792,12168,-4037,739,318
3348,-6804,13752,-3121,1186,1069
908,-8772,14452,-1138,1224,-117
1496,-7584,14180,-305,-652,-683
3532,-7764,12952,784,1997,-753
3716,-4984,10404,292,2790,238
3496,-5420,15808,1136,1496,-139
3092,-6796,16768,1780,2933,-399
2976,-4856,15292,2446,1970,-479
1312,-6740,15060,-1124,441,132
1388,-7336,14652,-2831,35,173
1276,-7872,14088,-2863,-261,-370
2048,-7892,13264,-1556,-706,-1403
