848,-5896,14800,-485,-82,-215
932,-5700,14952,-533,65,-89
996,-5572,14596,-581,-164,213
336,-5648,15028,-964,171,583
1004,-5848,14788,-1408,141,418
984,-5528,15060,-1863,-136,264
560,-5752,15344,-2636,-565,-156
40,-6056,15396,-3508,-2049,-1599
448,-6244,15236,-4334,-3852,-1871
1204,-8128,15580,-1443,-2768,-3
724,-8252,16372,544,-3186,351
472,-5288,12440,2509,-4611,1815
1436,-9544,15284,1377,-3783,1406
612,-6704,17520,1498,-6140,4221
-2000,-8040,14292,1247,-4200,8639
3440,-8584,11712,1196,-2930,8797
4200,-9900,11400,363,1242,7005
5248,-8788,14180,-1941,3319,7858
4708,-6920,15000,-2919,4642,6625
4972,-5056,14000,-2406,5941,5564
2292,-5072,16996,-2992,4618,1929
1244,-4364,17104,-2965,4141,-864
2636,-5188,15684,-1851,3817,-7057
-964,-3388,13408,762,394,-7534
-2244,-4004,13860,1789,611,-5543
-1132,-8888,17564,4169,-1412,-4427
-4248,-8324,13804,5177,-1426,-3142
-1980,-11356,14912,-1838,-7425,-5013
3256,-6964,12584,-885,-1734,-3927
2128,-6928,14152,1064,534,-1687
1740,-6560,15040,1414,386,48
-1232,-8320,14264,-2603,1016,1941
588,-8788,13792,-4229,-313,734
928,-8652,12912,-3189,129,265
1884,-9936,14460,-2461,398,301
1160,-7916,14300,-1754,685,-32
1292,-6508,12628,-270,1644,210
888,-8584,14892,1955,1864,-798
2200,-6484,14816,2644,1359,-725
2224,-4836,12988,2584,1261,140
2688,-3720,15624,1948,2575,352
860,-3724,16860,1347,1821,-229
2332,-4404,15260,236,888,-643
2420,-3364,15944,168,542,-406
592,-5440,15128,-487,651,188
-16,-6280,15016,-1805,608,768
224,-6420,15108,-2404,-492,-42
684,-6020,14332,-1846,-170,-464
608,-6724,14488,-784,412,-487
