852,-6284,14496,-247,431,-148
564,-6216,14764,-603,110,-202
624,-6048,14300,-930,500,-48
524,-6476,14708,-1358,338,248
460,-6420,15132,-1727,-428,277
428,-6300,15464,-2001,-274,271
612,-6180,15340,-2497,-881,-35
-288,-6544,15144,-2821,-2938,-1076
860,-1300,14880,-793,-5308,2108
-1192,-4288,15248,3081,-6471,3227
-660,-7368,14036,4045,-5028,2241
696,-10100,14704,721,-4695,1622
-4460,-10212,19072,631,-4854,7395
1460,-9152,12880,-615,-4077,9475
3692,-10600,15684,-625,-3741,7472
4496,-8564,13532,-1061,197,5075
5276,-8396,14088,-2766,1826,5345
6028,-7644,14152,-3620,5725,3324
5976,-5292,14420,-3107,7684,3168
3096,-3884,16396,-3617,6744,944
2044,-5892,17772,-2373,3639,-3368
1500,-5428,16692,-2735,1209,-8402
804,-5400,15624,-1020,-1523,-9711
-116,-3352,13512,1345,65,-5987
-2340,-8308,14972,7661,1674,-4595
-4784,-11128,11264,5014,9,-2471
-220,-13252,11568,-4938,-5471,-4374
2344,-8840,12556,-2188,-3386,-2570
2108,-9004,12704,1906,1391,-884
-964,-11052,11516,-476,2582,2665
-236,-10268,14504,-2484,1157,1656
448,-8180,14932,-2576,-779,617
1308,-7668,13636,-972,-442,377
1536,-7792,13688,704,849,-710
1104,-6108,14908,2521,977,-1669
2812,-5772,15240,3320,1784,-1699
2136,-5348,16828,3344,1489,-1904
1792,-3768,14564,3030,1209,-1564
708,-3816,16820,2628,674,-1682
2032,-4224,17032,3451,2217,-1902
2408,-4208,14224,2635,1177,-1011
1304,-5164,15152,258,877,-81
888,-5304,15016,-1671,898,306
448,-5796,15216,-2337,-375,-167
1008,-5924,14948,-2495,-685,-208
1176,-6084,14748,-1907,71,190
776,-6308,14788,-1138,443,339
1072,-6116,14736,-361,520,198
744,-6012,14868,-218,472,321
776,-6184,14728,155,734,478
576,-6152,14716,181,757,91
456,-5948,14896,28,84,-326
