-5372,-12060,11048,-1072,1241,-110
-4132,-12580,11320,-869,713,-121
-3744,-12156,10324,-27,-1351,-271
-3324,-10920,10556,-806,-614,-866
-5076,-10108,10724,-560,776,-498
-4748,-10260,11788,-1819,-417,524
-2876,-8852,13600,-1232,-2357,2249
-3732,-10608,13596,-2627,-2979,1054
-3356,-9428,14068,-1936,-6238,3110
-1112,-9456,11304,-1256,-3784,4508
-5488,-13148,10980,-1468,-1449,168
-4560,-10776,10528,1135,-4541,515
-3200,-13428,10492,2583,-2152,-4242
-7676,-13712,6444,8416,-6945,-9888
-4296,-8684,8372,-2524,-6320,-10044
-2652,-10920,9108,-12232,-3165,-6446
-2728,-13936,6684,-8651,-3669,-9992
-6976,-16112,7168,2876,-11724,-2995
-6620,-17112,7768,-185,-10874,5088
-6112,-15532,4128,-1172,-18815,17424
-3372,-16800,2868,-501,-11646,15033
10400,-19632,-3144,-5934,-13152,-4941
5628,-18500,3336,-3196,-16450,1337
7272,-16568,720,-4662,-5554,13493
7016,-15600,3316,-3604,8249,13324
8636,-16044,10632,-941,18339,10036
10508,-9956,10060,-713,21961,2508
8760,-10400,15688,1080,16655,-5875
-3496,-3184,20744,4264,8463,-12882
-276,-5876,17436,4073,599,-6469
-5716,-8088,15548,4096,103,-979
-5364,-9080,6544,2035,-2194,1033
-1136,-13800,8892,87,-9422,-1143
-3996,-15536,5524,-73,-3312,-507
-3440,-17776,3800,-726,-2615,1170
-4164,-18920,3660,-1219,-3196,-3209
-684,-19056,1572,-2807,-1638,-5751
-2084,-19880,-844,-3554,-4483,-3860
-2016,-19080,892,109,2921,-3197
2284,-16900,2400,5469,7037,-4039
512,-18836,4432,7731,12298,-3357
284,-17100,7364,5646,17725,-7354
-3048,-15884,17160,-1704,19386,-8477
44,-10576,11200,-2359,21520,1961
-5352,-12432,12844,141,14677,-1839
-6920,-10128,14000,-8683,15156,-2056
-6876,-9204,15292,-12143,8735,1470
-7932,-13692,13940,-15173,2579,333
-7916,-14088,13440,-13002,8151,-143
-3512,-12128,9056,-7343,5054,-1957
-4628,-14496,8368,503,2351,-5227
-4336,-15968,6632,9124,-5870,-223
-4248,-15980,3680,7785,-5915,-1418
-5180,-14508,4200,7093,-7082,1314
-4932,-13208,6120,6505,-7059,1204
-3524,-12884,6732,2893,-6168,857
-3744,-12916,7368,3279,-6218,893
