-3444,-13192,8788,-455,47,-231
-3412,-13128,8632,-276,256,-86
-3252,-13316,8760,-294,119,-218
-3404,-13120,8524,-202,239,-91
-3616,-13100,8864,-321,9,-236
-3436,-13176,8868,-448,104,-270
-3476,-13072,8672,-825,85,-204
-3404,-13152,8636,-1023,226,-145
-3340,-13272,8768,-1428,492,-185
-3636,-13360,8720,-1776,747,-241
-3404,-13072,8488,-2357,1907,743
-3560,-12896,8708,-3141,1961,228
-4464,-13680,8308,-5684,2770,354
-3752,-13648,8028,-8988,2082,-153
-4228,-14312,6544,-10470,2210,699
-4756,-14716,6664,-4179,-744,-2506
-800,11260,-24948,7359,-895,-1755
-32032,1996,23076,7476,-14151,13150
-7340,-29808,976,-7130,-12239,4979
-4744,-15404,6156,-767,-70,4284
-1556,-15936,8396,-466,-2355,838
-956,-15768,7976,542,-2343,398
92,-12320,7276,4747,-574,-536
1388,-17416,11892,1239,1624,1955
-1372,-18096,13392,3567,3014,-511
-2648,-15604,12404,-658,5618,-1263
-248,-15684,11488,-515,3312,1797
-3016,-13412,9952,-5882,52,2708
-2488,-13700,12376,-6039,-148,2054
-1644,-12596,9384,-5867,2306,-1366
-4360,-11780,10560,-4476,2525,1816
-7632,-16720,10876,-4571,-1241,-244
-6848,-12332,6988,-5108,-2675,-2006
-10632,-13568,4612,-20753,3489,6373
20596,-32768,32767,31776,-12230,9246
-6216,-24924,6424,-17861,7976,5287
-7748,-12920,3860,-20457,12213,6041
-5060,-14412,3544,-189,1459,526
-3212,-15244,3412,12087,-2532,-3216
-2940,-15436,4524,21269,-2584,-4535
-2976,-10568,5336,5511,3295,-11500
-4132,-14816,4588,-2061,4654,-4501
-4248,-13480,7244,-8130,7823,-2185
-3556,-12788,3684,-1648,2477,-289
-72,-16508,10832,3037,2087,703
-2492,-14344,10512,5628,1698,738
-3512,-11804,9272,-84,1228,431
-3308,-10776,11300,-3382,2068,140
-2232,-13236,13732,2399,1947,898
-3892,-14432,13472,3931,-175,644
-3828,-12200,9568,1354,-246,-739
-3480,-12976,9060,-1574,-921,-1381
-3380,-13264,8244,-2682,269,70
-3692,-13972,8016,-1335,458,592
-3600,-13616,7860,680,212,524
-3672,-13664,8460,956,-85,-48
-3692,-12960,8684,1462,56,15
-3624,-13204,8664,1107,303,521
-4056,-13124,8932,584,255,296
-3728,-12736,8732,-405,129,-294
-3672,-13152,8604,-965,258,-159
-3764,-13292,8476,-411,164,-73
-3788,-13160,8692,-224,-229,-164
-3884,-13000,8736,207,-246,62
-3724,-12996,8624,137,115,-69
-3864,-13012,8700,-669,-49,-259
-3744,-13160,8720,-375,-42,-344
-3836,-13136,8856,-383,120,-114
-3932,-13164,8728,-421,83,-235
-3732,-13040,8988,-353,-118,-209
-4052,-13084,8784,-187,80,-152
-3996,-13292,8964,-205,82,-170
-3764,-12812,8924,-331,118,-321
-3876,-12928,8900,-599,99,-180
