-692,-10508,12244,-784,-550,-338
-1912,-10852,11716,39,-368,247
-1224,-10568,11248,-1350,1900,44
-1584,-10388,11752,-1203,25,555
-1096,-11332,14240,-239,123,96
320,-8748,13712,3096,-1781,1908
7856,-4276,15628,4302,3736,1051
460,-4400,14944,-1521,4919,892
-1572,-9964,13844,-574,2555,-7129
-2200,-9024,10172,161,4733,-8498
-7972,-12452,10344,-9069,3622,-3487
-3056,-13208,7512,-4419,-1524,901
-3824,-11484,9792,-6469,-1134,-4006
-3676,-10980,10224,-4849,-4140,-4137
776,-12748,9472,-6055,-5336,-6735
-5580,-22548,10144,2407,2574,199
-2796,-15452,7456,52,-8987,2381
-1044,-18472,9096,-4134,-7349,2922
-9148,-16436,8096,-177,-15920,7018
-4992,-17896,4876,-1870,-18930,18680
2348,-17524,3676,-5589,-14112,13815
3408,-20972,660,-5925,-16061,13149
12088,-17948,5244,-7872,-18153,11151
9284,-11188,5000,-10268,-1336,12170
4172,-22036,3300,-9948,7131,9837
10368,-19860,8336,-13566,14501,-594
5728,-10060,11692,-650,21459,-4803
7708,-15036,24912,9040,13824,-10303
868,-9880,18400,14833,6788,-12332
-4884,-12008,17116,13018,1547,-3890
-5748,-11288,6448,8529,-1853,6243
-11048,-13028,19564,2699,-2531,-1574
-9468,-11516,14592,7543,-11417,-1991
-3420,-16508,8072,5833,-3950,875
-4684,-17484,6404,1155,996,-1942
-3736,-17700,4740,-2247,-695,-4532
-2724,-16892,3144,-5089,1441,-4471
-3380,-16488,4280,-2005,-1553,-4724
960,-18476,2424,-2489,-1339,-2530
-1476,-17576,5320,-3231,-439,-1194
-144,-15980,5100,-1673,4524,-110
1136,-15252,6656,14,6476,-5
664,-16136,5776,-2275,11614,300
152,-13324,8720,-2111,15204,1635
-2160,-14012,9404,-761,13806,540
-4340,-12200,12524,-2947,13684,-752
-6100,-9864,12476,-7080,14855,4304
-2924,-12916,14232,-2991,9377,5155
-7008,-12596,9804,-3868,8655,2543
-6560,-14708,13632,-6170,6105,-3700
-5684,-13984,10332,-7066,7678,-7418
-4976,-13488,8640,-5799,8604,-7432
-6312,-14156,9156,3539,-5017,904
-5432,-15248,9328,10492,-9060,-305
-2432,-15196,6288,11892,-9959,-955
-4772,-13012,6332,9679,-6217,-389
-3868,-12728,6260,13014,-8413,3536
-1276,-12384,5364,2521,-2481,-2149
-3756,-12632,8196,1744,-5024,491
-2520,-13476,9188,3160,-5006,2287
-1856,-12916,8632,-506,468,-501
