-3632,-14168,7196,-429,166,-27
-3576,-14264,7036,-369,313,-90
-3620,-14352,7224,-508,148,-124
-3632,-14232,7128,-590,118,-209
-3544,-14380,7064,-534,111,-148
-3808,-14308,6984,-393,275,100
-3736,-14212,7200,-216,257,-83
-3576,-14016,7144,-66,509,-1
-3932,-14312,6980,121,846,53
-3920,-13984,7336,-93,365,-533
-4512,-15004,9180,-711,593,-227
-3636,-14176,7352,-242,729,-287
-3276,-13520,6852,-1751,484,-423
-3792,-14664,6668,-3439,1326,55
-4004,-14304,6548,-2907,864,-425
-3904,-14644,6792,-3453,549,-283
-4152,-14720,6220,-3548,595,-252
-3876,-14732,5980,-3362,188,-1421
-3340,-14572,5424,-3657,245,-1316
-5464,-16016,5636,-4711,2077,-2777
-3584,-15324,5560,-8884,954,-5717
-764,-10648,-29300,12494,-21913,-3625
2348,-20888,-5624,-634,-5560,-2600
-672,-19164,4288,-443,-2014,-2516
-3092,-17480,6508,-560,-3089,-728
-3436,-16480,6584,-102,-2094,732
-1108,-15848,5516,891,-3914,68
1284,-17432,4184,2759,-3574,-4123
-976,-14416,1500,1275,-4224,282
-68,-19400,6952,337,3095,1320
-1224,-14804,6404,1403,2625,488
-1552,-14900,5156,3302,4905,668
-1940,-15168,5904,514,5863,136
-2636,-16740,7708,1339,6887,-366
-2392,-16456,9536,-1391,727,602
-3256,-13504,5100,-4292,-815,2635
-1720,-14276,5032,-2887,121,3496
-2680,-15152,6560,-1368,1426,144
-3980,-14300,7572,-2173,1587,151
-3212,-13444,6208,-2353,-772,1013
-2604,-15240,7108,-2444,-1720,563
-6696,-13788,6948,-3548,824,525
-4400,-17976,9428,-2263,658,-1389
-4812,-10888,1680,-782,38,-1635
-2920,-16580,9664,1993,-2820,-131
-2904,-16588,7568,-359,-2372,3570
-1964,-10176,-2788,-2639,-2142,149
292,-14608,5880,3992,-3531,-567
-1124,-23268,13148,1461,-2829,-2725
-2336,-12896,-1388,200,-1207,-2462
-5984,19128,-30256,-6076,1445,-1586
-3576,-14656,3844,-3131,-791,-1156
-3188,-15764,3976,2853,-909,-1407
-3380,-15396,5020,7316,-848,-1257
-3632,-15072,5264,9197,116,-1030
-3568,-14800,5840,10355,831,-2049
-3280,-12484,5116,7476,1648,-2254
-3452,-13072,5600,-2200,2019,-2469
-3168,-15792,6000,-2268,2422,-2624
-2688,-16840,6964,-3538,5584,-595
-3136,-14132,3484,-1400,2458,-1079
-2712,-16028,5716,1345,2638,-976
-3348,-15000,6980,-2524,1509,-872
-2476,-13400,5392,-2488,2477,59
-2896,-14456,4780,2090,-342,-1413
-3476,-15260,8156,423,194,-1535
-2840,-14708,7476,-828,1990,-463
-3492,-12116,4704,-3183,888,-675
-2652,-13352,8192,-1130,475,-393
-3956,-13420,9152,2311,1924,353
-4336,-11652,7668,6534,1181,307
-4240,-12424,9220,4852,81,-284
-3736,-13604,8224,-1156,213,-244
-3944,-13776,7080,-4522,105,-751
-4040,-14616,6840,-4631,298,-829
-3592,-14628,6272,-3348,-618,-1175
-2948,-14964,6276,-850,-260,-381
-2832,-14292,5856,410,872,623
-3708,-14928,6880,1587,560,681
-3424,-13952,6308,1917,169,-18
-3472,-14056,7252,1102,296,283
-3828,-14152,6720,116,415,226
-3840,-14156,7100,-542,206,-266
-3724,-14200,6924,-617,-184,-515
-3356,-14072,6856,-808,-11,-210
-3528,-14376,6812,-956,102,-113
-2568,-13548,6292,-764,-43,-112
-3336,-14312,6904,-444,-96,-402
-3408,-14236,6472,-56,85,-263
