-4480,-11892,9532,-285,-520,-514
-3600,-12956,9944,-390,-598,299
-3444,-12308,10540,-160,-1188,465
-3072,-12692,12452,1506,-1744,-194
-1676,-11116,12232,5664,2229,-1741
-1488,-9428,13556,8091,5613,-1405
-1752,-8420,15704,14325,3093,-1328
-1732,-6680,12960,15979,3870,406
-9260,-7444,14108,20368,3065,12080
2192,-6188,11388,17198,6336,16396
-6788,-3272,10996,2204,7935,-2341
-9140,-8740,11776,-2307,-11880,-5396
-3916,-10172,13672,5164,-22433,-5380
-524,-4080,10704,-7072,-5456,-11415
-1448,-4908,10856,-16361,-300,-7916
-568,-10972,14148,-12152,4380,-10170
-4044,-10028,9048,-18316,2464,-12312
-3940,-13484,10224,-25855,-11628,-1564
-428,-13672,9924,-4579,1369,1239
-5836,-15336,9712,-3763,-9136,761
-9524,-14596,7420,-3067,-14901,11604
-2116,-16624,3464,-2258,-18400,22792
-4384,-19288,6424,-5685,-14799,23004
7944,-19600,1924,-7991,-17358,12688
6908,-16768,5124,-14009,-10309,8679
3896,-18180,5176,-14561,4296,6274
6068,-14400,6848,-13683,5950,3659
4984,-14252,11960,-7723,9687,-739
704,-14420,12484,5042,12258,-12516
-1568,-10584,8232,11877,13601,-15670
976,-8516,14496,11947,7784,-10969
-9308,-9956,15096,4717,2767,-584
-7652,-12060,13092,3036,-1772,6851
-900,-12120,10576,5135,-5511,4183
-4100,-12048,10800,7399,-7864,-2973
-336,-13852,9728,3851,-5334,-2332
-1308,-16852,6104,2106,-1017,-934
-1920,-19652,7812,-2365,1825,-611
-3504,-17052,2312,-7509,-510,-1056
184,-13524,2476,-3644,2746,-1738
-724,-18136,3240,-1799,1054,-3157
-2172,-18216,3272,-715,1049,-5157
-268,-16044,5816,-1589,2731,-1528
1088,-17076,5576,-896,5541,-775
208,-13924,7020,-501,9333,-1388
492,-12728,8512,822,9180,2516
648,-13060,9980,1402,9747,2412
-1208,-12976,11516,-406,11601,94
-4164,-11584,12052,15,11035,-706
-1872,-10964,11164,1859,14713,-3990
-5916,-13076,9904,-4827,11890,-2390
-3112,-16432,11764,-11620,11120,-5117
-4812,-8644,9604,-9079,11972,1025
-5296,-11456,11524,3570,6085,-1089
-5804,-11792,13424,4840,1994,876
-4496,-14028,11524,8525,-4749,6857
-5084,-15692,11840,9280,-5644,-1406
-5304,-13448,10100,13899,-16282,3934
644,-11168,4436,9956,-12196,1040
-5532,-10280,8308,4040,-4999,-1213
-4144,-10936,9384,2870,-6480,2232
-2088,-13012,12352,3397,-3977,-479
-2720,-11420,10316,5265,-4429,-766
-1344,-10436,10900,2632,-5388,1556
-1140,-10376,10692,207,-1669,-577
-3296,-12376,12364,-55,-2199,-589
-268,-12464,11352,1620,-3694,1849
-1864,-10992,10708,-1525,1218,-1676
-672,-11368,10740,-1107,-1246,0
-1016,-11072,10620,390,-1358,671
