-5700,-14268,5284,-202,243,219
-5576,-14356,5436,-394,155,-71
-5728,-14356,5480,-487,-34,-107
-5576,-14012,5896,-1017,602,100
-6632,-14836,5912,-950,1887,125
-7380,-10096,6536,4004,-145,-2100
-7496,-11828,3624,5732,-516,-926
-8440,-13572,2580,1990,552,2670
-6708,-15236,616,-9319,1246,12694
-4112,-17568,3724,-16039,-1586,8825
820,-19852,8516,-16158,786,1174
-2288,-18540,8200,-9732,-1503,-4842
-5316,-13928,8776,-1448,568,-8176
-7620,-11756,4916,9045,-8827,-10822
-11392,-10136,-1200,15080,-5430,-9064
-6808,-17508,-4456,-3055,2758,-278
-3380,-19336,-928,-4253,-194,-1396
-4936,-16576,-3748,-11059,6970,-6303
-5540,-14584,-1044,-21503,7433,1154
-2824,-15084,6308,-18518,9526,7955
-1784,-17696,10372,162,2821,-748
-6612,-15516,3312,6584,-5830,-4176
-3352,-15268,1076,436,-106,-743
-3972,-16672,1604,-176,-98,916
-4832,-16088,580,-252,-1083,1002
-4884,-15316,-140,-492,-807,196
-5268,-15928,736,-285,-97,-140
-4912,-15852,928,24,-278,-762
-4196,-15524,356,348,-250,-854
-4580,-15704,968,-115,29,-279
-4540,-15600,1188,-154,-550,254
-4800,-15572,956,-307,43,545
-4892,-15220,96,-635,-339,-2
-5024,-16036,1016,-294,365,-10
