-3656,-14668,5828,-190,-25,-406
-3832,-14924,6096,-462,108,-595
-3696,-14856,5708,-377,58,-90
-3440,-14636,5760,-604,116,-180
-3660,-14676,6272,-994,-104,200
-3744,-14972,6332,-2084,283,253
-3948,-14888,6016,-4950,1014,-172
-3260,-14972,3864,-6835,2125,-832
-3444,-14976,3876,-8805,1417,-1677
276,6692,-22268,12594,8874,-2640
888,-19012,-852,5282,3859,-382
-3552,-12920,6044,2162,2001,-2750
-6792,-14168,5056,6312,-1102,-2892
-6892,-13456,2316,7852,-4029,-1693
-3048,-11860,1648,3436,-5525,2843
-2220,-16872,6628,2225,-1755,2194
-816,-13204,4668,-952,306,1159
-2336,-16524,5844,444,2824,-377
-1296,-12196,4064,-2403,2940,321
-124,-13172,6180,380,3566,2021
112,-12524,6364,-5547,4790,3783
216,-14572,8144,-11045,3604,2619
-1700,-15408,7556,-6770,420,-2408
-3356,-14116,8436,1793,841,-623
-8120,-15644,9532,1879,1834,-1646
-3468,-11552,3268,-84,627,-4372
-3656,-14744,7476,-369,518,-2735
-6876,-15884,6752,-2658,-1090,1616
-4904,-6764,-5644,-1943,-2507,-1036
-5336,-15120,3324,-4714,-2056,-951
-1972,-19104,1340,3487,1497,-1605
-4064,-15040,4804,13698,-1642,-3772
1964,-32768,22960,11703,4468,5778
-3588,-14812,5260,216,1210,-1842
-2336,-17056,6048,-654,2727,-1763
-4316,-13356,5336,2278,3702,-4641
-3104,-13872,4856,1380,5695,-2202
-2244,-14116,5868,-1609,2324,-1431
-4388,-13460,9152,-3247,137,180
-3308,-14104,6632,1890,1098,-435
-2792,-18596,16328,2994,385,-2446
-1888,-14056,13332,1378,2145,533
-2236,-9808,7164,467,2133,-1676
-3108,-10524,11372,1387,1328,-1690
-2524,-11972,9112,-760,1021,-45
-3448,-13792,9220,-4135,904,-3
-2932,-14132,7208,-5716,836,377
-3268,-14456,6676,-4690,247,164
-2912,-14628,6628,-1747,-74,-27
-3196,-14460,6816,357,86,294
-3080,-14340,6956,1372,211,525
-3404,-14912,6308,3230,844,-9
-2884,-13700,7400,215,1045,1200
-3472,-13948,7232,-143,511,294
-3744,-13868,7764,-368,147,-956
-3208,-13912,7396,-898,-468,-1035
-2916,-14304,6904,-136,37,403
-3468,-14284,7072,262,318,603
-3344,-14104,7356,173,105,-192
-3516,-14140,7616,185,-129,-516
-3492,-13956,7692,-122,107,-42
