1052,15816,2848,-32,140,-312
676,16080,2828,-154,71,-482
864,16376,3356,91,499,-382
1052,15992,3008,203,180,-251
292,16100,2660,498,525,-15
228,16800,3192,237,300,900
2036,16308,4348,97,1143,380
-1480,21156,8836,-7123,-1876,-525
-1164,12316,4684,-15810,-10068,7939
1804,13528,4132,-17104,-3098,-3210
212,12280,6372,-14568,-5769,-3011
-1936,8568,7592,-12297,-10588,-1276
864,9052,6640,-4570,-8896,-7759
3840,15176,6960,-2672,-3784,-3249
2748,12172,6300,860,-952,-5625
2328,11624,4528,1713,-3,-11274
1488,12948,6040,5836,1780,-8533
1552,12508,3884,12639,2999,-9649
11172,23996,11340,14724,4052,-10070
4300,15308,4924,-1178,-938,-4225
3156,14972,2316,-402,5103,1909
-2584,14052,3064,1319,5666,2897
1284,13936,-1416,-684,11010,6049
3240,16368,1064,1218,11184,1678
-3276,14776,476,627,343,6014
328,19312,128,1082,346,7941
-3056,15596,1496,2709,5000,7492
-4096,15772,2996,1837,9709,7665
-4144,17036,6152,2059,11550,7100
-3536,14964,6692,3398,10916,7402
-4544,13392,8628,2016,6693,6233
-2532,15240,9308,2934,4918,6141
-2516,13028,9008,-2,2592,2699
-2252,12348,10820,609,-608,-3118
-4936,13080,14796,-4352,-2655,-8587
3808,18720,7980,-9678,-6517,-4417
6880,19572,8412,-1869,-5414,629
5784,15764,6296,-847,-7820,-2266
4692,15160,4876,-752,-2544,-679
1712,12756,7552,-1980,1008,-1271
504,17544,7084,-1380,409,-2298
1616,17220,2888,-1541,-6045,-799
-2020,6464,2256,98,1106,-1776
4264,16304,-480,1753,-1595,-403
1276,15132,3988,-2508,1169,-2846
3772,16612,3220,-1282,-244,-3223
2532,16588,1848,1203,2649,-2920
2064,16780,4660,3656,1206,-3249
1380,14720,3860,1453,-1024,-1295
916,17392,4400,2137,3628,-2577
-64,14788,2636,2629,-349,-502
-156,17024,5252,2957,3316,482
-388,16188,3548,3377,1358,778
0,15032,3636,2028,1091,769
-1400,15332,5668,162,-576,984
-2240,13996,5324,1317,292,-232
-520,14828,5808,1064,-36,-406
-2316,15448,7132,262,-149,822
-2052,15016,6032,165,927,84
-1908,15752,6532,614,1143,1425
-1596,14492,5788,409,1143,2308
-1364,14248,6328,-813,1045,114
-1116,16596,5628,-1247,-81,581
124,15192,4244,-793,-1587,1997
392,15796,4216,-98,-396,309
116,15588,4100,-350,-1261,755
924,15872,3560,-245,-1081,858
216,15876,4328,-139,-40,531
1164,15288,3748,197,-263,458
