-3136,-14204,7108,-494,228,-88
-3472,-14188,7252,-469,285,-70
-3328,-13948,7140,-562,99,-216
-3352,-14112,7252,-479,291,-48
-3260,-14100,7308,-402,244,-124
-3164,-14032,7460,-477,43,-153
-3400,-14176,7420,-768,67,-76
-3204,-14204,7324,-768,184,-44
-3488,-14248,7324,-1135,423,154
-3244,-14072,7096,-1369,361,128
-3536,-14088,7300,-1961,-14,-130
-2644,-13860,6980,-4467,479,1591
-4368,-14904,6688,-5485,1505,1427
-3992,-14616,6044,-6949,2396,-1854
-2724,-14944,5016,-7294,2199,-1828
-3748,-15440,4552,-7565,3669,-1106
-8516,-13232,9460,-8010,-3118,-3273
-3228,-17380,8316,11088,4373,-7679
-2492,-10368,5764,6480,2345,-3551
-6536,-15872,7536,4041,-4047,-3706
-3528,-15744,7692,1442,-2531,363
2012,-18192,6008,3786,-7038,-4654
48,-15656,9828,2517,-3458,-828
-2732,-19152,9624,-2261,6249,3582
-2380,-13136,6276,-9081,7381,2922
-1896,-13192,4916,-584,668,600
-772,-17764,10900,574,2528,3181
-1516,-15188,8236,-1889,-172,4498
-1604,-14332,5012,-5228,1870,3226
-3144,-15788,9484,-1457,1255,1036
-3320,-14368,7660,-3852,553,-67
-4936,-12516,7292,-990,-1647,942
-3248,-18288,10756,501,750,-1173
-1788,-12168,5536,1507,-146,-2845
-5584,-11456,4852,4036,-342,-1113
-11272,-9256,-2672,-112,1647,615
-4656,-13004,456,2970,-1078,-2721
-9456,-12892,3480,-5748,-129,-744
-3300,-12996,3260,-17315,-342,71
6444,-8328,-8808,-15922,391,3739
-2864,-16192,2948,761,74,-269
-2968,-15676,3872,10479,-1621,-2925
-3288,-15244,5584,17137,-834,-3912
-3772,-13800,5244,14952,1878,-2170
-3784,-16436,7552,-908,4789,-3888
-1744,-11172,5032,-1074,5629,-4621
-2800,-13844,5144,5444,3459,-1512
-2552,-16852,10704,2729,4164,-1407
-3964,-13400,4980,-3990,2544,-1651
-3924,-11392,5940,-489,565,-2145
-1920,-13188,8164,560,985,-1365
-2812,-10352,8608,-2861,651,-2589
-2952,-13556,10204,-518,1722,-2137
-3412,-13444,11904,-29,2322,-790
-3228,-11812,8380,-1065,909,-917
-4020,-12820,10988,-351,1337,29
-4272,-11368,8932,-613,497,567
-3516,-13144,8424,-921,-199,-324
-3400,-13440,8904,-3563,323,-1241
-3260,-14432,7240,-3360,372,-818
-3192,-14320,7228,-2092,806,238
-3456,-14588,7128,-82,419,216
-3364,-14324,7268,1047,-5,-201
-3044,-14120,7064,1852,72,206
-3284,-13672,7496,1362,185,6
-3604,-14020,7932,1544,-191,-499
-3232,-13408,7944,314,-42,-511
-3184,-13744,7944,-479,34,-356
-3336,-13880,7876,-426,164,-221
-3424,-13928,7728,-492,-118,-296
-3168,-14028,7816,-247,161,-34
