2136,-9744,12772,-615,40,-312
2400,-9856,12772,-714,203,-188
2348,-9900,12880,-901,-79,-89
2280,-9772,12700,-919,-56,-117
2064,-9756,12640,-951,-186,-170
2096,-9908,12800,-1082,-55,-155
2144,-9840,12576,-1133,22,-136
2396,-9836,12608,-999,357,201
2524,-9812,12696,-886,638,804
1992,-9900,13076,-1746,423,1138
2104,-9576,13092,-2780,22,1207
1888,-10132,12536,-3711,-615,1059
2336,-13956,13804,1741,-5825,1259
528,-9960,11776,3590,-3372,2111
1688,-11372,11444,1218,-2865,1472
1092,-11172,11544,-115,-3496,4238
-444,-10684,10384,117,-5757,9156
40,-13620,10748,-91,-5822,7653
1876,-14720,11240,-1903,-3254,6562
2900,-12348,11244,-4342,-66,6197
6508,-10888,11164,-3802,1145,3233
7912,-11696,11480,-4036,4212,1459
3528,-8708,12820,-4212,7571,671
424,-8300,15484,-3879,4151,-412
2468,-7300,13352,-2897,3528,-1953
1580,-9724,15224,-716,-323,-7412
-2104,-8848,12724,1325,525,-7592
-804,-10124,13128,2334,-2267,-4684
1572,-10860,11960,6159,-2336,-3354
-376,-14328,10472,5004,-404,-1648
-868,-14468,8744,-2660,-902,-1084
1612,-12628,9572,-3635,-2128,-2134
2104,-12168,10516,784,-1466,-2157
3156,-11332,10140,3479,-719,-1192
-2756,-17204,492,811,4013,3049
2060,-13148,9748,-5599,2252,4617
2000,-11220,9860,-5739,322,3721
312,-12172,11644,-4265,-1219,1277
1308,-12516,10188,-2021,-310,-560
2144,-11200,11444,-1692,835,-1925
3240,-10080,12804,-784,551,-1932
3352,-9068,13972,587,-145,-1174
3464,-9840,15480,2430,480,-729
3572,-9524,11608,2679,2003,98
2536,-9680,13104,1055,2255,763
1424,-10636,12684,-1850,1928,1221
1208,-11352,11932,-2796,1514,310
756,-11656,11088,-2573,724,-299
1268,-12012,11152,-1842,264,-856
1696,-12004,10656,-815,-99,-1329
1832,-11604,10792,442,355,-767
1656,-11552,11904,1104,384,210
928,-11356,11108,1218,378,612
1744,-11248,11304,1109,635,681
1252,-11300,11936,530,575,526
1040,-11308,11736,-122,301,3
