-2980,-13108,10924,-290,774,-307
-2812,-12356,12528,1918,-936,1241
-212,-10624,9596,3918,-98,550
-3940,-9576,12636,4077,374,1599
-5036,-7896,13704,8497,-2380,7101
-3968,-6756,17508,1447,-1214,4192
-2612,-8812,14528,5208,-2989,4871
-4892,-8992,14364,8774,-4696,2877
-6728,-8768,13636,8424,-6707,7761
5056,-9000,13440,1505,-4372,3597
-2888,-8060,12464,1926,-4910,-2353
-3140,-7152,8496,-5956,-2035,-8231
-1536,-10144,10256,-10514,780,-9709
-1320,-11828,9812,-11260,466,-11076
-2632,-12084,9720,-13497,876,-11860
-4644,-14152,8468,-13603,-2678,-8718
-2744,-15792,12148,-554,-4936,-759
-4528,-14868,8888,-1778,-10570,531
-4300,-14628,5892,461,-12459,10159
-1292,-16828,5140,19,-14852,13835
1544,-18316,5464,-6752,-17508,7641
2932,-15924,1612,-10357,-16391,12095
5512,-16732,-656,-10653,-5834,14490
13656,-8468,4940,-9202,-2738,15082
11068,-15220,6228,-2836,9418,3488
7300,-14292,12212,-1623,10398,-879
7168,-12096,10408,-4481,9589,-5269
5184,-11168,12708,-826,17238,-14495
-10828,-5356,14692,6352,8360,-6348
-3104,-11232,11276,6087,1823,5950
-1708,-11720,11720,4921,-3616,7035
-4172,-11452,10504,6248,-5315,528
-6084,-10540,8380,6358,-4964,930
1004,-13496,6172,3078,-4113,5143
-436,-15680,5628,4831,-2611,1839
-3748,-18020,5752,-449,-169,-2845
-5288,-19152,5240,-8608,64,-3561
-3088,-15628,-992,-7008,-275,-5665
-2316,-16668,1836,-5755,-1434,-4418
188,-17600,1816,-3117,-330,-3243
-272,-17608,2864,-2129,3734,-2130
612,-18472,2612,-2962,9833,-3134
1744,-13564,4992,-2376,7562,-2663
1992,-13160,6700,507,15081,-189
-4684,-10464,15860,3865,13925,1555
-1704,-12988,14276,2691,17445,4710
-4052,-10748,14648,-5656,17802,2407
-7004,-12008,11828,-1111,11162,1450
-8340,-12900,13064,-10244,9848,853
-6444,-10684,10356,-8957,15234,-2381
-5732,-17580,13744,12622,-2100,713
-4736,-11876,11816,6619,-10150,1595
-5552,-11648,8980,5661,-7670,-1257
-5088,-14552,4216,6947,-8352,362
-5016,-13196,7672,6894,-7087,1207
-3152,-11092,6456,4209,-7205,708
-3088,-13104,9180,3239,-7364,1707
-3288,-12444,8088,2385,-4654,2985
-2908,-11816,8624,985,-2073,-181
-2956,-11704,9484,-525,-3547,492
-2716,-12160,9452,1356,-3115,2175
-1348,-11944,9208,-510,-1216,-999
-640,-11900,8824,-2138,-852,-1513
