-1760,-10928,11484,-445,11,-104
-1160,-10864,11448,-53,-798,-312
-644,-10988,12408,-400,-566,-731
-704,-11040,11888,-737,245,-548
-1180,-11052,10880,-632,548,-700
-1168,-10836,11596,-787,82,-1388
-164,-9972,12056,-1168,-554,-2600
2752,-9744,11428,-2743,613,-6384
-1132,-12148,12864,-3459,2525,-8393
-1528,-12892,12124,-1542,1679,-5382
-1880,-11592,10316,-2473,-201,-3173
-1548,-10408,10720,-5255,-2503,-3970
424,-9544,11928,-4601,-4197,-3553
-156,-11488,8832,-5691,-3811,-4909
436,-12936,9036,-9412,-2807,-4030
3476,-13044,464,3989,-3206,498
1652,-15000,6780,4749,-10090,3926
2432,-16712,5212,4581,-12964,7362
5788,-14508,6384,-379,-5416,12538
9324,-14496,7864,-9658,-1484,16154
8176,-14060,10512,-14130,-1113,7883
10364,-10372,14636,-7274,-3284,-1208
4664,-9624,15164,-2806,2939,-9876
-1096,-9756,13384,1548,5524,-11620
-6476,-11960,10424,5376,3262,-5678
-6828,-13964,7564,8836,1604,2948
-2868,-18452,4780,10856,-2877,6677
5128,-19460,4796,4246,-8325,-3131
1088,-17616,6308,-8045,-2667,-3222
1808,-16468,1940,-16780,2325,914
1428,-13400,4792,-15679,5,5107
2192,-13328,9736,-7947,-2421,8459
5792,-11244,13324,-1908,1530,5814
8412,-10492,18180,667,2604,714
2056,-13336,12920,-493,5117,-3473
3048,-11608,12560,-2970,1060,-5403
504,-14948,11484,620,3279,-5436
-76,-13884,9316,7486,8538,4688
4512,-11384,7168,12585,6203,6244
1256,-13996,5036,16073,3747,-2347
-1864,-10004,1484,9273,13922,4726
