612,-8760,13456,-334,227,-187
440,-8796,13368,-344,260,-227
532,-8672,13316,-433,111,-158
464,-8712,13364,-402,337,-205
336,-8864,13496,-389,93,-155
552,-8808,13396,-389,156,-192
440,-8740,13504,-428,144,-185
460,-8868,13512,-474,236,-141
616,-8548,13408,-521,189,-225
608,-8864,13392,-578,587,-146
376,-8560,13720,-1117,772,-14
576,-8952,13740,-2219,877,-281
1236,-8200,14004,-3224,1300,1038
416,-8444,14080,-4299,2906,1590
-140,-9460,13532,-6651,2262,1159
-1068,-7896,13684,870,432,-4016
-2352,-7256,13416,573,-2272,-4536
-2536,-9168,14752,-1419,-5283,-2265
-680,-9636,13440,-322,-5159,415
-164,-11080,11376,1572,-7709,1853
-532,-10580,9916,1336,-6293,4296
-1188,-9460,13716,2515,-8092,5535
1300,-12824,13504,1804,-3168,7093
4212,-13536,12644,-150,-1389,8278
3340,-10680,8764,-2175,3565,7315
5152,-9116,11548,-3522,4511,3668
3840,-9376,13632,-3887,4520,-36
5172,-8336,12772,-4955,8603,-750
2276,-8216,13744,-6477,6884,-1993
-2540,-9156,16968,-4279,4644,-2726
-588,-8236,14240,-584,-1134,-4213
-820,-7744,11076,3305,-454,-7188
-2176,-9776,9480,8290,1040,-6910
-6012,-13628,14496,4665,-3456,-2251
-684,-13064,9400,-1539,-1148,-2126
-236,-10796,12928,918,-1283,-3267
1080,-10056,12348,2155,-2335,-2663
-1108,-5616,14668,-1950,-1926,320
-420,-9700,11284,-4179,1126,1987
52,-11684,12212,-4099,-80,1495
-152,-11192,11252,-4700,236,1469
508,-12316,12732,-5932,113,1001
312,-10564,11520,-7081,268,312
-84,-9360,11428,-6675,-16,1216
3480,-7460,12048,-3756,766,514
2256,-9444,13508,1928,1155,-1801
2372,-8456,16136,3203,1242,-1250
1576,-8708,15456,2133,1189,61
308,-10024,13124,173,1874,618
192,-10700,12244,-2172,1799,675
-664,-11384,11656,-3092,1422,-184
-184,-11032,11464,-2663,253,-1224
404,-11412,11100,-1584,1060,-814
220,-11584,11136,-437,651,-316
448,-11332,11252,437,-140,130
136,-11176,11500,562,99,717
-64,-11184,11808,588,295,831
-220,-11152,11572,797,101,387
-232,-11056,11984,657,86,7
