-228,-9520,13080,5,235,-684
116,-9584,12900,-229,76,-570
-8,-9672,12952,-274,192,-175
180,-9588,12888,-183,44,-156
-176,-9460,13100,-137,126,-365
40,-9568,12908,-97,51,-452
-92,-9568,13304,-171,33,-358
-32,-9388,13192,-324,78,-114
92,-9492,13168,-525,255,-114
48,-9516,13060,-707,497,-300
396,-9212,13112,-918,557,517
984,-9752,11860,-1241,1720,792
60,-9588,13268,-1752,1316,549
-680,-9484,13172,-2442,757,-3
-388,-9644,13064,-3743,462,43
1488,-6768,13008,-2519,8,-1683
-1292,-9680,14084,1892,-1807,-2749
-348,-8540,15568,1181,-1694,-2348
832,-8520,13220,-722,-1056,-1250
-2808,-10752,13276,-719,-8018,-1040
-1976,-12384,13000,-3025,-5912,-1728
-704,-9988,10836,-509,-6076,1059
1128,-12204,10316,1960,-8035,5382
1404,-13080,9096,861,-5325,6012
2244,-13880,12596,5,-2333,6922
3068,-10504,8504,-102,1105,7301
3016,-12448,10932,64,2141,4543
2520,-12076,11904,-873,4848,3502
5428,-10060,13496,-3531,4894,1657
3980,-8276,15172,-4907,8341,755
1660,-8832,16572,-7618,3475,665
-100,-7620,15060,-6382,-2125,-1587
-372,-10312,16008,-1523,2078,-5230
-3252,-8052,13092,4918,-2356,-9371
-2368,-10128,10356,9385,-1224,-4482
-208,-13684,10252,7739,492,-2657
1316,-15192,9156,-3349,744,-4792
232,-11812,11020,-3293,-827,-4269
2048,-10408,11936,-176,97,-3605
3596,-12920,12800,-734,1251,-394
-484,-11520,10548,-3501,2139,1620
76,-11208,13080,-4327,-150,661
976,-11752,11820,-3597,-868,196
1308,-11280,12656,-2825,-807,380
740,-10724,10540,-2184,304,585
1672,-9692,11360,-2990,1037,774
1348,-10872,11692,-1488,2097,1047
1948,-10776,11436,-218,1887,258
968,-9856,12264,751,880,284
816,-8140,9828,362,427,519
1544,-11208,12404,1517,1962,281
1708,-9592,10816,1369,811,-42
1184,-9448,13328,1923,1203,-226
864,-10228,12700,-911,1014,1000
532,-10800,12400,-2277,669,1035
-204,-11080,11496,-2489,887,181
-80,-11148,11496,-1836,612,-695
580,-11204,11536,-826,85,-633
384,-11060,11824,-66,117,-155
412,-11368,11348,613,236,280
380,-10984,11804,610,558,340
224,-10852,12104,409,473,275
