-16664,-30052,26456,6857,3500,2819
-3612,-12880,7904,4200,-175,1412
-4360,-13532,7132,280,211,263
-4892,-14020,8004,334,-1002,-978
-4112,-13820,7100,174,170,481
-4224,-13772,7092,340,952,938
-4724,-13960,7328,303,564,-459
-4268,-13424,7664,-939,762,-462
-4476,-13816,7408,-1230,1494,-438
-4920,-13500,7388,-3190,1127,-1368
3804,-12216,-4084,-5042,4109,-1941
-6696,-13744,11436,1645,-981,-443
-4036,-13572,6968,1308,484,-352
-5784,-12484,8412,1487,-1644,-433
-3760,-14332,5176,3263,-2911,-1615
-4816,-14800,7424,6452,-5267,101
-4100,-14388,7336,2901,-7333,1460
-3376,-12484,5004,-1242,-7934,2018
-2792,-11844,5400,-186,-6660,856
-3388,-12536,5032,-440,541,1863
-2128,-10824,6604,-1448,-1800,8
-2788,-10404,9500,-1963,-1982,-1397
-2368,-12572,9472,-4524,1901,744
-2992,-12540,10788,-4975,1864,2262
-3100,-12492,8760,-3377,4447,2814
-3380,-12900,10676,-5376,2597,252
-6528,-11012,7576,-3548,4939,1172
-6016,-10580,9360,-1292,2339,-172
-7024,-12664,9132,-849,612,-2231
-4776,-13636,10504,277,-1166,-4053
-4728,-14940,12548,2649,-31,-2928
-5696,-13596,8772,-1633,266,-146
-6324,-20060,13980,-436,-434,194
960,-32768,32767,17765,-780,2708
-5116,-12664,8668,-5807,3402,385
-5188,-15308,6252,2403,-1576,-415
-4696,-14680,6936,9861,-4926,-2096
-2968,-13988,7476,8679,-4161,-1375
-10564,6320,208,-4899,-3432,-3767
-4376,-16292,10840,1017,-3168,-2684
-2240,-14568,7004,2034,1677,412
-3632,-11944,6184,-1229,-34,115
-2776,-10332,5712,-2402,-1003,927
-2020,-13756,8212,-796,313,2237
-3228,-13640,9672,184,-84,430
-3584,-10928,9468,-1503,-2221,-797
-2860,-10728,9032,-2451,-2,-1207
-2216,-12752,9316,-1331,540,-565
-3192,-12048,10392,-445,482,-614
-2616,-13224,10456,-934,878,112
-2032,-13832,12484,501,-316,-87
-2160,-11940,10184,1646,-455,-300
-2600,-12192,9736,754,-534,-281
-3104,-12776,9404,-1732,1041,-504
-2956,-12732,9204,-1713,905,-494
-3176,-13404,9140,-832,505,-120
-3152,-13220,8968,70,192,59
-3128,-12988,9068,390,-293,-156
-3076,-12904,9344,-300,90,81
-3052,-12644,9108,-123,13,-236
-3452,-13108,9336,-374,-100,-372
-3044,-12812,9300,-939,390,-213
-3080,-12960,9452,-834,-215,-484
-3312,-13364,9316,11,143,-75
-3248,-12820,9268,179,-543,-275
-2792,-12576,9216,-74,334,557
