776,-12992,9608,-597,114,325
792,-13340,9492,-15,218,-164
896,-12796,9616,62,227,-499
764,-13188,9608,-193,637,-511
668,-13144,9508,-379,264,-358
792,-13112,9444,-54,91,-192
804,-13064,9540,-178,174,-93
1016,-12976,9696,-610,-36,13
708,-13160,9636,-845,92,180
820,-13024,9748,-770,289,-31
660,-13216,9552,-545,233,-295
724,-13180,9700,-335,35,-279
888,-13104,9472,-449,278,-149
920,-13148,9476,-390,128,22
656,-13172,9520,-467,246,247
1008,-13052,9624,-622,111,201
764,-13136,9572,-476,73,228
808,-12992,9496,-644,205,423
816,-12996,9932,-922,788,678
512,-13200,9404,-1070,801,479
-8,-13512,8852,-1258,981,407
4852,-12712,7244,3652,803,-1490
-428,-11412,11504,6625,-1433,-1495
932,-11480,10072,6117,-1561,-92
1624,-11812,11928,6060,-89,764
-232,-12172,11044,4814,-1567,292
-524,-11328,11216,3663,-5942,-844
-1316,-11972,10384,3604,-3014,-1912
-868,-11236,9164,5987,-3806,3959
4892,-14848,10776,4384,-4808,4335
-5900,-12812,12028,-275,-2052,6738
-2284,-12300,12328,-5398,3486,13124
4384,-10772,8776,-3812,100,9368
3456,-12076,8284,-1570,1887,8
2252,-13072,8800,-4805,9039,923
796,-13148,10864,-10875,5903,1552
992,-11972,9504,-12688,4800,-25
1408,-12184,10740,-10914,8258,504
1052,-11880,11312,-8611,2419,-917
-1244,-12608,9696,-4104,-1532,-2020
-1992,-12572,9472,-815,1358,-2387
308,-13752,10992,781,2457,-5048
-1224,-18776,15676,4401,1028,-6766
-2420,-11896,7644,5821,1167,-3796
1720,-13156,10084,5402,-613,-3710
276,-10248,11184,8705,-3082,-4191
-2992,-13572,8476,8947,-2045,-2237
120,-12172,9956,3363,-128,-647
-1140,-13156,10652,1301,-1881,-939
-112,-12408,9500,456,-917,-1871
588,-12108,9712,1453,-446,-2128
-368,-12892,11100,704,86,-1435
556,-10324,3904,-5854,-2385,-403
-512,-13016,9068,-9440,2595,1107
-536,-13124,10684,-9741,874,2234
172,-13512,8796,-7747,-876,2264
692,-13360,10440,-7605,-230,1234
364,-14568,10432,-7517,-168,958
456,-15488,10196,-9726,397,1600
368,-13780,8196,-8073,207,1573
-324,-13508,8580,-6763,-748,1838
652,-14172,6220,-4755,-1571,1799
-272,-12944,5260,-4302,-2660,1528
296,-14932,7460,-3517,-1041,952
156,-15792,7320,-3278,-133,1040
304,-13884,7016,-3229,-837,693
408,-14740,7164,-2058,160,-228
-64,-14952,6496,-1501,-70,-155
-36,-15668,6628,-2245,405,463
432,-16104,8128,-2139,1054,805
-1764,-24884,1404,1143,1518,2214
4496,-15028,4700,17675,-939,-7910
2316,-14968,7812,16232,3849,-12400
-716,-10616,7296,16133,6101,-10851
-1720,-8876,2900,8885,7766,-5764
-8,-12764,10836,2629,2398,-4182
-1064,-13920,9708,3772,-4964,-1020
-240,-11076,4608,-6002,860,2474
356,-12832,10208,-12452,5241,1756
-2524,-15112,32767,7407,-1432,-2889
2152,-12352,8256,-2023,-902,919
832,-12660,9800,195,-1119,453
984,-12700,9784,-1233,-111,1457
660,-13024,9596,-1436,-121,2134
-112,-13440,9228,-311,-6,1104
316,-13004,9792,149,300,149
692,-12984,10064,-8,383,-375
252,-13040,9324,-397,733,-595
664,-12884,9628,-34,16,-327
840,-12864,9912,-749,251,-144
464,-12956,9568,-892,514,-185
620,-13084,9832,-639,-125,14
