716,-11368,11568,-48,565,-380
764,-11008,11796,-119,336,-378
636,-11164,11876,-458,84,-243
904,-11324,11852,-494,174,-152
756,-11268,11640,-479,-75,-74
668,-11192,11932,-623,51,-159
844,-10988,11744,-1079,299,-29
904,-10936,11784,-1712,808,130
624,-11120,11764,-2782,1316,436
472,-11080,12028,-4490,1225,568
336,-10492,12964,-7516,347,1383
3940,-7808,9852,-1178,4323,-4666
-416,-10704,9560,6363,-5218,-1276
-1524,-12380,9988,5955,-6334,2052
-2084,-12516,10396,3030,-6109,2772
-4144,-12404,10528,7424,-11503,10976
688,-12860,11060,3266,-1829,10366
6512,-12704,10864,-1876,167,5617
2164,-12804,9372,-5813,4362,3958
1140,-12700,9988,-11431,5500,2423
1864,-12040,10932,-12842,7942,896
2556,-11448,12612,-10964,4826,-1373
-136,-11400,13448,-6260,2943,-3375
-3136,-10736,14840,3743,-2441,-8886
-3952,-10704,11808,13235,-1886,-8921
-3728,-13600,8824,13599,-3163,-3874
1220,-16368,4792,4985,2582,-3132
-216,-12816,10780,-274,-99,-3029
-704,-13264,9860,-6077,2606,-53
-760,-12748,10812,-9592,3087,1369
-36,-11356,10704,-8800,1634,1271
-228,-12808,9708,-8333,754,2616
580,-13092,9216,-9392,2064,1854
1236,-13136,9372,-7131,2738,5
440,-12440,8804,-5613,2050,431
48,-13656,10376,-5869,889,-378
384,-12564,8056,-5246,1515,-736
944,-12320,9760,-3085,160,-546
1220,-13156,9936,426,-700,-667
8,-13820,8564,974,-56,-360
176,-13952,8400,-1104,317,204
-480,-14356,7760,-1269,464,89
-200,-14320,7840,-745,475,-447
-252,-14304,7760,-531,427,-778
-188,-14336,7820,-492,432,-781
60,-14172,7916,-573,272,-403
-100,-14192,7984,-618,182,-82
-244,-14308,8080,-677,56,-73
-256,-14192,7920,-781,-6,-37
-152,-14232,7828,-966,-17,-196
-84,-14308,7732,-903,302,-111
