-3024,-14600,6664,-1884,-92,-75
-3068,-14712,6620,-596,311,-56
-3292,-14504,6680,-330,58,-170
-3304,-14800,7132,-149,-188,-214
-3032,-14496,6804,296,85,-189
-3196,-15140,6352,-121,72,-358
-3152,-14660,6992,-513,394,-2
-2992,-14480,6656,-611,288,-218
-3268,-14500,6720,-1667,745,-324
-3276,-14556,6608,-1825,638,-1048
-3056,-14340,6708,-4194,1175,-943
-3120,-14456,6452,-5529,1547,-1087
3784,-18892,-816,1116,6666,-2672
-4364,-14540,6572,1222,-689,-2249
-4852,-15060,6596,2572,-431,1099
-3956,-15692,6916,1283,-1493,1106
-3576,-14444,5708,1976,-2036,1175
-2804,-13448,4888,1129,-888,339
-876,-12256,6956,1069,-3160,1278
-1124,-15444,7084,-878,-1144,1958
-948,-16848,8880,-2194,-83,2436
-4488,-12284,2544,-1322,178,-1178
-3208,-14384,5404,-2308,2268,-760
-3724,-13736,5368,-2231,2707,-1383
-2132,-15876,9464,-829,2580,-379
-3680,-13284,6104,-348,1727,372
-2112,-12600,2788,-3144,-8,917
-2760,-13976,5280,-2365,-243,317
-960,-14356,4884,-1792,1911,240
-3452,-13764,6868,-2162,1970,239
-3908,-13556,7460,-708,2247,937
-1760,-13904,7616,-2304,1135,648
-4424,-13792,5260,-2350,137,0
-3608,-19612,7860,-3077,-619,-1652
-4460,-14840,5764,-1384,-719,-2095
-3224,-13548,5304,-634,-2493,-1252
-2052,-19528,13112,212,-2525,-173
-4768,-13964,4600,-759,-1770,394
-3116,-17376,5964,1896,-3107,-691
-2504,-18304,3808,-12391,205,-975
-2036,-17800,9316,4550,-5576,-472
-3488,-13028,4100,2898,1140,42
-3512,-16708,9436,2180,2063,631
-3656,-10968,-1328,-4997,2236,1461
-2928,-14072,4976,612,-36,-786
-3044,-15420,5504,4873,534,-499
-3132,-14660,6792,8625,755,-914
-3240,-13704,6120,8819,1408,-1316
-3224,-13236,6820,1644,2175,-1678
-1736,-13400,4740,141,3518,-1605
-2416,-13048,6848,1366,2991,270
-3652,-14396,7664,3086,1771,-521
-2060,-14724,8100,88,3972,-611
-2008,-12892,7352,-1936,2111,-164
-3376,-13336,7884,-1154,-1252,-444
-2364,-13632,7624,-632,-3783,-824
-1976,-12808,7664,469,-445,372
-4304,-12968,9348,1846,805,-1190
-4524,-12452,9992,3669,1199,-681
-4064,-11236,9648,1099,1621,-821
-8020,-11752,14212,3005,-2432,815
-3632,-12952,9632,-1620,-58,-1651
-2852,-12640,9120,-5533,1450,-1050
-2468,-13356,8320,-8398,-130,-374
-2748,-14600,6528,-3752,198,-504
-2528,-14132,7148,241,-416,-757
-2456,-14088,8040,1404,121,-102
-2692,-13868,8092,498,725,417
-3180,-13820,8096,199,656,305
-2852,-13520,7788,-488,832,345
-3096,-14492,8152,-174,274,-744
-2900,-13648,8088,-535,366,330
-3212,-13600,7892,-481,54,55
-3012,-13788,8024,-660,363,273
