-844,14016,7596,-823,-403,-680
-516,14048,7936,-670,-237,-593
-36,13540,8012,-256,-641,-1547
-852,13396,7680,-66,-424,-2268
-2000,14488,8464,636,181,-1897
-1408,14216,7308,801,-817,-145
-780,14184,7800,1600,-446,-378
-2512,15132,8068,3050,1412,605
-3228,15344,8548,3446,-69,4126
-2028,16220,12000,-2868,-3804,2991
-644,8176,856,437,-641,7267
-772,12176,10784,-3109,-5780,1359
-2968,12396,12024,-8652,-7083,-407
-40,9420,7836,-7736,-13316,-503
2728,15304,10108,-6829,-5085,-1865
-876,11784,10032,-6029,-5678,1659
176,9248,8336,-4425,-6748,-4135
3084,13400,8060,-2578,-1341,-10379
-1660,7984,6884,5009,-4369,-9262
-472,9212,3128,9874,-8684,-15073
3480,16512,5020,15331,549,-17029
-3876,15444,9436,-4628,-13530,-7120
852,13160,7128,92,-1639,-5802
32,14544,5804,-39,2731,-6346
1924,15544,6016,-4384,4953,-1923
652,18652,8160,-2355,-4755,-7739
-1208,16368,1344,-924,-520,-6850
-4296,18196,2552,-1784,7414,3986
-644,18072,876,-1859,10607,6778
-5296,10768,8176,-996,5534,4883
-9096,14076,7432,3348,12462,8100
-8948,13012,7756,4111,4942,12857
-6556,11664,6840,3076,12726,9424
-6088,13924,10804,750,7975,9467
-4860,12212,13804,-1489,3049,13853
-5528,4524,8708,-2348,1812,-2541
-2732,8772,9292,-3662,5146,-6519
276,13176,7568,-2381,-2663,639
-224,10504,7064,1297,-2696,-556
-300,13628,8360,287,-1239,-5691
344,18644,7452,624,-4548,-1583
2752,19132,4716,224,-1202,353
2924,18108,1856,586,2329,-508
140,14272,3924,2867,2062,-4117
1076,19708,1360,2894,1335,-4481
-1252,17752,884,3791,-1397,-2616
-212,18396,332,4794,-2312,515
-384,14952,76,4097,6092,1056
-624,16900,1944,-445,7795,424
-3820,14944,4448,-2553,9524,-2440
-5068,16772,6428,-1797,6127,1890
-4532,15420,6772,-1793,3704,5752
-3200,11872,6000,-1680,7243,2132
-5080,15392,8696,-3263,5509,637
-4644,13284,8920,-3338,1855,3638
-4508,11380,9820,-5978,-1765,3861
-4156,12648,9712,-6403,-63,1993
-4628,12536,10608,-4960,1599,204
-1892,14076,8532,-1460,-1615,2819
-1380,14612,7828,2998,472,-735
-1832,14924,7412,3507,-702,-692
-1484,14308,5804,2306,-1511,-685
-2368,15388,5656,2514,1390,-835
-2480,15336,5164,1527,1278,1030
-1604,14680,5844,321,302,1468
