-5188,-14468,5316,-84,332,369
-5340,-14432,5292,-334,503,477
-5652,-14448,5432,-315,375,223
-5716,-14328,5700,-406,690,59
-6204,-14396,6040,-528,1109,-243
-8700,-9428,7208,1994,-77,-95
-7088,-12548,4844,2827,1367,160
-7408,-13460,4672,2421,2330,3393
-6424,-14596,3200,1105,2608,4693
-5876,-15380,3492,-3749,531,3738
-6568,-15264,3520,-8799,-4513,2263
-4408,-15460,3576,-12166,-6155,3233
-2668,-16424,4896,-9239,-66,2782
-4868,-15748,4556,-6390,-1115,-1850
-5536,-15516,4508,-4292,-1554,-2860
-5204,-14524,5092,-2814,-52,-2268
-5308,-14204,5664,215,456,-2570
-5888,-14048,6308,3930,312,-3393
-6776,-13980,5728,6133,-1881,-3870
-8832,-12632,3476,3907,-4371,-2809
-7460,-14000,2776,1780,-781,1281
-5908,-15056,3108,1767,-34,266
-6760,-14976,2612,1098,-422,-1640
-5720,-15204,3244,-360,629,-2025
-4608,-14748,3292,696,347,-2054
-5368,-15284,2528,-1340,1646,-1105
-5932,-15264,1332,-3913,4154,-316
-6148,-15024,1648,-6304,1198,-1629
-4616,-14156,1188,-10499,6678,1435
-5564,-15976,4948,-9482,8237,2252
-6332,-15664,6844,-3620,4119,-664
-5324,-14592,5000,882,-1456,-2719
-4256,-14900,4336,1613,-689,-2350
-5256,-15744,3196,85,-915,-847
-5408,-15864,2324,-427,-256,253
-5432,-14968,1388,-377,-257,-8
-5328,-14984,1412,-700,0,-349
-5296,-15384,2020,-435,-196,-570
