-2048,14688,6132,-674,-4,-364
-1912,14688,6064,-1184,-804,-198
-2076,14904,6412,-944,207,-601
-1864,14124,6752,-423,-203,-493
-2432,14868,7068,483,59,-176
-2080,14704,7000,1052,-19,317
-2132,15220,7268,779,-1589,-518
-2748,15892,8432,-1235,-8036,-2059
-4824,16628,9980,-784,-11836,3711
-7416,12368,10908,-3871,-8753,7711
-116,12620,8808,-8315,-8784,-2300
-2360,11848,10796,-12201,-11182,670
-2296,7208,7564,-9200,-14705,-3974
4196,15932,9620,-8502,-3140,-6149
-964,11436,10508,-2902,-8720,4575
2420,7844,3784,-3269,-10896,-3131
3332,13540,6976,2573,9777,-13661
1924,16332,8212,10143,2084,-3115
1660,14568,5848,2744,-3397,-4626
952,15944,6124,12144,5926,-8934
-996,13108,6516,13900,673,-4411
-1376,12028,7228,7168,-2276,-8446
1528,16740,3556,-2986,238,-9509
4524,15324,4004,-1965,3031,-5048
-840,16168,4140,-2762,-201,-2855
416,17384,3832,-4242,-991,-1642
3392,20144,292,-1697,323,2579
-2776,16008,1084,-2835,12475,9352
-13240,13808,6900,843,3320,8508
-7456,14508,6660,3475,4314,5443
-7212,13644,7484,6247,6021,6491
-3732,12840,6552,3827,9686,4048
-3916,12772,9408,139,5218,1275
-1568,13784,10520,-2418,3422,3185
-4784,10040,11936,-3363,3375,-1883
-3508,12520,12072,-4684,2188,-3318
-2356,15120,11864,-3923,-2191,477
2272,13292,7312,901,-3010,-4085
-424,16328,6520,2863,-7578,-1823
-512,12936,4740,1605,-5294,-6891
1592,15916,-48,398,-3019,-4789
-1408,20232,1192,1738,-4385,-4004
-1188,16924,-492,-1622,10885,-6363
-5528,20092,2708,-620,1784,2747
-2796,16628,3092,1497,206,6484
540,13728,3248,1121,5931,2802
-624,14788,4408,-2116,3744,-552
80,16964,4176,-3149,5216,-1507
-2064,16904,5588,-184,1340,-1646
-4892,15572,5796,-168,1384,2079
-6572,15600,6292,-516,472,7324
-5228,14696,7776,-575,4487,7944
-2048,12716,8336,-2032,1842,7862
-216,11704,8368,-4657,1805,3583
-3400,14428,10004,-4699,921,3309
-3680,13476,9252,-3528,1778,4593
-3336,11228,9332,-3820,2814,3402
-3876,16188,12304,-3233,2453,1615
-4,13924,8672,-360,-3038,2603
-460,14060,8384,2142,-1260,866
60,14024,7188,2481,-776,261
260,14888,6888,3934,-1039,631
-8,14968,6236,4167,92,-130
-644,14500,6108,2569,-748,149
-2316,18080,7272,114,910,233
852,14280,5644,-777,-121,134
