388,16016,2736,-90,-308,-250
556,15596,2888,-12,-1150,-761
236,16176,2772,263,-1720,-1711
128,16372,2020,985,-1389,-2698
-1188,16768,2356,879,-850,-2083
-2816,16968,464,-1545,-631,487
-3024,18536,3400,-9055,-2004,3321
2080,17352,10884,-24586,-8677,10862
-2200,17096,11180,-15545,-9144,3781
-3016,12316,8500,-18170,-8931,-730
-828,10956,7128,-9367,-7232,-1543
3212,12520,7296,-4653,-2723,-5675
2664,10488,6652,998,-3032,-4906
2852,9596,5332,4097,-285,-6892
5372,15100,7208,4357,2977,-9130
6344,14852,7424,1682,2171,-1745
5696,11764,5224,3763,3653,447
4764,19296,9544,-3037,5381,-2370
-2084,17908,8088,2335,-3023,-4210
2768,16932,1624,3493,9514,-1036
1352,15480,3624,1110,8852,5460
-1156,18720,2068,1556,3532,2761
-4240,16716,-1368,1893,8843,6559
-4584,16224,4,2032,11801,10828
-5172,15484,2932,-901,11692,9669
-4960,15852,5248,1023,12976,10512
-5512,12632,8340,-152,8596,10109
-1524,12768,10100,834,4126,4829
-1440,12408,11464,1611,186,3104
-84,12108,11932,2175,-3045,-2096
1464,11440,10608,1833,-5357,-9029
-4080,13552,16100,-2292,-4111,-10465
2560,18432,14532,-913,-7822,-1874
968,12872,8868,-2421,-1370,-2868
7088,18492,4876,-3034,-4654,2238
5320,15180,3192,-1660,-909,1022
8440,21548,4752,-480,-2726,1895
4504,17092,1884,3704,-1463,163
3028,17348,1368,7107,-3931,-91
3000,13720,368,-1170,4511,-5544
2912,18548,492,-604,1085,-4084
3320,18172,196,106,1178,-2284
1068,16304,1364,1212,3790,-1121
-396,17408,4816,-436,4037,-202
-380,16124,5032,-1448,4176,6
996,16280,4052,-1485,2163,-844
-2100,15716,6312,-318,2970,36
-1636,15228,7872,9,1762,2830
-2188,13876,7028,-100,1976,2648
-3880,13864,8460,-2592,1904,2063
-3704,13860,8572,-2206,1563,3424
-1840,12996,8996,-1415,1649,1986
-460,13892,8268,-688,681,1363
220,14700,7140,678,881,705
-584,13352,6944,1679,296,-177
84,14688,5896,1898,-685,-21
420,15028,4888,2089,31,-1200
-300,15240,5376,1588,-448,-1409
-592,15796,4980,486,-1472,-216
4,15428,5124,-489,-1401,303
480,15716,4812,-210,-469,339
356,15200,5752,-365,-1147,627
560,15780,5416,419,-1465,323
