-756,-12188,10548,-74,692,-216
-1240,-11552,11792,-212,20,-211
-720,-11584,11752,-178,426,-624
-312,-11780,11868,-261,-145,-133
-656,-12356,11180,95,343,-254
-1608,-12244,10004,-27,995,10
-1420,-11984,10548,-660,-2853,1345
-240,-12132,13072,136,-2951,960
-632,-12828,10908,-781,799,1832
-3384,-13368,8640,-7163,272,7974
-1864,-11452,9452,-17010,-2117,9355
-184,-11828,10232,-3868,-10836,2375
1864,-12916,12060,-5094,-6984,-4130
2124,-17512,15968,-4805,4017,-5434
2044,-10564,13148,1826,4509,-11803
-28,-11076,12820,6911,630,-11745
1012,-11808,10596,14038,-3236,-15402
-1684,-14424,9016,1808,-1473,-7045
-3672,-13204,8208,-7650,871,-499
-3056,-17128,6996,166,-4552,2861
-1736,-17572,2576,1001,-4915,9427
3956,-17656,2948,-2635,-4173,11838
7660,-17032,3808,-5980,-2302,7033
7984,-14584,7844,-10041,-3925,3933
9204,-11040,11908,-10269,-3370,703
10356,-8380,20788,-3803,1328,-6134
4588,-9496,15320,5799,7314,-16119
-7568,-13120,10488,5177,6693,-8442
-6308,-15344,6368,5125,3214,-248
-792,-18856,3160,7439,-12,4674
6296,-18768,5036,9767,-10522,-2324
3980,-16564,2432,-5420,-2831,51
2868,-15496,4808,-14198,752,4045
2408,-12648,8300,-11087,103,5545
-80,-13296,11660,-5835,1906,3734
3492,-12532,12792,756,3279,2927
1176,-11732,13444,-1714,6016,1021
368,-10380,12344,-2014,4850,-1188
564,-10736,13028,-1604,2079,-859
736,-12028,11932,-843,-779,777
2180,-15076,9996,2269,-498,-1189
-1280,-18936,14968,567,1845,-2367
1184,-14944,9900,343,3714,7175
2000,-11956,7508,5087,5923,8757
