-644,-11992,10940,-260,-711,-189
480,-11156,10916,831,-574,-210
1244,-11216,11452,-457,-719,-448
600,-12112,11300,-2288,1276,-271
108,-12348,11220,-1094,833,453
380,-12144,10652,-824,869,311
-1292,-12144,11380,-457,261,-6
352,-10572,10748,-1472,531,404
-316,-11684,12176,-2397,3776,1226
-288,-12416,10840,-3674,2941,2410
-1036,-12880,11772,-5451,3112,2160
-2324,-12968,11580,-5070,3846,1888
-1924,-9840,10016,-3752,1463,546
-2264,-10176,11408,-6732,635,-5895
-3020,-14992,10388,-1845,-1685,-11328
-6164,-13488,9356,2288,254,-2246
-5892,-17576,1444,-1712,-2481,4876
-4268,-20532,756,-2343,-12348,12838
12204,-17028,8548,-11300,-10244,16129
15024,-9212,17996,-8397,-8465,1457
7672,-7116,19316,1943,-2940,-11224
-9156,-9432,11128,10639,14587,-15995
-7888,-19132,852,14928,4169,-2769
2356,-17568,660,7592,-8005,-5186
-980,-21516,3092,-8414,-6561,5261
2824,-13840,6400,-23893,-173,11408
720,-8636,17496,-12880,-3922,5913
920,-6200,17572,-846,8627,-2999
2072,-6600,18904,-1243,1261,-1184
5720,-11344,14628,1161,-1077,-4618
-1216,-20384,5008,18802,866,-2239
-1336,-16484,2396,5011,9370,6817
-656,-11616,2764,-3464,9830,8124
-3172,-9844,6452,-1584,3749,3607
84,-19620,12632,8594,-4418,-9483
-1448,-15380,13968,508,-433,8
1964,-10608,12024,-4259,4185,3792
