920,-8508,13508,-317,21,-23
1012,-8552,13536,-327,168,-100
692,-8536,13812,-373,193,-197
1024,-8684,13768,-513,212,-114
832,-8500,13688,-532,45,-120
1020,-8488,13664,-601,90,-129
1100,-8564,13392,-704,234,3
808,-8592,13632,-697,286,35
932,-8356,13724,-625,101,-251
936,-8376,14208,-866,315,-193
960,-8444,14012,-1271,54,-5
972,-8496,13748,-1979,383,337
940,-8416,13776,-1971,1318,1066
504,-8668,13500,-2902,520,1398
716,-9220,11600,653,-292,729
1200,-8212,13664,634,-795,-202
-536,-8972,14136,-805,-429,-298
1208,-7380,12472,-1711,227,149
-364,-9024,14484,-327,-1983,-849
-772,-8932,13488,-239,-3023,-1190
-908,-7668,14328,-2693,-3057,-1094
-1752,-8760,13040,-457,-4857,-392
-816,-8220,11992,1956,-7591,4794
1120,-14428,18024,1542,-8153,5273
1976,-13036,9848,245,-3254,5412
2048,-15300,14296,-466,-2562,6032
2712,-11688,8932,29,1070,5357
4728,-11656,10900,945,3676,3877
3224,-9908,9464,-1340,5736,3981
4504,-8612,12488,-3467,6660,3178
2672,-7968,13576,-4180,6240,2115
1884,-6356,16488,-2944,4067,1746
796,-7828,14900,-4809,1516,1967
1540,-9664,16612,-6508,1470,832
1016,-9320,13228,-6211,2897,-5349
1700,-8404,11812,-2347,-770,-7566
-2708,-9924,13444,1396,-253,-3693
-2600,-10168,12456,7787,-1504,-4488
-2528,-12484,10852,6595,-1750,-3124
1204,-13816,10540,-1731,-1749,-5566
1488,-10504,11840,364,-2141,-2980
1576,-9852,12448,3363,-242,-1413
696,-9620,13628,4583,-1395,-477
652,-12532,16648,-1459,327,1658
220,-10392,14500,-4585,689,1236
624,-11340,12024,-4240,258,-384
716,-9292,11756,-4671,-878,-400
1544,-10716,11580,-5788,176,308
808,-12100,12164,-5095,995,146
2016,-10904,13960,-4354,388,333
2228,-10108,13528,-1415,198,397
948,-9672,13032,-394,214,280
644,-9764,13540,-1041,602,1030
2472,-10312,13344,-549,808,806
1764,-8376,10580,788,734,-72
3068,-8648,12916,2579,1698,-1031
652,-10124,13440,383,1524,194
524,-10232,12804,-1711,923,648
720,-10528,12204,-2702,478,697
524,-10856,11904,-2329,293,380
144,-11216,11092,-1258,154,-266
500,-11136,11664,-351,-169,-584
808,-10888,11864,339,105,-129
680,-10764,11504,661,237,179
