-900,-14776,7084,-501,436,298
-1104,-14676,7164,-390,242,-107
-888,-14784,6812,-355,-65,-212
-736,-14648,6936,-258,409,-10
-980,-14660,6940,-35,703,-21
-1084,-14548,7088,100,588,-139
-752,-14504,7212,-343,241,102
-988,-14552,7244,-905,362,219
-920,-14568,7196,-1141,242,289
4944,-12216,4160,1831,720,-1033
-5808,-14500,5384,2402,474,-480
-5608,-14652,3408,4352,-945,-857
-4556,-14988,7520,5693,707,1761
-320,-17924,14488,5733,-2896,808
440,-16604,7208,4630,-2482,2717
-5368,-15980,6784,2887,-11115,5423
-11172,-13436,5600,3505,-9189,10200
-1856,-12032,8776,1378,-2849,15149
232,-20440,6728,-2532,-3630,12509
3244,-24012,13680,-4978,2952,5199
5972,-16592,7260,-10154,7908,4028
-1004,-15412,-760,-21326,14403,-4104
4892,-18204,10236,-14889,13627,-6938
-11528,-6300,5492,-2413,8695,-886
-12480,-15380,7716,5491,2414,-2018
-5848,-13300,7148,6409,1213,-6181
-1100,-21072,14740,11576,-12362,-9955
-252,-10636,3888,13056,-5127,-3024
-6824,-17792,1348,2288,3707,3292
-3480,-15468,7908,2795,-308,-2074
-296,-25204,12440,-6478,3865,2440
2628,-19100,600,-11010,11008,5490
-3084,-9244,5044,-10837,2587,4709
-3148,-14960,3944,-14244,2461,2292
-4420,-19844,6544,-18917,816,2331
-3176,-17040,9052,-10595,8798,2816
4788,-19592,-6416,-7786,3539,-803
-10288,-6328,11784,-11857,5265,2076
-9604,-572,-2788,-7144,3453,170
192,-31636,32767,2271,2640,-4156
1640,-14260,-16844,2815,4789,2115
-2288,-16556,3036,761,-1669,-1133
-2456,-16224,1360,-964,438,-546
-2416,-16296,1268,-551,-203,-342
-2636,-16156,1652,-363,-90,-102
-2720,-16168,1624,-698,-88,132
-2724,-16296,1424,-565,192,-161
-2548,-16172,1432,-475,84,-541
