-280,-11560,11560,-381,-393,7
-20,-11136,12120,-108,73,218
8,-11656,11580,-359,530,171
-224,-11164,11848,-326,775,49
-708,-11080,11756,112,105,-232
-684,-10280,11448,-151,-638,-670
20,-11656,12156,-655,-298,11
-76,-11072,12048,-323,351,224
-336,-10712,11576,-299,270,-67
-1068,-11096,11744,-360,491,-158
-440,-10632,12048,-8,-212,-387
-488,-10636,12272,-640,-349,-283
4,-11976,11984,-621,-303,264
-912,-11320,11912,-850,160,957
-2164,-10032,11700,-1916,-1936,555
2368,-7844,9364,-7274,-1507,-6985
-380,-7112,11900,-11803,-1966,-9556
504,-9652,11448,-7019,-1849,-8673
1612,-15964,12004,3596,3001,-5765
-1400,-13012,10416,-8026,-3098,-711
-2452,-14216,8292,-2582,-3889,4827
-2788,-16412,4672,2257,-6379,6779
4080,-18056,5612,-872,-5461,11162
8364,-15740,6948,-6547,-6114,7505
10648,-15308,7676,-8401,-4664,-324
10428,-9204,13216,-9705,-2619,-1837
6172,-8096,17572,-5055,4949,-3551
5276,-7624,17404,4959,7452,-9358
-948,-10132,14532,7319,1772,-8820
-5464,-13104,9424,3739,315,-2278
-4688,-19148,3884,7608,2051,2475
1716,-21280,3108,3970,-4305,2109
2412,-18752,4100,-1023,-4457,356
2336,-18104,2188,-9557,746,1721
5200,-14912,5160,-14552,-1511,2095
1264,-12704,10812,-12148,1470,3960
2248,-12108,11624,-3658,4103,1526
2996,-9080,15600,-174,3356,3186
6668,-8240,19936,1272,1587,571
5464,-10644,16216,-83,-226,-3299
2304,-14464,13536,-157,627,-8484
200,-16924,10556,4472,4496,1031
1216,-9696,6672,1308,7807,15056
2608,-12832,6676,13270,3879,8194
