-1064,-14548,7172,-150,-27,-328
-800,-14492,7244,-370,385,-198
-1156,-14400,7208,-617,279,-138
-796,-14092,6372,-471,382,38
-480,-14472,7348,-147,655,-95
-1040,-14612,7228,-1976,1187,404
-1044,-14684,8036,-971,1967,1139
-2072,-14248,8148,-908,2726,2235
-2176,-14684,7896,-1809,2049,2480
-1704,-14900,7316,-2713,1882,1751
3288,-23728,5592,4529,1782,-4276
-4508,-17520,12324,3413,244,-2810
-5180,-14508,5192,4055,1284,5326
-14708,-15276,14912,8069,-9284,1330
-4136,-16668,6676,13039,-10723,1286
-816,-14256,7364,5420,-8033,3301
464,-16484,11448,583,-8101,5245
140,-13968,9840,563,-8563,8064
216,-14520,8676,-2771,-3012,8065
-5232,-13296,6356,-10370,2555,10480
-3232,-12408,10384,-20022,8565,8772
4392,-14524,12716,-6936,7161,-1696
-3640,-11120,12412,-539,2857,-13398
-11416,-9628,15136,4446,897,-12458
-10104,-11064,12360,7575,-5404,-6169
-9304,-16440,7864,5731,-3510,2578
0,-16924,9992,2235,-1684,940
-1916,-9556,3476,-5040,-3664,3658
-7756,-5776,1420,-8502,2584,8170
-1020,-20384,12620,-9504,5605,8875
-3432,-11652,4344,-15669,5088,6323
-3736,-14952,8272,-12649,-1621,1820
-2512,-6108,-1492,-6283,-2934,-156
-4184,-23496,21660,741,-109,-2875
-3148,-14784,6260,-1954,813,-1378
-3204,-15120,4488,-857,973,-380
-4960,-17092,7272,3496,4656,311
3696,-18384,4108,-1018,2848,-2032
-4236,-18644,17292,196,-5619,-4596
-2916,-16996,10272,7422,-2590,-3081
-1352,-14248,4276,3474,1078,-1793
-416,-14932,5256,4108,3679,-2885
-2084,-16752,9084,11131,-202,-6113
-1368,-13692,4944,5635,2304,-5822
-3428,-13724,6672,3798,1803,-3900
-2188,-13488,6944,4965,959,-2271
-2524,-12500,7648,2837,1633,-774
-1760,-12204,6876,1828,-355,475
-1464,-12620,7856,-264,340,-185
-1896,-12920,8228,-1264,1295,-551
-1076,-13952,10132,366,634,357
