-3964,-15228,4748,-1653,514,-592
-3612,-15380,4476,-1563,729,-859
-3672,-15316,4232,-1128,519,-842
-3660,-15276,4616,-762,379,-563
-3584,-15820,4460,-621,224,-497
-3640,-15096,4408,-1534,735,-454
-3604,-15240,4188,-2110,1825,-678
6056,-18184,-1220,-3106,12145,-2913
-428,-17932,-632,-1938,-6265,-3397
2652,-12484,-2280,3386,6058,-3247
-7412,-15920,8736,169,-7679,-1132
-3772,-15028,2288,4739,-4647,-116
-2316,-13748,3212,5794,-3465,-771
828,-17804,4288,4173,-6648,-4049
3768,-8724,-3816,5128,-2888,-4997
2036,-30612,19360,-2721,-1126,1589
-3308,-12384,3388,-4095,391,1463
-2780,-15252,6640,-5150,2408,1060
-2748,-15740,7796,-5300,2424,908
-2492,-14988,6500,-3227,2042,1143
-2640,-15940,7528,-1159,-491,1852
-3972,-14260,6432,329,-1433,1328
-3096,-13728,5844,-2046,32,930
-3180,-14832,5592,-2368,1183,282
-3040,-14372,6204,-5363,1143,-1419
-3492,-14908,5272,-2832,467,-703
-2724,-15808,5388,-2989,-242,-1734
-4552,-12952,2640,-1286,163,-1418
-3332,-15128,5436,-1332,-493,-1690
-3508,-17768,8976,-155,-2454,-1800
-5208,-12684,1632,-1412,312,-1236
-6412,-10664,-1808,-2759,-173,-1356
-3820,-17112,6540,-449,-1908,-27
-1816,-13368,4072,5676,-4578,-910
-3312,-13976,2404,-879,-3189,-778
-1988,-17000,5092,2833,-2927,-548
-2700,-14020,5004,3095,-2004,-436
-5160,-10304,-332,-7837,-49,-1074
-1768,-16960,800,-9157,3282,-558
-3588,-16064,3936,-575,-138,-2277
-3316,-16092,3792,6618,-1865,-2835
-2596,-15472,4676,11722,-2563,-1690
-3188,-14804,7272,11284,-3510,-658
-9316,32767,-32768,-32644,3607,1299
-3400,-10604,2100,-2263,1439,-2463
-3204,-11796,3496,-1748,2582,-1810
-2064,-18016,11524,5007,2421,307
-2332,-14504,6472,3368,2650,-344
-3032,-13728,7624,776,2104,-774
-3172,-14584,8472,1994,245,-1188
-2520,-13388,5744,-222,1706,-768
-3592,-12880,6868,-1904,817,-1081
-2240,-15196,8688,-1164,2218,-49
-1640,-13376,5908,-2066,1313,-344
-2684,-13088,6532,226,1065,-622
-2784,-13396,6904,244,848,-1366
-2432,-14728,9944,3113,1501,-71
-3184,-13188,8832,2162,67,-1020
-2540,-11360,6520,180,741,-895
-2536,-12560,8628,2322,744,-1114
-2720,-10744,8088,2162,507,-571
-2780,-12764,10796,5991,605,1020
-2104,-12344,8668,1311,459,519
-2728,-12788,8832,-2030,518,-603
-2820,-12868,9204,-3325,-68,-1482
-2652,-13448,8736,-4224,-727,-1210
-2676,-14000,8228,-3204,-596,-725
-2668,-13800,8072,-1934,-4,54
-2492,-13912,8144,-1090,311,409
