-2752,-13844,9116,-616,-20,-23
-1596,-13408,8248,91,-1275,-84
-2620,-12628,8940,198,-813,454
-2476,-12700,9456,-212,61,311
-3716,-13524,10992,1112,-933,587
-3928,-11520,12876,3470,-4087,2884
-1928,-9548,14020,6439,-5998,5519
-4896,-11512,20648,23079,-13729,20672
-956,-6664,6200,19472,-4426,13407
-4816,-6728,11876,12499,-7261,5247
3892,-6968,11624,3037,-3622,-514
-2248,-9372,13780,-2924,-2568,-5328
2628,-11536,11324,-3736,-2513,-7877
4424,-11720,8652,-4880,12952,-20092
-2936,-11184,6204,-11187,11854,-13375
420,-13444,9020,-16329,3928,-12163
-7972,-15356,11996,-12084,2724,-11183
-6212,-16952,12248,-6976,-3775,-1191
-5084,-11468,7480,-4959,-5772,531
-8108,-12496,6288,-4136,-12412,8224
-6528,-15736,3188,-869,-25247,18066
-3008,-21036,8396,-3438,-18101,11717
-264,-19848,2132,-9229,-17389,14252
4304,-19668,-3224,-11736,-13090,20330
-488,-17692,-1480,-10904,-941,15401
7180,-15276,5980,-8616,5448,14437
4372,-17664,13920,-4966,10248,-1951
5388,-15536,11748,-2088,12051,-10790
7600,-12088,9500,1246,16589,-9580
5140,-14256,15472,3592,4381,-10658
-2916,-11296,14444,8211,5361,-11882
-5100,-8840,12664,10319,2167,-1613
-8816,-12520,9144,10001,-3013,4701
-4228,-17064,9756,6729,-7220,1324
-2532,-15344,6252,5028,-6620,-924
-2264,-16560,5364,3042,-579,-3878
-5620,-16876,2892,-20,115,-3248
-4232,-18380,800,-4943,-652,-3683
-5984,-17668,5360,-1945,-1907,-4556
-1760,-20340,1768,-5652,-1169,-4168
-436,-16732,1300,-6286,3577,-1430
-2436,-17504,2932,-2305,9667,1150
1348,-16824,5636,-2279,9864,-3391
0,-14696,10228,-2395,14219,-5045
-936,-14916,14080,-3042,11787,-5682
-1860,-13852,9976,-3097,17034,-3370
-4372,-11972,10668,-5782,10597,-562
-2300,-14644,11764,-6949,9919,3058
-2004,-11480,11500,-9363,12728,10164
-6576,-14924,10596,-5456,11919,1969
-10160,-16776,14684,5732,-1143,5129
-3348,-15492,8796,12437,-6796,2122
-6700,-16152,7612,12032,-5136,-1048
-6796,-14364,6064,11490,-10503,2732
-3408,-13388,7984,11859,-14790,4038
-4100,-12236,8776,9769,-9288,1083
-2660,-12384,9044,9158,-8683,3643
-2568,-10148,6944,7293,-6726,3949
-3284,-10092,9556,2133,-2010,2393
-1936,-11756,11044,3142,-1785,1954
