-5324,-14580,4788,-605,293,-387
-5292,-14380,4836,-804,249,-248
-5040,-14676,4764,-666,356,-229
-5664,-14664,5016,-581,307,-451
-5276,-14588,4836,-756,566,-560
-5372,-14700,4964,-424,600,-443
-6028,-13508,4556,586,569,-537
-6092,-14644,5328,828,1291,266
-5976,-14256,4672,1549,1738,-126
-6300,-13988,4664,1934,1738,341
-5860,-14144,4616,821,1160,918
-5384,-14504,5148,325,1462,1263
-5708,-14920,5072,820,1382,836
-5888,-14564,3664,-289,1242,1741
-5104,-14728,2316,-3304,81,3505
-4168,-16520,3800,-6410,-1925,2905
-5744,-15708,3016,-6637,-3529,1418
-3296,-15588,3144,-7289,-3265,987
-4872,-15544,4420,-5372,37,127
-4976,-14492,4448,-2314,-353,-2764
-5576,-14248,4704,-161,-1050,-3074
-5928,-14664,5152,-1339,65,-884
-5048,-15060,6684,988,-267,-2870
-5900,-13940,6708,5028,-1072,-4732
-6988,-12712,5060,5086,-1838,-3479
-6472,-13532,4324,2532,282,54
-6220,-14064,3520,2007,1558,2202
-6096,-15340,3520,1702,-116,740
-6548,-15740,2320,-34,-765,-745
-5344,-16032,3296,-396,-61,-1611
-4592,-14652,2892,124,-758,-2097
-5292,-15640,2112,-2469,1260,-603
-5488,-16280,1752,-4342,-419,-2547
-5112,-15668,1776,-5816,1158,-2773
-4232,-13796,2160,-9542,1159,-2275
-3616,-14396,5524,-8440,2837,449
-3292,-15764,7276,-1979,2433,-624
-4852,-15392,5300,1368,-335,-3184
-4628,-14792,4628,548,559,-180
-4508,-14748,4120,635,-25,1029
-5004,-15512,3176,-311,-276,1486
-5000,-15932,2500,-905,-718,1030
-4528,-15548,2228,-737,-281,407
