1132,-7808,14020,-181,41,-247
1260,-7764,14100,-153,284,-211
1116,-7560,13988,-443,181,-266
1088,-7764,13972,-449,-30,-120
1148,-7712,14296,-633,84,-14
1224,-7720,14128,-763,229,-214
1152,-7700,14512,-905,150,-311
1112,-7620,14164,-1023,594,-152
828,-7436,14632,-1126,82,-51
1056,-7448,14760,-1772,-58,-115
1028,-7560,14164,-2482,1277,-59
1072,-5484,16764,1793,-2450,-1102
-444,-6460,15148,1785,-2498,-1864
-556,-6968,14644,666,-2567,-624
-2068,-8020,12452,984,-3891,2425
-1040,-8424,12160,733,-6464,10446
2100,-10224,11844,879,-7166,7913
5472,-11612,11080,-44,-3187,6441
4908,-10756,10952,-2401,1746,6696
2976,-9388,13636,-4162,3107,6562
5236,-8316,13588,-5278,2945,4561
4980,-8120,13828,-5138,5033,3354
4380,-6584,15716,-4658,4717,2445
2036,-6044,16356,-4433,5535,-585
-1516,-5700,14960,-2944,2718,-3248
-2268,-5248,15028,-1008,840,-6109
-808,-6012,13700,454,-687,-7711
-2600,-6964,12788,3776,-1130,-6595
-76,-9096,11956,8968,-1919,-2233
-2104,-14120,11932,4097,295,-1906
868,-12244,12148,-5522,-1258,-3949
828,-10248,11656,-1966,-1465,-2944
2112,-9144,13700,1133,-1614,-1533
600,-10928,9892,-1088,2767,2729
-176,-10072,12984,-3682,180,2277
-700,-9668,12096,-4816,-830,885
1780,-11296,11104,-4734,-451,733
496,-10148,14600,-3409,542,146
1880,-9636,12268,-2464,224,517
3024,-8912,15500,-563,532,437
2044,-9152,14700,677,555,-338
2156,-8264,13552,545,623,716
2580,-8136,12324,472,1049,966
1952,-6940,12384,1227,760,455
1964,-6156,13292,846,1005,8
2492,-6560,14524,1111,259,-464
1172,-8560,13820,-556,780,71
-52,-9392,13496,-2109,646,273
432,-9312,13228,-2525,24,-313
696,-9396,12908,-1950,53,-858
616,-9916,12476,-618,346,-968
