924,16060,3488,-865,-125,17
1276,15864,3520,-592,-191,76
1168,15492,3672,-369,299,-476
988,15992,3704,-243,220,-816
920,15696,3484,509,126,-670
624,16260,3900,657,-55,-346
112,17228,5060,-371,-1257,610
-192,18452,6340,-5416,-4091,1204
1064,10376,1304,-12025,-10130,1509
-252,19272,12828,-21086,-15213,511
-324,11880,9316,-18534,-11581,1031
-4416,4888,8348,-12654,-17737,-3660
1744,9560,6056,-1908,-7248,-12891
588,15536,10812,2774,-4940,-9827
2064,13472,4492,3712,-5486,-10098
3396,16536,4252,6098,440,-14582
1252,14824,3968,641,-1484,-8018
5112,15108,3528,2241,-692,-1296
8844,13824,2728,-589,7613,1316
8884,15352,4060,-4491,7357,7933
7248,12792,-340,1173,9295,4663
-1280,18892,5404,1549,13666,2372
-1028,14172,3900,2521,17595,10854
-2504,14888,-752,2195,4688,12324
-3512,15896,3036,1749,4127,2600
-2400,18552,3608,2886,7019,5906
-1808,17464,5032,4942,9891,10362
-3488,11668,4736,762,8923,5818
276,14292,8120,-795,7965,751
-1360,12856,11092,-5354,2113,3627
-4048,8084,8320,-4310,921,-2436
-7064,10384,11772,-4251,2101,-6657
10740,23304,10816,1623,-8549,-8113
-3328,11308,6124,-4662,-3303,-5840
1632,15348,7632,2233,-4312,-1063
11632,29012,3700,1776,-2386,745
512,17068,1612,3788,-6526,-2758
3764,16260,-140,7491,-791,-4123
708,14020,-1100,307,686,-7954
456,19444,2820,-3279,2897,-7658
-1040,19368,1932,1713,2194,1840
-1460,17600,2384,2184,3131,6524
2736,14976,2340,1819,5976,3715
3384,14832,4560,-454,3003,-298
780,14348,3776,-327,2022,-2913
-2444,17260,7020,6,444,-868
-2808,14920,6348,2938,2403,1402
-3240,14968,6512,1093,529,1382
-3996,15380,8232,1001,2241,3429
-1672,13048,6888,-860,-118,2288
-1976,13876,8172,-2100,93,-69
-2232,13848,7076,-1828,-840,-1378
-1668,17424,6664,-428,-268,-137
636,15960,4256,1386,-735,1982
1936,15324,3900,2576,673,294
664,15616,3732,2382,-196,-976
-96,15624,2852,1203,-1086,-441
260,15720,2732,368,475,-315
-176,16316,3676,-518,298,343
548,16004,3048,-988,-181,893
504,15604,3524,-1439,-611,1064
1148,16084,3176,-1599,46,369
1476,15380,3484,-1595,-286,153
728,15584,3640,-1606,-271,-30
364,15816,4004,-1240,-306,231
812,15444,4408,-965,-71,270
948,15536,3772,-604,180,-115
692,15912,4048,-776,-378,82
968,16188,4020,-1062,-348,317
1500,15780,3884,-1093,-57,-93
