24,-10628,12192,215,204,-289
-24,-10548,12216,54,307,-294
-168,-10456,12268,-167,209,-331
-80,-10740,12336,26,109,-208
-40,-10488,12480,-148,318,-26
-40,-10484,12280,-211,558,372
-8,-10280,12540,-421,713,675
268,-10216,12512,-855,960,1243
-12,-10336,12784,-1695,1453,1454
-836,-10464,12568,-2467,1242,935
-868,-10556,12824,-3829,-69,457
23512,-5248,-2856,1511,134,-6756
324,-9948,12540,6378,-2303,-3245
-2212,-11264,13516,6438,-2511,-1522
-2404,-11636,11628,144,-2543,-1441
-1988,-11704,12912,-3587,-3365,-2315
-6844,-11128,13056,143,-9916,6068
-1172,-10996,10528,2384,-6832,7666
6308,-12464,9900,1001,-1872,3524
4568,-10540,6948,-1539,2714,4324
2776,-10992,9200,-2780,4187,4172
12,-11432,13512,-5613,2047,1244
5364,-9580,12496,-7425,8618,-703
1484,-8260,15284,-7332,6739,1217
212,-9920,14532,-6730,-1393,-463
-2436,-7812,14116,-3209,-2463,-2848
-5100,-10908,14272,1365,-516,-5138
-3496,-9232,11748,5904,-591,-5544
-2916,-11332,10832,10052,-2343,-2210
-2672,-14712,9192,3582,-1965,-1901
-380,-12092,10392,-2656,-2631,-3747
1292,-11500,10764,-593,-863,-2428
1576,-11012,11244,741,-600,-1997
260,-13820,12944,-6321,1601,1240
168,-13648,12000,-6725,499,1148
-80,-11376,10144,-4188,-1225,-286
-936,-12496,10788,-1613,968,-1623
1580,-12788,10508,149,580,-1539
1664,-12900,10988,1075,2983,-857
1372,-10840,11616,1001,1714,-519
1556,-9804,13868,1631,819,-80
2232,-9360,16508,485,769,-216
2836,-10712,13400,1399,1905,-127
2208,-9052,14120,2802,690,-1383
632,-10200,13072,605,1254,-343
724,-10392,12328,-1713,668,311
324,-10896,12132,-2444,453,342
36,-11176,11680,-1943,191,-169
368,-11320,11040,-620,-340,-689
592,-11168,11424,32,-326,-767
868,-11072,11588,424,94,53
1048,-11016,11496,448,252,556
