-2992,-13740,10064,-1651,-112,283
-2300,-12112,10224,-1031,16,-69
-2252,-12296,10268,-799,19,-14
-2264,-12112,10264,-479,298,337
-2792,-12436,10052,-847,334,376
-2296,-12264,10264,-1009,76,15
-2496,-12056,10316,-1081,16,-157
-2128,-11800,10508,-2627,-61,1131
-2960,-12252,10240,-4637,-380,1101
-2464,-12460,9836,-7005,-449,-27
-2516,-12832,9348,-8992,152,370
-3072,-13552,8840,-9751,-166,-790
-2772,-14136,7772,-9833,-1769,-2006
-3492,-14784,7532,-6739,-2151,-3177
-5036,-13392,7044,7460,-25,-6832
23012,-24364,2540,8732,-23240,-16848
-7204,-11200,7692,1015,-15869,7823
-2692,-14908,10092,9095,6932,-677
-144,-14188,9396,2299,2382,3111
920,-14540,13256,2845,680,316
-180,-14024,11784,1005,616,49
340,-15660,15896,-1202,767,2579
-1344,-13716,12788,-2176,-370,2002
-520,-14944,13488,-5684,-773,3450
812,-13328,10868,-5895,4739,4939
-960,-13204,9376,-10527,7423,342
-3492,-13988,10624,-8560,3883,-1225
-3084,-12676,9364,-8454,632,219
-2960,-17908,13296,-6613,-615,-482
-2900,-15456,10860,-5409,-3870,-1625
444,-17496,9360,-1723,-5025,-1863
-5308,-18272,16508,-3685,-4895,1706
-564,-10896,-1760,2325,-3109,-2682
-12288,-11916,7412,-13651,5916,4944
-1924,-10780,1764,-23734,-3188,3614
4820,-22384,-5628,-12412,2431,3124
-4012,-16936,4216,2498,1432,-1530
-1256,-15436,4024,13211,-425,-2957
-1404,-15428,5644,19900,929,-2520
-3676,-1796,-192,-5741,-3569,-7915
-1772,-15180,7140,2721,4207,-2358
-2440,-12192,4920,4309,6948,-4410
-2876,-12964,9412,3345,5850,-1918
-1424,-12208,8340,-220,5291,207
-2764,-13088,11256,1006,5548,842
-2492,-13860,10364,-3009,3971,-643
-2296,-11140,8352,-1784,4314,-87
-2208,-14404,11252,667,2490,-387
-2416,-11008,8868,123,731,-1793
-3836,-8720,8168,-1720,876,-1382
-3748,-7156,8424,-998,-1398,-1528
-1908,-12628,12196,3229,87,-830
-2628,-11856,10720,877,1186,120
-2996,-12796,9700,-3310,129,-262
-3136,-13292,8904,-4729,-199,-639
-2968,-13512,8608,-3165,-558,-574
-3080,-14076,8136,-593,-122,-347
-2600,-13624,8380,1266,27,-242
-2708,-13452,8664,1986,-21,-57
-2780,-12976,9160,1732,227,-244
-2696,-12884,9088,765,-204,-407
