-1400,-10664,11932,-753,-461,-1043
20,-10784,12152,-527,-2252,-838
-72,-11616,11932,-534,-512,-423
-1036,-11332,10748,-765,686,-268
-1532,-11080,9980,-681,-2616,139
380,-10940,12536,49,-3675,136
776,-10860,12832,19,-409,-495
552,-11120,12300,-548,611,240
656,-10792,11944,-1259,251,-60
516,-11360,11996,-2661,471,-1504
-1780,-11380,10796,-3283,-812,-541
732,-9768,10484,-7405,-3817,705
3384,-10448,12528,-8093,-3487,-615
320,-13148,20048,-7854,3799,-3175
-944,-12284,10692,-8861,6042,-4652
-2780,-12752,12152,-833,2101,-3641
-1228,-11112,12776,4981,-2324,-6465
-336,-12216,10952,6961,-2255,-3017
2184,-11964,10652,-783,-3205,-3531
-2284,-15212,7260,-627,-928,-424
-1728,-18572,6024,1329,-5032,-45
1856,-17400,5160,-4625,-5795,7165
7512,-14776,5680,-7484,-6373,8339
9620,-14856,7936,-8240,-5810,5213
9728,-12424,11928,-11740,-1937,2293
3444,-8064,16316,-7062,8546,-2806
-236,-9948,15396,4441,5791,-5533
-128,-11312,13876,3206,-469,-5072
-1552,-13908,11224,4032,-1916,-4365
-2068,-15128,5644,5076,691,-3329
-2016,-17372,4128,3460,89,954
1212,-18788,3080,-417,-442,1106
2052,-18944,3512,-3685,-3470,1588
3552,-17000,3316,-7792,-3639,3494
3328,-15080,5116,-8214,-1461,3787
1068,-12588,9688,-7007,3313,6461
-1676,-12160,14172,-3205,6341,4996
1388,-12400,13508,2882,1383,2189
1068,-10784,14320,66,968,1041
852,-9724,14732,-1749,-2215,1141
6116,-12092,11988,-1517,3132,-2222
1084,-18316,11272,8845,4661,-5828
-420,-12736,5056,4100,9547,4301
