-3316,-14784,6396,-736,130,-76
-3240,-14548,6400,-455,141,-98
-3352,-14728,6472,-593,129,41
-3128,-14600,6336,-735,104,-195
-3244,-14432,6480,-1107,337,-176
-3732,-14572,7088,-2154,403,-550
-3268,-14532,6420,-4063,1307,-105
-3692,-15224,5608,-4478,1867,-1015
-3436,-14820,5876,-3097,-121,-2117
3588,-640,-25000,13331,-24648,-4088
-26536,-3628,24200,32767,19674,19152
-1584,-16476,6324,-124,1206,-6289
8128,-13180,-9296,-125,-9044,6429
-10284,-16308,16012,-6644,3957,6318
-1076,-16564,8308,-5890,1036,2016
-1812,-14908,6172,-5962,3703,2064
-1428,-9568,-544,-5947,-160,1258
2212,-17944,12104,-5598,-3493,1165
-940,-14160,5672,-7669,3174,3749
-800,-14340,5456,-13117,5749,1320
828,-14356,6472,-13189,3317,-2593
-3180,-16516,11360,-765,2314,-3651
-5264,-12680,6904,3412,2269,-2497
-3264,-17440,8988,2094,-1675,-3362
-4148,-15504,6740,2755,-1259,-2335
-3640,-16804,7980,4799,-5701,-302
-3632,-15220,6088,5203,-4247,-642
-4324,-12876,-788,-11374,45,-1024
-10268,14860,-5912,32767,-14735,-8924
-5064,-16248,7488,3775,-2019,-388
-2980,-16444,6548,13716,-1098,-1603
-1892,-15128,7352,14470,-912,-2343
-1692,-12708,5548,-1510,5066,-340
-1876,-15036,7568,650,3695,-755
-2172,-11976,3844,-1723,3531,-774
-3068,-12640,6620,1322,3648,-1283
-1944,-10312,3532,-942,3870,-1220
-2188,-17360,11764,3665,1350,372
-3284,-14408,8200,1566,2152,605
-2900,-12508,7744,-41,1714,-1983
-2644,-12608,7896,-2426,1138,-1458
-3708,-11716,9384,-2686,3982,-469
-2872,-11936,6696,-800,1503,-736
-2740,-12884,8612,-717,2104,-829
-2652,-12976,8956,-1530,1316,-444
-2852,-12964,10012,-264,870,853
-3680,-12028,10184,1349,268,877
-3300,-13472,8796,-1688,-227,-697
-2900,-13852,8104,-4642,-146,-1118
-2504,-14276,7396,-4644,-86,-355
-2868,-14692,6772,-2261,-38,-46
-3036,-14648,6880,66,-260,-143
-2752,-14132,7488,1015,-46,129
-2888,-14024,7888,895,62,43
-2732,-13864,7776,400,133,-156
