-3580,-5848,14832,-480,-1171,-1868
-2300,-11236,21228,10940,-2070,-2411
-3696,-2148,13632,13506,-1563,-2097
-2940,-1584,14012,2620,-3266,-1442
-3280,-3220,17152,-1893,-3963,-2072
-2052,-2740,16352,425,-6767,-685
1680,-3780,13660,-2036,-3002,-771
1116,-6576,18428,8629,476,-5241
-1860,1776,10088,8362,5162,-1577
-4760,-2872,18456,2774,264,195
260,-3156,17584,-1550,-553,-1910
-3364,-1232,14592,-16072,5178,-7542
-5188,-2916,16816,-8854,2499,-4964
-3136,-4732,16040,-7328,-665,-4430
-492,-4604,13360,-17822,-1799,-6026
-1816,-7604,16920,-13762,-2070,-6430
-852,-8728,12268,-17434,440,-8860
-3664,-7908,9432,-22593,-3675,-4038
-3404,-11828,15076,-10054,1803,-3487
-5336,-10084,10408,-7648,-7293,4973
-6456,-12196,10500,1557,-14958,20056
-4388,-14872,10708,-4394,-10148,11318
-4336,-15652,9172,-3243,-14161,20609
624,-17348,8532,-5022,-18160,23841
4400,-17324,5968,-4203,-4332,11912
4584,-16084,8360,-4413,2044,8732
2464,-14900,9080,-3571,6206,5458
2436,-14152,9936,-2230,8251,2643
308,-13852,9912,-1829,10532,748
2944,-12308,13088,704,13583,-4741
2016,-11572,14788,2262,10312,-9434
-420,-9464,15100,5229,6403,-15033
-1360,-7084,15096,7281,944,-12654
-5596,-10716,14592,5483,-7566,-6998
-4976,-11564,14796,1897,-6510,-6071
-6332,-10048,13392,1899,-1748,-4926
-1448,-11788,9028,-125,-3641,1066
-1264,-12680,9876,-1093,-2425,2034
-2788,-13608,10388,-761,-3906,3572
8,-13724,8544,-1267,-3876,3414
1488,-15252,7964,-2199,-3355,-3
1236,-15516,6140,-4338,-1600,-1370
652,-13512,5136,-945,5637,-1395
-36,-17056,8068,-632,5091,-4851
-2720,-15344,7020,-2886,4549,-5577
-3792,-15564,7744,-2044,2032,-4574
-528,-14608,8428,-1666,1196,-1127
192,-14124,8712,-1554,4530,-282
-140,-12420,8872,1012,8187,882
-728,-12824,10556,4840,6959,29
-1480,-12988,11108,4505,7146,-315
-948,-11652,12228,2911,10117,296
-1652,-10416,12984,1519,9919,2600
-3752,-10484,11792,1246,10814,2065
-2788,-10056,12344,-1802,8782,-1338
-2980,-9200,13492,-2132,6192,-899
-4224,-10120,13248,-1098,4847,-2418
-4632,-11232,11680,-2982,4287,-2696
-3732,-11388,10692,-4884,4802,-1798
-5088,-11440,12456,-4514,2655,-1727
-4580,-12692,9124,-4024,383,-3180
-4548,-11276,9856,-4136,1860,-3154
-4548,-13300,9288,-2758,-909,-4075
-3628,-13080,9084,-3611,1742,-3064
-3536,-13024,8940,-2754,654,-1302
-1760,-12480,8940,95,1775,-1024
-2128,-12328,7816,1374,3251,1151
-3388,-12900,9276,1516,-470,1236
-3512,-12780,8660,-603,1515,1910
-4724,-13884,9020,-790,-51,582
-3868,-13616,8208,-953,1005,-266
-4176,-13396,8680,-1514,155,-678
-3696,-13844,8264,-871,-27,-865
-3956,-13508,9088,-1672,3,-846
-4064,-13952,9296,-2546,707,-169
-5464,-14744,8416,-1809,-643,-1560
-6412,-19404,16764,7642,-1893,-1136
-4816,-17732,6832,32767,-21661,13039
-672,-7132,11064,17360,-9824,1784
-2200,-8276,12760,15767,-8190,-882
