-3432,-13816,7480,-598,100,-327
-3368,-13876,7512,-941,95,117
-3624,-14076,7500,-978,14,116
-3432,-14120,7564,-754,29,-455
-3000,-14024,7160,-1351,116,-49
-3260,-14048,7276,-1996,113,527
-3760,-14148,7312,-2435,-2,-10
-3452,-13796,7144,-3843,-119,-358
-3564,-14132,6948,-6911,1165,-263
-3816,-15204,6328,-7933,1605,-544
-3712,-14016,6636,-8954,95,201
2212,-32768,4944,-9089,6347,-5613
-7744,-13632,14264,9666,1701,4685
-4856,-14508,3324,558,-2272,-1631
-8704,-15160,3848,10116,-3029,716
-3684,-15528,7296,5752,-6354,-1360
-2396,-16264,9300,1604,-4423,255
-6916,-6580,-4536,-998,-1387,4818
-1368,-12368,4424,-940,-1595,1916
-2032,-14988,6216,1347,2117,576
-1480,-9204,-356,509,3510,-123
-1148,-13816,9740,-1246,1393,883
-2060,-12832,6624,-1074,1243,2297
-1156,-13592,9176,-3654,4494,3612
-2072,-14020,8316,-7325,3719,1008
-3516,-13252,8988,-7473,2743,-290
-2992,-14200,8216,-6019,2149,-827
-3952,-16780,12724,-197,-804,-1502
-4296,-13352,5268,-896,-928,-1596
-4168,-14832,8364,407,-744,-3280
-3192,-11264,4744,401,-367,-508
-10880,-13992,6660,-2542,2204,1248
-8400,-12420,1580,-7056,-1086,-637
-12888,-13980,8016,-4116,1655,1503
-8848,-11116,-5152,-10903,2646,241
-4208,-15632,4384,44,-2530,-2552
-3528,-16012,4372,10357,-3463,-3575
-3732,-16188,5540,17169,-2850,-5351
-5584,-792,-7672,1406,4217,2278
-3332,-15668,6248,2077,3401,-1878
-4988,-14544,5544,-2806,3953,-4003
-2536,-17564,10968,-2820,5352,-881
-3308,-14036,4988,-3366,2329,-312
-3268,-11984,6988,-3263,-2991,205
-2420,-13436,9336,121,-1541,-121
-2716,-13332,10508,7360,542,-1419
-2964,-13344,6392,5712,2991,-2074
-2748,-14764,7056,-997,4931,-25
-3068,-12564,7268,-3676,1148,-106
-3208,-12484,6132,-2422,1546,-443
-3364,-15440,12072,-2469,1707,-1345
-1564,-15516,12760,2579,645,-433
-2208,-12948,8752,4082,-972,-891
-2500,-13752,8172,-604,1133,1160
-3316,-14212,7876,-1275,1128,949
-3084,-14460,7544,-351,148,-347
-2748,-14008,7592,-232,304,-55
-3096,-14080,7732,-65,584,116
-3192,-14096,7820,31,89,-112
-2728,-13684,7980,-235,-177,-70
-3164,-13772,8096,-412,29,-86
-2944,-13908,7948,-800,-254,-181
-2972,-13944,7844,-264,8,-399
-3012,-13936,7788,-304,3,-149
-3156,-13900,7876,61,211,-52
