416,-9604,13096,141,-92,-350
516,-9448,13132,-80,139,-86
364,-9684,13096,-158,108,-251
352,-9688,13020,58,87,-311
436,-9448,13056,-106,274,-203
392,-9356,13096,-326,381,-70
496,-9324,13216,-679,359,-123
536,-9424,13192,-930,610,49
652,-9428,13604,-1303,1104,246
200,-9296,13352,-1900,1174,441
352,-9088,13348,-2825,754,786
444,-9576,13160,-3841,632,1655
884,-8272,12116,-3088,381,1467
-1220,-10740,15492,3478,-906,-1540
-2468,-9732,12676,1518,-3151,-1473
-796,-10404,12712,-896,-2547,-927
-1516,-8852,13536,-196,-3972,-971
-1684,-9848,12796,46,-7201,386
-940,-10420,12492,617,-6380,2653
760,-9592,9384,2789,-3141,5665
-2032,-12700,12264,2852,-5411,6111
2276,-12792,10928,1621,-4503,7947
2740,-10392,9716,1014,1444,7469
3292,-11244,12644,-89,4125,5765
-80,-11268,12972,-2915,3694,3798
3084,-9888,13004,-5116,4044,2096
5660,-8124,12240,-6561,7295,520
4004,-8452,14616,-6536,8186,281
-1940,-9208,17756,-4232,3743,-228
-3584,-9120,16456,-2290,-1733,-3143
-1276,-8900,13560,1642,-315,-7340
-872,-8056,12696,7016,668,-9413
-12,-11556,7616,7777,-1863,-4103
-3316,-12036,10968,-307,288,-2272
-776,-11692,10252,-2158,-1005,-1562
-384,-11000,10920,1018,-1487,-2785
1464,-10088,11940,2036,-702,-1350
-72,-10236,12656,2337,-819,-393
48,-11176,15468,-3019,356,958
-1192,-11264,13992,-4977,1014,1264
12,-12036,12660,-4442,151,1469
-852,-12284,11212,-5075,268,1432
-724,-10664,12100,-6329,250,1590
548,-10360,9180,-993,294,1113
312,-10600,10792,1411,731,333
-264,-9168,11764,25,418,1003
1056,-10432,14532,-566,1202,380
1700,-9148,14020,1014,1132,-937
264,-8552,14144,870,1003,-1317
732,-9108,11340,527,1039,-1203
180,-9428,13224,38,1164,-478
-288,-10192,12736,-1323,1323,308
-712,-10840,11896,-1379,618,-278
-592,-10872,11980,-1197,175,-1210
-444,-10800,12092,-78,-363,-1275
116,-10768,11952,597,-598,-655
-140,-10640,11864,790,-384,-142
-220,-10548,11996,937,-56,174
-344,-10448,12224,1113,83,145
-324,-10276,12516,1295,-30,-253
