132,-12152,10900,-462,193,-250
472,-12064,10828,-539,363,-678
464,-12212,10664,-788,315,-780
584,-12240,10712,-440,176,-232
244,-12020,10672,-239,249,3
440,-12184,10540,-224,352,167
628,-12172,10888,-148,593,216
48,-11996,10928,-651,1089,420
380,-12112,10940,-1022,1091,726
220,-11956,10760,-1569,1496,1103
-32,-12128,11780,-1963,1311,1114
17868,-19948,6836,4818,215,-10360
2640,-11616,11124,4545,174,-1040
-92,-11332,13748,2409,-785,32
-648,-11740,11384,3368,897,485
-1092,-13232,11720,4685,-1179,-1776
-3516,-11764,11380,2600,-3188,-3106
-3788,-9556,10316,2434,-7755,-818
-5452,-12020,10304,5909,-9422,10220
1292,-12960,11172,1537,-1446,15830
4640,-14116,10712,-5808,1826,11190
3556,-12148,11068,-8846,4564,5113
2612,-11852,10464,-10961,5530,738
1236,-12256,12992,-13364,7054,262
4080,-11420,12568,-10096,6307,-4339
1116,-11864,13824,-8,299,-13134
-2828,-8884,8624,10054,115,-14071
-3696,-13292,8900,12987,-1779,-6341
-6892,-16452,6836,4587,-260,-3339
-2800,-12820,7464,2203,-2064,-4372
1556,-12884,11332,-2044,2101,340
-136,-13592,10144,-7409,500,3309
-996,-12844,9096,-9736,1519,5422
584,-12944,8932,-11821,-625,6435
-804,-13712,8756,-13521,-257,5341
-2160,-13512,9860,-14890,-2279,4590
1136,-12944,9120,-9414,-1292,5220
3244,-14668,11204,-855,99,927
408,-13872,8732,3600,241,-2636
-828,-14172,7660,1319,480,-1449
-488,-14244,8108,177,334,-25
-1088,-14260,7552,-204,567,595
-1080,-14332,7744,-418,283,359
-1340,-14452,7588,-701,648,-238
-1392,-14212,7016,-679,1046,-970
-992,-14456,7800,-560,618,-868
-1304,-14260,6972,-1195,1307,-692
-892,-14552,7704,-430,299,356
-1172,-14424,7360,-362,43,467
-1364,-14448,7556,-389,248,357
-1232,-14412,7460,-73,281,73
