-1212,-10912,12512,-348,153,-445
-2036,-11816,12604,1404,18,-521
-2428,-10584,11516,-1257,653,-2041
-1636,-10684,11120,-2985,-10,-3311
0,-12132,11148,-3089,2339,-4930
-1952,-11824,10440,-2757,304,-3824
-1568,-11808,7556,-7063,1972,-4617
-2380,-13648,9084,-6799,515,-8078
-3552,-13924,11356,-444,-357,-4829
-4148,-13676,9684,-426,-5447,-1181
-5336,-15556,10284,-654,-12941,5501
-3280,-15484,3628,3530,-19714,11466
-816,-18080,4612,-2162,-15659,11374
3184,-17572,4572,-3696,-20772,6613
5392,-19904,2672,-5377,-13721,10845
5384,-20284,2660,-4705,-6349,12196
10264,-16388,3248,-5236,4084,17201
9440,-15768,7720,-3013,13648,7911
5000,-12964,12676,103,10292,-1167
6136,-15508,16200,-2475,17770,-12190
-576,-5252,19188,1938,14374,-11431
-4016,-3244,15244,738,8537,-6911
-3756,-9460,17932,3465,573,2251
-2576,-11588,12888,7811,-7465,5730
-3060,-16448,9120,3948,-7860,4952
-3616,-16808,6852,1085,-3353,1745
-3092,-16140,5048,184,-3502,-2052
-2688,-16868,4156,1007,-1887,-3987
48,-16128,4712,-1149,-1572,-1985
-596,-22232,3368,-1011,-83,-1120
-4452,-12596,364,-1363,985,-1720
-1920,-16988,2072,-1559,-1442,-382
-1780,-18420,2152,-2664,738,1399
-540,-17952,3220,-4260,4170,1306
-984,-18452,4916,-6455,6702,5376
-1188,-16720,3180,-7267,14340,-76
-3772,-13268,7932,-1354,17709,-1370
-3484,-11352,10256,1961,15868,4065
-3092,-11760,6464,3708,15364,5054
-6020,-13156,10416,1003,15197,896
-4424,-10416,14152,-7036,10292,6521
-4488,-13364,11120,-6035,11222,1677
-7408,-11184,11540,1476,7068,-1831
-3504,-9020,6596,3706,8039,-4498
-7268,-14760,6020,6316,-2223,-3264
-5304,-14584,7980,1550,-2130,-1789
-5188,-13588,8000,1984,-4695,3170
-4684,-13076,6448,3625,-5140,961
-6352,-14416,7664,5792,-6548,365
-4740,-13680,6424,4436,-5860,1206
-4884,-12204,6408,2678,-5682,1168
-4672,-12516,8624,3385,-4867,121
-3056,-12168,7596,1778,-5700,352
-3440,-11580,8240,1085,-3262,-127
-4584,-12356,8040,679,-481,-470
-4436,-13236,8312,867,-844,442
-3568,-11900,6924,-546,-494,1356
