-1012,-12804,10416,-439,175,-392
-192,-11600,11020,-481,-743,-554
-624,-12180,11184,-82,-1036,-364
60,-11452,10508,-456,-582,-270
456,-12252,10644,-865,142,-534
-256,-12976,10256,-808,645,-392
-460,-12176,10112,-153,258,-472
220,-11200,10752,-401,-557,-361
204,-12764,11724,-207,-390,-39
-392,-12728,10772,192,702,778
-8,-12976,9344,1244,1455,2375
544,-11636,8868,-2594,-425,1619
-2188,-12280,11752,-4988,-1820,-827
120,-8704,10796,-4841,-1726,-4021
-832,-10668,12468,-7822,-924,-5401
5752,-25648,32767,-9411,5684,93
-1108,-11552,10884,7665,-821,-5640
468,-13324,10096,3630,-3185,-4016
-3024,-15752,6284,2071,-1575,3182
-3368,-16288,4940,3654,-2521,4144
-1304,-18216,4520,1430,-8141,12845
9960,-15300,7984,-4239,-8375,17324
8584,-14748,8576,-6596,-3185,5633
8732,-9780,13652,-4204,-5807,762
5032,-7696,16800,-6818,4381,-3817
1596,-8712,15812,-1683,2180,-11134
-2848,-10012,15240,1095,299,-11574
-4820,-13612,9768,3450,1548,-7431
-1728,-14384,7412,2796,36,-360
3432,-17448,5772,5267,-1963,2346
7880,-16640,3600,4674,-4978,-3384
3688,-15992,4976,-4129,-2862,-224
1800,-15852,7048,-7214,-743,2624
4168,-14404,6768,-4165,-688,1055
3684,-13300,9368,-4479,873,1758
2128,-12064,11048,-3635,1456,1828
1364,-9940,15180,-2571,4422,587
1128,-10200,14128,282,4107,-1652
1480,-10596,15076,-1597,94,-2089
984,-10184,12356,-5144,-1104,648
1684,-13944,10656,1635,126,101
3068,-14008,9484,75,-450,-2980
1472,-15428,15080,2722,517,463
2924,-12336,9380,7641,6027,2533
