-700,-12400,11008,820,1265,-792
-1448,-11908,9572,-583,1749,-478
-1936,-13084,10688,-1109,-365,-15
-1992,-12056,10808,-243,-490,388
-784,-11876,10916,391,-251,7
-884,-12652,10608,1284,223,52
-1716,-12444,10668,1890,1842,1273
-2040,-12108,10588,-129,54,157
-2480,-12556,10504,-2370,-737,-831
-4116,-12684,9868,-2294,-1834,2010
-4304,-12976,9760,-3030,-8153,5178
876,-10076,7956,-3642,-9599,716
3160,-8988,8212,-10914,-8334,-4194
-12720,-32768,32767,3682,-3143,2613
1456,-7916,14084,-63,5206,-7106
-3180,-10388,12100,5714,3059,-10139
-5216,-18876,11388,12012,-11724,-9463
-10424,-24800,-6356,-2438,-1618,-1281
9520,-15500,5612,-7142,-10613,11625
26952,3068,23380,-2868,-13529,6459
18536,-3352,17188,4469,2878,-7689
-20436,-26340,-4040,5755,22150,-15683
-10528,-26864,-3364,-4927,1727,-4255
2528,-13028,12776,2060,-13218,7092
7544,-12452,17172,-5467,-6218,15254
7748,-6980,23176,-7426,554,4803
4068,-6032,15420,-2970,6775,-10810
-1992,-14740,6864,3812,4707,-1546
-3924,-20804,8136,2283,1618,-141
-720,-14076,6492,2874,219,4459
272,-10892,8716,2907,5043,5631
1584,-10008,7316,3945,1984,1274
1120,-13488,10408,1070,3200,922
