-3584,-11824,10892,-1031,266,-331
-3332,-11680,10516,-1151,202,-491
-3560,-11888,10584,-1007,143,-336
-3364,-12028,10200,-357,382,5
-3384,-11944,10620,-95,352,-91
-3380,-11592,10412,-202,579,66
-3312,-11656,10528,-273,615,262
-3532,-11656,10920,-1179,1602,559
-3136,-11620,9760,-3452,2099,693
-3700,-11708,10044,-4103,2756,1010
-4164,-11708,10032,-5664,1432,-873
-4212,-12544,9600,-5690,735,-1464
-1972,-12880,5880,-7929,-2108,-1289
-4952,-13516,9008,-7509,-863,-775
-5864,-14332,6892,-14838,-4386,-6898
-3536,-13604,7616,-16566,-3859,-6848
-1452,-12752,5380,-12955,1454,-3989
-2724,-12304,6300,-3086,4479,-4373
-3980,-5820,3424,4275,3524,3524
528,-2124,-4936,5183,-5736,4975
-2852,-12052,6292,421,-3780,4287
-408,-14608,10972,1844,-4135,376
-3132,-13144,8424,1977,1260,1170
-1096,-12916,9716,-927,1217,627
-2416,-12628,11568,-1218,2678,-477
-2132,-11164,11312,-2260,6881,-444
-1920,-13156,11064,-5572,4689,-43
-2972,-11868,11060,-6519,2911,294
-860,-11140,10492,-4960,2342,-1715
-5664,-11704,12448,-6203,6445,1790
-10384,-9720,3140,-3681,2021,-1574
-8532,-10984,6080,-4269,-724,-2760
-8376,-7972,4052,-13646,1113,3123
-12476,13100,-11668,3942,-4992,-4802
-6844,-14108,6592,-5986,-3836,804
-4832,-15700,5572,3044,-2177,-2041
-4268,-14604,6676,10056,-2930,-3408
-4000,-14520,6884,14859,-1845,-2888
-2184,-14444,8000,11066,-1745,-1644
-1284,-22680,16204,1072,-963,-500
-4948,-9728,2100,100,2745,-394
-6208,-11016,5672,-1147,2395,-2264
-3076,-16536,9900,1589,1571,-1838
-3356,-12648,9124,765,831,-707
-3180,-13376,10932,90,453,-86
-3256,-11516,8404,-1791,576,2302
-2208,-11632,10748,-3404,-448,-916
-2040,-12200,12152,4060,736,-1296
-2884,-14548,12428,1217,3095,435
-3128,-7916,9936,-2501,549,-1483
-2136,-14968,19052,5506,1259,300
-3288,-10792,10332,-541,712,99
-3680,-12004,9980,-2715,519,-418
-3484,-12924,9544,-2266,372,-519
-3376,-12816,9288,-2052,-161,-219
-3720,-12904,9284,-406,-318,-347
-3548,-12788,9384,664,501,426
-3636,-12560,9644,1184,-208,-76
-3212,-12272,9684,870,25,249
-3612,-12596,9644,16,-280,91
-3324,-12528,9484,38,-244,-98
-3768,-12428,9616,-163,-35,-195
-3484,-12340,9560,-226,-56,-182
-3572,-12264,9872,-375,66,14
-3648,-12348,9704,-262,65,-98
-3556,-12328,9820,-549,-139,-264
