-1112,-15008,6300,-405,24,-644
-1028,-14932,6556,-449,399,-733
-892,-15088,6156,-93,687,-323
-1292,-15024,6656,-47,115,-263
-1008,-14904,6576,158,499,10
-1248,-14752,6876,-495,114,395
2020,-15344,7448,661,624,-577
-10256,-20288,16856,1330,-5253,-13
2036,-11728,-1416,3392,8397,444
1000,-17504,16888,6043,-8139,-4744
-2100,-8928,9848,12321,-2158,-1494
1312,-7248,10644,8469,-5111,2969
-828,-10024,2720,7370,-14480,4697
-6172,-11644,7944,7333,-10344,4651
-3256,-16176,5628,4410,-6285,6057
1200,-14944,9716,131,-5587,6089
-256,-14588,4104,-4265,-1038,9965
1500,-18168,8592,-8448,2503,10338
6920,-17728,10012,-9698,4417,6349
-3608,-6908,5456,-13196,10720,903
-3032,-2472,1968,-28629,11897,-1907
-4892,-10788,4884,-14838,7777,-5703
2224,-19584,13712,5115,-1447,-8496
-6296,-11456,4900,12575,823,-7987
-32768,6168,-17172,-2386,6134,523
-1788,-6992,4680,12564,-2055,-4983
-6828,-13364,5740,15349,-5753,-2962
756,-16908,2012,3351,-342,-917
-1072,-14596,6268,1248,584,-2258
-4804,-10116,3772,-12670,6228,3302
1592,-16944,8256,-13749,7207,4372
-8068,-13460,16528,-6523,3362,1800
-7112,-12576,2040,-6865,-1657,-778
-8304,-7756,4472,-10787,1661,2280
-4344,-15016,7964,-8360,607,-467
-2060,-11536,10548,-7870,-894,-2425
10624,-32768,18524,-6920,5171,-2099
3816,-26132,3692,-6708,6139,-491
3992,-15764,2736,-10716,227,-2680
5136,-31756,1772,-626,3625,1171
-840,-15740,2696,-452,208,-949
-916,-15928,2048,-2266,331,-452
-1296,-16096,904,-1155,140,44
-1444,-16240,1772,-695,78,17
-1240,-16292,1836,-804,277,149
-1640,-16368,1684,-481,137,-83
-1364,-16272,1956,-401,61,-190
-1424,-16412,1800,-414,161,-114
