-944,14684,6916,-342,-193,-443
-84,13956,5996,-491,512,-2337
-740,13976,6484,-277,691,-5134
-2016,15260,6452,219,-129,-5023
-3940,15580,7076,1150,621,-2043
-2856,15392,5856,1394,-151,1603
-1832,15200,6564,1567,-482,2379
-4364,14988,9280,869,-2003,1799
-5472,18088,9884,-1235,-5460,4488
-9228,12288,9048,-6921,-10633,2192
2752,14520,7760,-13791,-8523,-1931
-2148,12372,8896,-11412,-10901,2184
496,11232,7796,-4854,-9202,-593
580,12496,8456,-4471,-4266,-3764
-1004,9200,6740,-2,-3338,-3084
-1212,9856,6356,3944,-2033,-10068
3456,15324,6408,7983,2030,-9672
828,13628,7552,8537,-3610,-1327
3784,12084,4592,7654,-1163,-9338
4992,18164,6016,-297,-2567,-9053
1372,15228,5124,-1617,-4442,-632
832,17528,2732,1124,-4250,-8194
-308,18712,3364,1113,-1228,-4463
-428,15944,2248,-2348,-5686,1478
-1872,17644,2580,-5413,-7,3135
-4736,17304,2860,-3540,10854,5909
-7116,16592,5928,-385,7960,8350
-5948,15068,5124,1938,9872,9275
-5616,13636,8248,4111,16138,3668
-8068,14428,9884,4763,13470,5817
-5856,11536,11632,2413,7441,10251
-3912,10732,13076,-1071,3148,991
660,13296,11280,-458,-2418,-2136
-160,13016,9264,-994,-3729,-3920
1252,14600,9320,311,-3399,-5054
-320,11208,5980,-571,-5656,-5533
-2344,16544,3428,-2406,-4555,-3221
456,13720,2508,-826,-3061,1074
4584,18948,-204,6148,-646,-2222
2092,14168,-264,3443,1692,-7427
-1724,18148,1652,4883,1453,-3463
-2208,17880,816,974,-4742,1557
-1232,17296,-776,3507,3537,5085
312,14676,-596,2804,8068,4227
-800,14444,3328,-2490,9094,1216
-3284,13160,6268,-5338,3783,-781
-3020,16596,6304,-5122,3789,-170
-5536,14496,9276,-4026,2935,3216
-1428,12716,6288,-2428,3992,1221
-3732,14068,7244,-2352,3104,681
-5956,14200,9204,-3623,2123,2617
-3768,13336,7908,-4140,1495,2573
-3988,11796,9004,-5003,1320,1941
-1376,14744,7992,-3648,2491,-432
-3724,14996,8192,-2204,94,1634
-4280,10900,8020,-2505,332,1897
-1060,14144,7396,-2091,-613,2063
