-2480,-12888,9348,324,290,43
-2524,-12932,9744,-607,-203,-28
-2644,-13056,9456,-1155,36,-293
-2564,-12800,9680,-1695,112,-371
-2696,-12744,9368,-1972,888,260
-2624,-13256,9328,-2154,804,174
-3276,-12628,9720,-5366,658,93
-2316,-13124,8264,-8633,1123,-160
-3372,-13588,8240,-9315,236,-879
-18636,-4524,21112,10164,-9587,3457
-3196,-14616,5692,1053,-89,-1218
-4652,-13916,8600,1169,-1559,-454
-3608,-15604,6624,456,492,1246
-3144,-12988,5948,1670,-69,1858
-2676,-14640,7696,-393,-1729,798
-1400,-14136,6652,109,-2859,928
-996,-14264,7628,639,-1701,-370
-1212,-17588,10496,-1416,1250,-597
-1352,-13660,6864,-5003,2286,481
-3776,-32768,31976,2447,5275,-184
-1260,-14876,7376,-5185,1830,1156
-1536,-14032,6100,-6070,1234,283
-2284,-15392,8212,-5686,1506,-469
-2688,-14344,6640,-7279,176,241
-3204,-15036,8872,-3784,-1541,-581
-2772,-13900,8076,243,-2483,-502
-3980,-16592,11136,968,1337,-48
-2624,-16488,7704,1686,-1681,-372
-3056,-11808,1396,1577,-1181,-1328
-2612,-13608,8124,4506,-3286,-284
-4776,-13020,4752,-427,-2320,1005
-3080,-15508,3808,571,-1174,606
-3436,-13064,2600,-1167,-199,-1378
-3276,-17204,8384,-271,-1729,-646
-3216,-20428,7504,-8019,2404,-1000
-3048,-15816,5300,463,-811,-1812
-2820,-15652,5500,7340,-977,-1760
-2960,-14952,5808,10630,-836,-2511
-900,-19216,4988,-1129,2395,-1253
-1252,-14988,5396,-2085,3583,-1613
-2472,-15784,7060,-1487,3444,-1091
-2416,-14108,7364,1510,688,-1047
-2800,-14776,6084,-641,1640,-2354
-2860,-14356,6928,-5295,-1499,-771
-2308,-13096,5460,-996,-1530,-758
-1800,-13688,6136,-365,642,-1668
-1104,-14120,7048,-515,2453,-1345
-2020,-13988,7076,-2542,1683,-629
-2032,-14348,6776,-2279,1258,-885
-1136,-14484,5664,-2964,2773,-923
-2544,-13844,5668,-3196,2901,-1060
-2120,-14844,6156,-1735,2325,-2002
-2796,-12932,5004,1878,1753,-1760
-1500,-13332,7252,5345,119,-855
-1636,-14596,7176,293,-620,36
-2072,-14908,6860,-1790,139,174
-2360,-14912,6664,-2229,-260,-716
-2028,-14800,5932,-1901,-27,-722
-2024,-14968,6224,-1839,-70,-15
-1888,-14932,6128,-834,153,427
-1888,-14984,6256,-46,-65,338
-1968,-15092,6356,775,126,-278
-2064,-14976,6308,1133,-239,-420
-1972,-14736,6588,534,32,-147
-2048,-14832,6248,646,317,158
-1936,-14688,6512,416,222,120
-2116,-14848,6472,1032,-91,-186
-1848,-14608,6968,1158,-209,-191
-1800,-14448,7120,642,10,-123
