-532,-14184,7708,290,266,-85
-1356,-14624,7828,568,344,-215
-948,-14164,7832,123,370,-192
-1060,-14236,7764,55,50,-302
-892,-14256,7852,-234,39,-176
-976,-14164,7788,-27,208,-142
-988,-14204,7860,-62,225,-46
-1144,-14164,7972,-407,152,39
-1120,-14308,7948,-509,119,-47
-756,-14128,7912,-906,433,265
-1036,-13956,7928,-1346,1061,481
-1120,-14184,9324,-2487,861,853
-11204,-23552,17260,1993,3178,-3065
6416,-8404,8148,2662,-3348,-5252
7444,-9368,5220,900,-7071,-142
-2908,-9484,13520,3447,6692,-2353
2844,-11740,12564,9810,-7804,-1204
-252,-17692,10464,8530,-1805,190
-3932,-14620,10896,2074,-821,1353
172,-11464,7916,901,-5720,205
-5496,-13272,10428,1904,-8595,623
-2852,-14364,11896,1967,-6680,5403
-2132,-12236,11280,1778,-6468,7329
-3928,-9172,3416,297,166,6293
-3852,-12084,5548,-1756,-2582,6612
1476,-15368,7756,-991,-311,7809
-2348,-14820,13496,-5259,1876,7178
-2196,-14980,6032,-11779,6365,5747
4132,-18184,5432,-14366,9275,1126
-3840,-10924,9956,-10148,8492,-4265
9708,-6016,2016,-11109,18780,-3787
-4296,-31488,24056,-10572,349,-5561
2192,-19144,16188,7306,-2389,-7353
-11768,-14652,18800,20156,2221,-9237
-2008,-10596,6168,21385,-5849,-8150
-2148,-18204,7060,13154,3529,-5232
-1164,-12608,7016,3316,-6380,1224
-3544,-13832,8900,-209,-1062,-2734
-2800,-16952,14572,-1153,-388,10
-396,-12424,6008,-14902,4182,7931
-1804,-16420,10428,-21317,9292,8768
-12556,-13212,1344,-8715,7918,5985
-4364,-24708,16156,-11623,316,1845
6252,-26288,9028,-14310,3801,484
-6216,-15288,11612,-10351,-1114,-955
-888,-27496,5944,-5085,2024,-584
-15388,-7640,-13404,-9070,10197,5187
-5084,-10980,-828,-4094,2449,77
512,-17840,11152,3542,157,-4610
-2836,-15636,2936,-67,-84,-797
-2436,-15872,2600,-823,505,-242
-3008,-16020,2404,-275,97,25
