-4144,-14876,5600,-350,58,-597
-3848,-14720,5636,-334,304,167
-4012,-14704,5672,-540,167,-219
-4016,-14852,5580,-307,89,-150
-4016,-14592,5620,-98,73,-57
-4072,-14900,5640,-214,370,-49
-3856,-14668,5552,-658,616,-155
-4040,-14744,5948,-1184,787,-220
-4140,-14728,5248,-1229,618,29
-4092,-14724,5492,-1419,652,-511
-3848,-14736,5416,-1227,346,-277
-4168,-14916,5284,-1180,391,-39
-4280,-15024,5100,-1159,589,-360
-4088,-14820,5116,-1329,745,-720
-4152,-14952,5088,-1500,1037,-1332
-4168,-14684,5472,-2268,1627,-1668
3140,-20364,352,-853,4836,-3743
-4924,-13632,6564,1514,-315,-175
-11536,-9628,9128,1349,-1900,-34
-8580,-16208,7288,11670,-1210,-2641
-3564,-15008,5276,5824,-3618,-1530
-2916,-15396,5432,5394,-4987,-1194
-3544,-14540,5640,3543,-5851,33
560,-17928,9252,-1108,-7993,-1026
-772,-15532,11956,-2808,-4452,1340
-692,-14820,9712,455,-1464,1953
-1644,-14200,5176,-951,444,1438
-1600,-14468,6260,-1071,2915,-8
-3208,-12472,4040,-5531,3415,614
-3232,-8284,2068,-4385,222,1539
-1340,-15876,11756,-1188,2686,6004
-3388,-13316,8840,-6923,2657,1638
-1464,-14656,8336,-7538,6351,291
-3736,-14888,9892,-5400,2173,-2415
-5464,-13504,9008,-496,462,-1673
-5424,-17392,12232,1405,-1333,-2741
-5328,-13488,7852,-628,-649,-1790
-6496,-4032,-7288,-2974,-387,-909
-2776,-16616,8892,5830,-1098,324
-6660,-16804,8048,1644,-441,-710
-5044,-3800,-2616,-2039,-1378,-1324
-4844,-15504,5728,-23445,-855,1020
1888,-17428,-2104,-18153,2872,3236
-4148,-15104,4716,-2118,655,-985
-2920,-14620,4308,2315,13,-189
-3492,-14940,5592,4722,-1384,-122
-3740,-15008,6328,7274,-2238,-1075
-3864,-14572,6924,8589,-875,-1693
-3984,-14008,7680,7708,-1086,-1860
-4316,-13800,5700,-1197,-357,-4630
-3372,-12308,3832,-2337,1464,-3077
-2880,-15864,6864,-255,2430,-1073
-3436,-15868,8920,837,2327,-2649
-2808,-12300,2892,-853,2892,-58
-2424,-15028,7804,228,2168,-208
-4384,-14984,9400,-314,399,-853
-2536,-13964,7148,-1111,757,456
-2568,-13000,8496,-1652,2507,437
-3180,-16344,12708,864,1418,-460
-3488,-12868,6948,-990,1412,19
-2936,-12844,9096,195,-541,-1508
-2016,-14448,10756,874,600,-326
-2076,-12940,7664,141,1661,-591
-3428,-12568,8680,-335,-40,-409
-2932,-13684,7956,-2388,353,24
-3460,-14004,7868,-2137,878,565
-3620,-14124,7412,-1587,1342,870
-3936,-14208,7472,-751,1005,415
-3140,-13936,7672,-276,90,-131
-3620,-13984,7732,73,402,241
-3580,-13736,7908,0,174,420
-4104,-13996,7792,31,775,484
-3728,-13764,7700,-271,34,-191
