-884,-13324,10464,-346,750,66
-1568,-12732,9864,-273,1204,151
-2288,-11984,9996,-437,136,-604
-2172,-12080,10264,-187,-1055,-595
-1500,-12332,10480,-361,-1012,-130
-2276,-13520,9928,789,-781,1309
-288,-12196,9628,1135,-1623,1042
-2092,-13040,11020,645,-1021,1072
-5680,-13064,8612,-1596,-871,2727
-1096,-10724,7184,-6912,-8473,5661
2292,-10440,10340,-10004,-12754,2458
8704,-9592,2088,5077,-10499,-1688
3296,-10716,12776,-786,1978,-7946
-1244,-8492,15580,-5159,4529,-10765
-5128,-11532,11068,7153,4990,-11846
-412,-13564,9852,9465,-8755,-8136
-4740,-15884,8364,-5232,-2500,598
-5424,-19968,1952,1341,-6089,4160
4416,-19560,2308,3746,-7481,6854
4648,-18320,2248,-9204,-5862,11363
13668,-11664,8864,-17867,-7273,4431
12620,-8572,17716,-9620,-5381,-5112
5640,-7248,18964,-785,13364,-13746
-7884,-11788,9824,6271,15465,-13564
-5996,-15980,4196,10264,2688,-1881
612,-22968,3796,11965,-5264,3356
3212,-19448,-6460,5764,-3160,1731
6260,-19972,-1088,-19508,1091,2117
2960,-13656,4700,-23902,-3780,2087
8,-12188,13568,-12430,-6520,453
1340,-12488,17608,-2851,1220,3830
5444,-10600,19396,1826,3078,3300
5476,-11692,14292,9945,5543,1380
1808,-16584,15408,6388,1606,-3852
1060,-15436,10196,8472,6947,7241
5600,-10144,7792,8567,7965,13218
3268,-11672,3876,16208,6754,-2349
1748,-12624,5040,16688,5572,-3763
396,-15736,3744,2473,13955,-9000
-8300,-19960,19900,-4536,3027,307
-2396,-6692,6356,-1314,3431,1498
