892,15776,4080,-423,43,187
1416,15144,3672,-366,147,-529
788,15788,3900,-282,-85,-437
732,16128,3752,-143,197,-26
1360,15904,4032,-291,-322,-72
-664,14980,1804,-2318,-1491,-92
-2428,17228,7300,-6096,-4613,935
-2376,18880,7788,-5197,-6612,4212
-3980,15624,13044,-21468,-19912,-15840
1688,14212,6552,-10275,-14017,-11912
2732,13232,7600,-3140,-12221,-4281
1276,14380,8536,-5213,-8326,-5554
2064,10984,6492,-2037,-5626,-147
1404,11432,4724,2031,-27,-3837
2984,15336,6160,4249,2667,-8608
824,12956,5644,6386,1122,-2922
3212,12568,952,7995,1961,-5391
11144,22492,796,-1222,2713,-6353
1656,18460,8360,-596,38,3567
2164,14784,1712,-240,4892,3023
6360,18488,-1492,-2831,12649,3090
-412,21652,2960,2182,11248,8492
-5312,15892,1544,557,13290,12955
-6280,17164,3152,2866,15850,5532
-3732,19592,2736,5961,8824,11833
-4432,13812,3900,7303,7983,14831
-684,13608,6960,1185,6655,5174
-4516,13904,10624,-2205,3708,3535
-1840,12352,12940,-6234,-961,3225
-6032,11976,12628,-499,-1560,-1079
3884,17020,10528,-555,-8892,-6983
-6504,22444,21600,1596,-2315,-11950
-840,9696,3368,-1678,-5595,-4488
4828,27080,11300,-11398,-3111,-4786
8032,32604,9936,8051,-1495,2710
-1436,17276,3356,6357,2075,-839
2816,15972,248,4030,892,-2692
2936,12652,-28,-750,834,-6244
1164,20496,2936,-2275,-763,-5692
3164,17620,316,88,1575,-2027
128,18348,1540,1666,3144,1230
144,14932,3036,1683,2151,4455
676,14620,5428,-1010,3114,1344
2216,15832,4284,204,5176,184
1412,18020,6824,539,1348,3464
-2004,13544,6860,172,1225,4412
-484,13236,6368,464,644,1927
-1152,14184,8196,1670,1968,430
-1964,13852,7144,1365,395,629
-3156,13472,8168,2146,1752,159
-3284,13236,7812,681,629,358
-836,16320,7960,266,-243,470
980,15472,5920,1680,-2250,1271
812,15448,4484,3838,338,-458
608,15704,4040,3255,-770,363
492,15324,3244,1770,-1497,829
932,14076,1900,1166,105,538
2108,15744,-3872,-17,2096,919
1408,16076,-2540,-412,1658,43
500,15640,3848,-535,-386,-981
1152,15912,4100,130,274,-576
1024,15508,3912,164,-373,-142
96,16516,4040,96,329,286
536,15728,3848,-152,321,1229
