1392,-7960,13832,10,-168,-217
1000,-7648,13976,228,92,-493
1360,-7624,14056,-219,181,-327
1088,-7616,14084,-722,181,-12
1168,-7724,13920,-790,-121,-150
1028,-7792,14028,-935,483,-5
1180,-7652,14336,-1180,431,-96
1484,-7232,14316,-1244,336,135
740,-7336,14296,-1467,188,499
936,-7636,14400,-2373,538,965
548,-6936,14236,-2684,-568,275
188,-6404,16052,927,-589,-791
-956,-6720,15472,745,-2448,-1242
-548,-7208,14232,106,-3702,-1282
-860,-10156,13676,-379,-4004,173
-1112,-8248,14044,433,-6493,5642
-216,-8296,12776,1828,-4982,6760
2160,-11208,11956,1861,-6812,7392
2128,-12356,14076,-422,-4960,9757
5940,-10540,9732,-2375,-1334,7823
6068,-10144,12048,-1259,3903,3928
5156,-8796,13228,-2753,4785,1180
4300,-6384,13908,-3407,6344,1634
2244,-4920,17072,-2407,4849,1783
968,-4712,14908,-2906,3342,-545
1100,-6296,17068,-2770,2025,-4076
2048,-7536,16612,-2147,533,-8187
100,-4844,12292,-132,1295,-7698
-948,-8212,15096,4533,-86,-8086
-2256,-9576,13464,8277,-236,-2951
-3304,-13556,10876,643,-2023,-1264
548,-9828,12008,-4267,-3020,-4007
1280,-9920,13000,710,-2426,-3126
892,-9300,13332,2145,-996,-1551
72,-9876,14480,-1435,908,2739
1152,-11020,13080,-3248,1883,3019
-324,-8588,12520,-4815,-381,1563
884,-10592,12648,-4681,-135,1175
-28,-9480,10984,-3660,374,1223
144,-9560,11904,-2671,608,600
900,-9300,12184,-3515,823,525
2520,-6688,14164,-2599,1330,478
3372,-7508,15692,1470,1046,-1137
2056,-7320,11496,2930,966,-906
2912,-6280,14748,2932,1340,-451
1316,-8068,14364,933,1547,1034
496,-8672,13900,-2148,1155,1414
196,-9104,12868,-3077,289,-91
448,-9244,13104,-2366,66,-978
