-3580,-14140,7560,-533,-153,-362
-3512,-14172,7300,-640,192,-202
-3572,-14016,7344,-885,270,-37
-3572,-14192,7456,-1034,131,-120
-3424,-14096,7172,-696,200,-38
-3492,-14136,7216,-831,327,-72
-3788,-14304,7204,-609,711,-3
-3484,-14056,7208,-918,407,-307
-3436,-13948,7084,-2334,1008,553
-3772,-13948,7272,-4179,1579,918
-4080,-14456,6940,-7247,1389,-141
-3728,-15704,6184,-7354,735,-1020
-4124,-15756,5080,-7429,959,-892
-19748,-21484,32767,32767,-4909,150
-6124,-19084,5840,430,3130,-564
-1480,-14268,5184,-4568,1395,-6792
1080,-18028,8904,2606,-17179,-10724
-956,-12428,-140,3633,-9351,2335
1760,-16632,13136,3097,-2982,1202
876,-13516,2512,-4593,1746,6208
-1820,-17668,8216,-4484,4916,1791
-588,-13752,6872,-3963,6640,1345
-3168,-15808,8112,-4178,7277,3575
-5220,-12872,9320,-4079,2080,-346
-3948,-14296,10188,-1991,1970,-3596
-1684,-12684,1560,906,4142,-2525
-10228,-9792,1720,3725,5741,-158
-5484,-18988,9620,1929,-75,-137
-8708,-19500,6956,-9750,-53,3181
512,-15456,-1520,-9224,1020,1090
-4236,-15292,4904,-1393,101,-566
-3648,-15876,4884,2916,-796,-1217
-3592,-15008,5416,5292,-1443,-1621
-2756,-14676,5948,7210,-1391,-2412
-3332,-14524,6792,8394,-1109,-3057
-2848,-13700,7200,7328,-2208,-2818
-2976,-11892,10312,-3685,201,-3010
-2860,-15408,7496,-3004,2471,-1967
-3472,-15392,4552,2428,3866,-1946
-3860,-13120,6268,3012,4417,-1969
-3528,-13700,5128,535,4806,-2501
-2460,-15552,10444,-861,5374,-1798
-3804,-13720,5968,139,2461,-1552
-2020,-17560,9756,5163,2617,-1240
-1604,-12212,6900,-927,2455,-819
-2528,-13988,12944,1302,605,-1352
-2224,-18356,10632,5227,1990,-595
-1840,-14192,11256,3872,1276,-144
-2552,-13940,13816,2605,1982,-1223
-3140,-11980,9548,1410,1315,-61
-3008,-13452,8508,-1242,628,0
-2932,-13580,8088,-1524,1173,107
-3232,-14076,8108,-903,704,-139
-3188,-13844,7972,142,392,212
-3016,-13612,8312,400,275,-83
-2900,-13468,8544,595,103,28
-3168,-13320,8408,139,377,-184
-3560,-13664,9116,-583,-165,168
-3268,-13440,8188,-648,423,75
