-3156,-13008,8724,1162,455,-485
-2828,-13024,8764,219,216,-351
-3408,-13336,8964,244,128,-678
-2884,-12948,9320,-595,52,-794
-2820,-13408,9220,-595,271,-306
-2952,-12944,9076,-435,173,-281
-2860,-13376,8972,-701,558,-339
-2764,-13200,8628,-707,815,-162
-2776,-12228,9508,-2231,683,-1160
-2412,-13208,8628,-2023,737,-1450
-2536,-12368,9108,-3855,857,-901
-3100,-13792,7788,-5304,1272,-47
-2028,-13776,7668,-2244,-1720,-3214
-2444,-15120,8020,4853,-3339,-2545
-1760,-15808,5920,-4780,-4486,-5947
-23340,5440,22220,27204,5764,10442
-3148,-12780,12064,1775,-4187,-1073
4108,-6596,3016,8556,-3834,10944
-7548,-7844,9144,459,2331,9322
100,-14764,11480,-2196,-342,257
1768,-8252,6456,1790,85,-1010
-5364,-8416,7360,-7562,2840,1970
-1456,-9780,5920,-4867,4856,-761
-2244,-14340,13812,-4589,575,-303
-2472,-11580,10824,-6497,1785,1819
-120,-11260,8900,-9110,4289,3649
-520,-10944,11600,-8929,9568,3100
-3328,-13100,10896,-11326,10462,-1634
-4636,-10592,7180,-8286,3523,-883
-4228,-16808,12244,-8766,892,-1965
-3908,-10056,3132,-6913,1207,-2107
-4664,-14748,8636,-2359,-321,-939
972,-21816,12708,3022,-3947,-2224
11908,-16180,1548,16225,-6493,-10428
-16400,12984,-17268,-1554,9108,-2162
-3624,-15484,3836,-4547,-3103,-1602
-968,-20764,2300,4399,4002,-256
-3408,-15352,6260,12491,-494,-1333
-3428,-14596,6884,16766,-1077,-2325
-3868,-2332,4032,-996,30,-6159
-2548,-14472,6688,1722,4172,-3301
-2456,-11728,3828,1481,3541,-5762
-2976,-14456,7852,3325,5897,-736
-1252,-16496,9476,4793,3902,286
-3828,-11560,5708,-2281,3994,-1053
-1960,-16936,14284,3009,2679,825
-1820,-15844,11884,612,2513,-341
-3440,-12988,11536,792,2295,-753
-2468,-11588,8316,-1125,1595,-1485
-3596,-10992,9964,-468,1419,-1212
-2888,-11144,10008,-953,1463,-1187
-2936,-11036,10544,1537,1502,332
-3512,-12140,10088,1838,1092,293
-3444,-12704,9240,-2126,381,-716
-3180,-13444,9192,-4039,247,-702
-3148,-13676,8108,-3424,143,-338
-3200,-13904,7964,-1306,551,50
-3488,-13652,8176,484,287,-51
-3444,-13760,8492,903,152,-57
-3260,-13264,8616,865,527,225
