-2012,-14416,7196,-510,674,-335
-1896,-14380,7352,-121,862,-556
-1776,-14404,7632,-230,736,-592
-1912,-13832,7708,-540,1250,180
-5520,-15668,9568,74,-347,486
2504,-17820,9016,6055,-962,-3215
220,-7908,5872,6707,2361,-4087
-3424,-10632,7380,5830,3952,18
-632,-12044,12820,3247,-3355,-765
-3412,-13692,6444,3520,-1574,3829
-5560,-14676,10644,3705,-4681,4525
11552,-19088,3504,6188,-7667,3906
2220,-15956,9664,1373,-6815,3431
-3732,-16016,9916,-244,-5172,3520
-1928,-13116,12492,-4664,-1491,7755
-1880,-13844,6936,-7964,345,9462
2252,-23660,9788,-7666,4306,3524
1316,-13100,12528,-7839,4588,-2285
2388,-4200,748,-11532,10426,-4231
3792,-12960,5268,-11792,6045,-6876
-4400,-10756,2612,-5750,3295,-6944
6596,-21240,892,9983,-14617,-13431
1008,-14004,4316,12585,-2558,-4981
-1232,-11248,7496,13980,1464,-4023
2408,-14716,6752,6873,-842,-2354
-11964,-11756,8056,-831,-673,1796
-13012,-7280,1916,-6799,1385,6843
-1508,-20380,20204,-5655,6793,6071
60,-4416,-3812,-7111,5188,1553
2904,-30928,21424,-5346,-485,504
-8788,-9348,-1380,-10214,2492,4923
-2908,-5808,-10716,-11164,2599,595
896,-17196,15564,-6135,-2827,-2023
8232,-32768,19936,3508,3939,-1435
3684,-23484,9052,-167,-608,-2625
4416,-23440,14584,695,-2144,-2629
-3024,-15256,5556,-105,446,-460
-3156,-15260,4444,-1414,11,-271
-3180,-15624,3632,-1102,144,-8
-3420,-15568,4080,-607,183,-333
-2784,-15416,4232,-589,14,-281
-3256,-15468,4216,-604,243,-25
-3324,-15612,4180,-535,-40,-6
-3064,-15452,4024,-255,81,41
-2936,-15360,4304,-322,222,126
-3128,-15528,4240,-330,438,0
-3136,-15392,4224,-357,-71,-123
-3336,-15436,4668,-286,152,-219
-3380,-15512,4040,-219,140,-66
