-2972,-12760,9524,-334,153,-374
-2892,-12740,9520,-420,181,-262
-3040,-12928,9796,64,211,-286
-3060,-12656,9548,-585,118,-410
-2948,-12744,9504,-572,-37,-303
-2968,-12888,9536,-756,-51,-348
-3036,-12864,9488,-550,81,-396
-3036,-12760,9744,-613,-63,-545
-2868,-12788,9524,-626,-145,-261
-2724,-12744,9476,-500,-225,-132
-2688,-12724,9276,-625,-163,500
-2724,-12832,9544,-524,-91,962
-2800,-13012,9360,-592,-103,1610
-2568,-12928,9116,-363,-148,2227
-3204,-13124,9636,-29,-184,2903
-5980,-15416,13812,-2019,-3320,-1924
220,-14296,10592,-5093,793,-1867
-2124,-12216,7512,-5148,3724,-727
-3628,-14176,9364,-2501,2133,-657
-7104,-10872,4872,-1186,3302,1071
-9392,-12980,7420,1588,1667,-183
-4312,-13180,8968,2322,1023,-4549
-5236,-13316,10708,-1597,101,-10113
5160,-15360,1392,4247,-10204,5270
-1684,-11828,8800,5827,-1497,3090
-1564,-10212,7524,1831,-3954,985
-476,-10392,7508,-3309,-1838,1523
-560,-13840,10120,-1295,-8,-159
-500,-13636,8580,-1192,25,-246
-3772,-17392,14296,333,485,-1053
-3860,-14168,8664,3117,-1299,-980
-4048,-11916,5572,-2765,-1215,-879
-3512,-11272,6696,213,-2661,-1837
-1588,-11848,5256,-3006,-33,-1765
-932,-12448,8176,-1735,-1840,-2427
-1808,-13472,8516,267,-1815,-2697
-2400,-7704,6096,-788,-430,-1798
-1164,-7708,6280,1647,-314,-421
16,-11284,10728,318,-43,214
-288,-10728,12616,-403,-1950,-394
-804,-11340,11348,-5541,87,1386
-616,-12292,9728,-11364,-296,5669
-3116,-14648,8136,-13192,-2789,8492
-20064,-17028,17804,-700,-13246,1019
-812,-12580,4876,-123,2806,397
192,-16972,9144,156,3724,-2007
-1524,-14700,5164,525,4677,-3183
-3240,-15144,8172,-544,5389,-2960
-2912,-15468,7692,909,2774,-2848
-4876,-14304,7380,3277,3434,-2503
-4764,-15120,7548,4162,3356,-2541
-3968,-14260,5736,3973,4297,-4122
-6008,-12096,8404,-772,1165,-5281
-6228,-9524,9304,-3718,-2193,-3941
-2480,-13772,11068,-1078,-3475,-2507
-2824,-9292,6572,-64,-2220,-1025
-2064,10032,-7768,-5085,4619,-386
-4148,-12512,10352,-8322,-153,10712
220,-8444,6188,-936,-2493,1219
2568,-21344,17760,-5126,-4787,1032
-2520,-8560,13204,-685,369,4949
-1968,-6956,6304,847,2116,4004
1484,-14484,6816,345,-41,1152
-1248,-16296,8412,-3438,-1403,3062
-1356,-14972,4892,289,404,1770
-2940,-14588,7168,1503,352,-47
-2568,-13904,7908,2589,1025,181
-2692,-13872,8068,1489,1029,324
-2976,-13804,8292,-40,735,152
-2872,-13908,8116,-1124,314,-152
-2736,-13972,7884,-1424,164,-287
