-2068,-13460,8788,-560,-51,-148
-2152,-13504,8888,-573,-29,-176
-2044,-13344,8924,-426,-54,-60
-2108,-13456,8968,-503,-44,58
-2156,-13496,8852,-632,-182,189
-2200,-13564,8816,-593,76,50
-2188,-13608,8792,-345,122,-229
-2220,-13408,8912,-276,102,-454
-2092,-13524,8624,-142,124,-368
-2172,-13488,8952,-140,60,-102
-2260,-13384,8800,-200,144,-263
-2140,-13444,9036,-318,-10,-559
-1948,-13368,8812,-589,-103,-179
-2072,-13524,8864,-558,-157,68
-1996,-13508,8892,-484,-202,653
-1860,-13520,8888,-289,-208,1348
-2140,-13352,8860,375,-527,1889
-2432,-13240,9044,1230,-971,2117
-1148,-13880,8484,2495,-628,2413
-13932,-16244,19400,-376,-2833,-2348
832,-13716,9896,-1125,1070,-2515
-1952,-14928,10188,-1202,3862,-1984
-5428,-13964,10144,-832,3892,-1725
-8392,-9324,6492,989,3074,1112
-8084,-11588,8404,981,1230,-82
-2892,-13028,9220,121,2149,-3787
-3800,-13692,10028,-1881,1940,-8605
-5880,-13132,11428,-5649,-8447,-5728
-4700,-12044,8088,1745,-458,5265
-2084,-12028,8612,-559,-3463,2115
-48,-12912,8944,-2418,-1891,2084
1124,-13456,8348,-2390,-988,659
392,-14492,7960,-2623,-1218,-161
-2808,-15096,9648,2293,1357,2
-4256,-3340,1456,-5164,-464,-1668
-2808,-13664,6476,-587,902,-2094
-3712,-12936,7552,-268,980,-2568
-2964,-11864,7732,-690,-263,-3003
-1548,-13048,5428,-5064,-206,-708
-1536,-15200,12692,-3222,-1647,-1291
1164,-15196,14472,7094,-538,-1993
180,-10748,11872,6060,1323,-222
-796,-11024,12000,-6342,1653,5511
-2440,-13152,9600,-13839,-2542,6200
16524,14032,-16828,-1704,19964,-2177
836,-14012,4600,-949,-233,496
-3164,-16612,9608,1253,3459,-1341
-472,-12992,5792,1407,4219,-2599
-3176,-14064,7496,1052,2226,-3485
-4380,-14532,7764,345,3403,-3471
-3868,-14776,6108,1946,2266,-3123
-2812,-14636,7668,3545,2498,-2661
-4360,-12092,8788,5419,2469,-4542
-3040,-15672,10972,1753,1998,-3955
-5220,-11468,8992,-11194,-932,82
-4508,-9908,7004,-5814,-1497,1074
-48,-15260,12996,4599,-3564,-2682
-644,-10864,9684,-73,-2365,-4758
-5020,-9960,7340,-5700,1029,6855
776,-14888,10860,-1894,-2459,634
3896,-13348,11488,-2461,-1885,-743
1568,-25600,13524,-5194,-3759,2550
1276,-14220,4716,-2664,462,1884
-444,-11012,5292,-2175,1218,1624
-256,-15176,5080,-113,766,2184
-1488,-14652,6668,-1078,553,565
-1556,-14400,7284,660,568,856
-1700,-14212,7320,1049,761,1548
