336,15708,4920,-478,40,-204
796,15436,4680,-1429,-55,-244
336,15368,5008,-2015,93,-700
288,15836,5056,-1602,750,-858
412,15424,5580,-836,863,-210
640,15248,5380,-443,66,428
28,15392,5600,60,326,41
768,15364,5588,361,-196,-49
532,15092,5432,373,-519,-335
424,15496,5356,818,-22,-924
68,15548,5864,1216,-328,-1159
-148,16036,6072,1191,-1060,-805
-300,17964,8932,319,-1634,-1433
8284,19928,10112,-13104,-2383,10040
-2992,13260,6532,-12019,-8081,1043
-1364,15024,11100,-17363,-3742,-7643
-2020,12812,11032,-10167,-7069,-256
-2884,8260,9656,-4372,-11368,2268
1124,8868,5028,-1939,-10803,-9256
2128,14076,10648,3240,2242,-5230
-308,11340,7924,4003,-5082,38
4652,11304,3444,5178,679,-7966
0,16424,7360,3188,2299,-9027
1852,13128,5448,6571,-2967,-6081
2184,11984,3692,10762,-136,-8901
-460,18400,6944,-5112,-4439,-6926
524,15540,6004,2577,-4964,-5721
700,15560,5652,1688,3973,-2744
2156,15112,5560,-505,538,-1261
2744,16924,4452,-940,-6134,-5308
-6788,18224,6532,2155,-1977,-1723
-4548,17336,1708,4160,7990,11583
-13488,13960,3372,6040,9757,14803
-2948,16340,2292,4161,3338,3759
-4188,15764,7632,3529,6324,5326
-5132,14304,8476,-1123,8035,6951
-1148,13668,10144,-4616,2561,4532
-4320,11984,12304,-2322,847,1132
-856,14620,15880,-2375,-2395,-5860
-6732,10884,10696,-3724,7848,-5574
-3988,-2220,-40,-1277,6671,-3969
5652,14668,3520,-2073,4080,-2559
952,14448,4320,2561,1304,-3178
2128,12584,3920,4001,-1530,-2764
2460,16184,908,2858,-1098,-4333
1104,16476,748,-1213,4208,-7028
-716,19384,2432,50,1495,-3963
2244,18544,-488,-61,-1093,-1186
1120,17000,92,1685,3056,-1947
-864,17708,1176,1798,6212,3942
-3080,14208,3300,-1574,6539,1827
-684,14836,7104,-2288,2518,1471
-364,15592,7804,-3919,4715,1787
-3200,14536,7788,-2708,8330,459
-2436,15064,9212,-1119,2063,3656
-4876,12844,10008,1898,2382,4516
-2452,10900,8496,1767,2111,1619
-4560,12640,9448,-200,1067,-1568
-3184,15680,9220,-11,-328,-767
-868,14512,6272,1679,-5014,655
-372,15620,5176,4250,-3073,-1243
-804,15144,4924,4179,-2641,-2255
