1304,-10956,9412,-1031,2478,-1605
-564,-10472,13068,184,4800,-1829
72,-11848,10240,8245,4121,-1056
-2948,-10628,13260,7583,4273,-779
-4592,-9828,11724,13227,3722,1754
-4544,-8984,11604,9481,1939,2450
-3356,-10196,13776,3031,1181,-2672
-2860,-11536,17452,-2045,-5549,541
4268,-8356,14016,-308,-4830,232
3496,-6552,10660,-2961,-1870,-4547
1192,-6352,7364,-11496,5211,-4353
-2292,-10032,6504,-14359,6079,-6811
-3808,-14020,9428,-12852,5682,-11853
-3956,-17572,10788,-9717,1262,-10239
-9744,-32768,32767,17708,-5373,-134
-2976,-16116,6416,252,-7651,-461
-6732,-14688,5168,-1565,-15659,5453
-3212,-16240,4244,40,-17437,10306
-3184,-16344,5016,-2571,-18348,14929
-1076,-17388,3300,-3905,-22792,20682
3212,-18856,2036,-7559,-9434,14994
4196,-19020,1644,-10389,93,3359
3576,-17500,3676,-12030,-1335,8426
2200,-14588,2960,-11293,13915,4541
9628,-17292,9136,-9633,9594,-6441
6644,-10960,10744,62,12100,-16330
-5232,-5892,12456,5418,18180,-8636
-1296,-16496,12236,8613,4610,-7336
-5400,-11872,10280,8015,-998,5571
-3132,-14220,6876,10456,-10501,15013
-2228,-17164,9040,9471,-6551,7904
-6048,-14848,6124,3285,-1550,-2409
-5184,-16812,5092,480,-1278,662
-4260,-14920,6996,192,-2099,-1501
-4432,-14724,5128,-2515,-2602,-3488
-984,-14132,-252,215,2048,-6247
-988,-18416,2588,-508,2147,-5974
-3216,-18164,2680,-3821,3101,-3149
-140,-16872,3012,-5731,4963,-1322
-8,-15720,3796,-3573,8261,-2066
-2156,-13812,7120,3134,9742,-3377
-1108,-14964,7632,4956,7718,-2999
-1528,-14852,8600,1728,11134,-2765
-3924,-16136,10076,-2403,18617,-2197
-5120,-10164,13400,-2709,13482,712
-2120,-12528,12588,4511,9966,-3564
-4652,-13824,11832,-2914,8665,-6626
-3196,-12164,11056,-11636,10506,-1112
-4720,-12084,11952,-11949,9873,2193
-5264,-11276,10888,-9459,7128,811
2296,-14580,9068,-7679,8514,-759
-9368,-14324,14244,9427,-7327,10590
-5872,-16656,9168,15016,-12521,8177
-1108,-15240,7012,9081,-10823,992
-3368,-13068,7680,12422,-13946,-258
-4240,-11284,8272,13080,-10192,464
-2800,-10452,8136,13046,-8581,659
-3588,-10720,9812,10571,-7591,6987
-1964,-11328,10716,6786,-3008,2043
-3460,-10956,11000,6304,-3274,2512
-1600,-10924,10380,3257,-1463,2002
-2096,-9824,9640,-2882,1900,2174
-3176,-12112,13272,2629,-1207,3507
