-2216,-9380,11764,-1389,-320,-800
-1984,-10020,13984,-32,-137,-1377
-708,-8872,11096,131,577,-2137
-1608,-7912,14192,-891,727,-2951
668,-7592,15968,1976,3445,-6133
-3080,-4472,13140,820,4250,-4491
-2172,-7352,17448,-6302,2786,-4096
2300,-6912,8644,4503,9350,-8968
-6772,-7612,9752,-8128,3555,-7867
-2452,-11856,16232,-7543,354,-2416
-4484,-11008,11444,-2968,-802,-4208
796,-10908,11788,-6568,-4760,-7508
-1808,-9364,9328,-9265,-207,-7682
-3060,-12480,8608,-8384,-513,-5971
-800,-32768,32767,15823,675,-3837
-4148,-17996,7708,-585,-7295,-6539
-5600,-16104,3136,-2079,-16734,8557
-7436,-17608,7876,2066,-25051,17752
4788,-20168,-616,1905,-26275,24514
7692,-18292,5224,-2426,-20078,25908
12124,-19680,1048,-6170,-5809,12583
3444,-16688,7332,-9868,-10369,9201
4912,-14948,5448,-9676,9005,5469
5072,-13480,8476,-3407,10383,5419
4592,-12260,10368,1764,8845,-2232
1608,-12280,14120,929,11254,-9375
8080,-8404,14492,-1320,9607,-15988
-1228,-9820,14440,2993,12018,-20720
-3524,-7100,15128,2230,9049,-13163
1524,-12176,8328,2372,-2122,1747
-5668,-11244,8660,3573,-3767,3268
-2672,-16528,7516,6107,-10224,8600
-2420,-17556,5924,1523,-1449,3783
-5740,-17152,4956,971,255,-1763
-4344,-17816,3736,1823,-603,-4531
976,-16852,3828,-2310,25,-7316
-2076,-16240,6288,2421,-1683,-4277
-1472,-19532,4260,-53,2115,-2659
-3064,-16428,4956,-4061,1849,-766
596,-15888,4896,304,209,-2859
4256,-14968,5532,1251,4356,-2874
3344,-15768,7844,59,7863,-5102
-988,-18032,9484,-69,20540,-5443
-420,-11520,10196,3304,15255,-6264
-1416,-10280,13676,8059,14555,-5781
-8,-13016,13156,4055,8388,780
-2456,-12296,12396,-7630,13718,-3937
-4056,-12408,11624,-14620,11492,2614
-1332,-13444,10460,-13691,7111,2199
-2776,-14304,10496,-17237,5922,254
-3184,-17044,7860,-18244,10457,-3469
-11796,-17120,16488,1673,7130,2998
-1640,-17444,8912,11280,-9344,385
-2972,-9772,5584,12098,-14802,1127
-1296,-12776,3856,11485,-7820,2367
-6632,-14068,9148,13677,-7528,4894
-2256,-11932,5716,10616,-5391,-1766
-5052,-11540,7524,11118,-9111,-1571
276,-10848,6016,9473,-10056,1747
-2260,-11180,11520,1813,-4023,727
-4192,-13028,16192,5516,-4592,3349
3068,-11028,9756,6517,-5759,3528
-2440,-11516,11912,209,1328,-817
-1880,-11252,11552,-1150,-358,1054
