-3160,-14708,6976,-2053,1870,-1556
-4320,-14256,8624,-74,-1867,557
-2360,-13888,7972,691,-3639,1304
-3804,-14040,9640,1664,-3260,900
-5056,-12612,10604,3251,-4973,2049
-3288,-11640,12164,5428,-9046,6364
-2480,-11176,12820,7278,-7815,5237
-444,-9860,11620,6823,-10450,5789
1396,-8180,10660,5032,-16835,-1501
-224,-12212,6108,4570,-3891,-19585
-7064,-12848,10444,-277,-2881,-1576
-552,-11896,11468,-8583,-230,10332
-1768,-14560,10728,-1525,-1898,-8309
-2360,-9852,8576,-2777,-6719,-11493
-480,-7796,5032,-11815,-1553,1041
1312,-13024,5200,-14668,612,535
5652,-20312,-8892,6978,-6181,-6496
-3456,-16536,7612,-210,-11764,-5856
-11200,-15900,9056,487,-12506,7299
-6564,-17860,-2880,3232,-10850,16790
-11928,-17076,24,3027,-19521,23224
-5292,-22432,1888,1435,-25589,26802
26592,-9436,-1976,-1164,-6652,13892
14148,-17204,-1564,-3011,3508,-11571
4480,-15264,8408,-6729,19645,2031
3608,-12932,11940,-1945,15115,4828
5972,-7868,17240,3828,9820,358
412,-9316,17488,2656,23391,248
-1732,-9884,16396,-2800,11846,-2569
-4004,-9416,12308,5476,7163,-24254
-5296,-7740,14584,2605,3595,-10627
-5148,-9536,12820,1368,-2704,-1230
-2580,-13076,8572,3551,-8360,2958
244,-14208,6356,3982,-5665,5294
-6384,-17280,4528,1548,-1308,3203
-6484,-17748,2288,-402,-2593,-1368
-3008,-18172,1484,-4946,-1191,-4391
-3688,-15712,2936,2354,-4489,-8459
-1884,-19268,-360,-390,241,-4603
744,-18792,4092,-3591,3961,1620
4088,-16720,2100,-5720,9847,185
1024,-17484,4228,-3316,14871,-4013
-396,-14828,5396,132,16818,-3124
-2036,-12316,8756,-395,15696,2059
-4816,-15584,14680,-261,18543,1790
-3872,-13012,12292,-4452,18444,129
-7528,-12844,12260,-11189,14085,1287
-9592,-9108,11324,-19881,8143,5451
-4832,-14780,11768,-15887,9943,-649
-4812,-16652,10484,-183,6949,-13043
-4152,-15528,6492,8384,3505,-4196
-4012,-13476,5696,6541,-521,-1497
-7352,-15512,6580,7596,-6690,549
-1704,-14440,3472,8904,-6759,-620
-3784,-13676,3596,5985,-4915,-1209
-4696,-13752,6716,3140,-5656,2099
-1688,-14156,4668,969,-2923,840
-1556,-14624,5796,1329,-3868,-435
