-372,14596,6388,-737,143,28
-396,14776,6676,-571,-126,-284
-256,14372,6016,-123,258,-1024
-964,14548,6260,-18,141,-974
-1152,15192,6896,-246,-37,-106
-660,14428,6788,-472,17,102
-792,14596,5968,-131,-329,-39
-1280,15388,7276,343,-425,-94
-2264,17328,8640,-1192,-1980,1334
-5560,19268,13984,-8617,-10585,3595
-4636,12276,9272,-11533,-16181,4428
1752,10056,7744,-10898,-6055,-5946
-1648,10900,10768,-7765,-11833,-4935
1868,11552,9568,-4889,-10380,-2442
2720,12224,9312,-5542,-4744,-6352
1636,9980,8224,543,-5491,-1853
1012,10768,6984,2462,-5455,-4995
5032,12528,5164,4820,2793,-10758
1128,11504,5420,9359,-170,-7364
1848,12948,2816,9190,381,-15524
7548,25860,14004,7343,6941,-13909
3632,14884,5860,688,-3869,-3398
3056,17056,6344,-362,-3901,527
-304,14376,4036,433,-3281,-7653
-2700,15632,6148,353,-4514,-10244
228,21132,516,-237,336,-1216
-4636,16632,1120,1325,9943,5123
-10584,14756,5148,1364,13618,7589
-10484,15084,7664,676,9957,8499
-9728,12676,8876,2025,18271,12395
-5828,13096,7168,717,11713,7607
-7524,12572,11816,928,8862,10649
-4844,11152,12064,-868,6385,6955
-3288,8204,9212,-372,2148,-3018
-3308,10228,14232,-748,1617,-3669
7768,14244,4636,-5671,-1109,-2601
-868,14808,8772,-2620,-1771,-3159
1112,12312,4208,-967,-3406,-2292
3060,16860,1992,-1279,-1485,-1176
4724,19052,-540,7903,-7079,-1682
1704,16152,96,2801,4485,-8546
-1384,19764,996,5674,1506,-4224
-512,19100,-304,7766,-886,-1453
1272,13492,884,4103,6468,-4467
-560,15256,936,208,10798,-11202
-11528,20420,8528,-2374,10082,-5761
-8752,14556,4328,-970,7380,7486
-4516,15260,5348,-284,2214,7623
-4296,12536,7888,-3875,1977,287
-4492,14656,7004,-4030,2976,-2992
-6340,14884,7216,-4752,-1227,746
-3508,12444,7468,-5131,-1346,2141
-4628,12996,8360,-5111,-2772,254
-6780,12564,9120,-3948,-330,1263
-3504,17568,7948,-3568,-1213,2667
-3192,14288,8420,-837,-2359,3636
-1120,14024,6012,1713,-324,557
-3184,14796,6664,1660,-1188,379
-2120,14780,5564,1347,-688,938
-2464,15016,6224,1424,528,1425
