-2860,-13876,10528,606,-1796,-1118
-2984,-11660,10060,642,-171,123
-3100,-11212,8916,382,539,-29
-3972,-11480,11004,-1542,584,377
-2660,-11032,13240,-1111,-2094,2828
-5612,-14828,13968,4632,-1900,297
-5748,-14644,13456,9550,-9619,5887
-5604,-9684,10100,8832,-4800,7900
-2080,-6568,11276,5138,-4334,6501
-1140,-6248,12404,6562,-5684,5254
2668,-8268,10292,2245,-3998,-2690
268,-8984,11836,862,-8288,-6264
804,-9900,10080,-4213,-4878,-6481
1700,-9108,9488,-9695,4115,-5918
-2884,-14460,9676,-7899,2737,-10880
-1376,-11628,8624,-6634,2603,-9764
-3148,-12072,9612,-10266,2342,-4773
-4460,-11188,7236,-11273,3025,-5903
-6396,-14816,5884,-16635,-5728,-5701
-6836,-18912,11240,572,-7573,2400
-4292,-13608,8368,790,-18428,12276
-1780,-21264,2712,-337,-12837,15920
-4428,-15084,952,-4937,-15693,10086
-6620,-15972,3312,-1765,-16840,12598
5912,-20276,-1416,-3686,-13606,19268
5572,-16076,-1396,-6898,-3683,5650
7508,-19784,8564,1376,20978,-1091
5276,-16400,13972,6008,20665,-3639
1580,-13380,17368,4018,11764,1487
-1032,-12144,20728,2448,17190,-3559
76,-8252,19572,2041,2041,-18409
-3692,-7968,14820,3248,2640,-17174
-3052,-7376,13412,1802,3681,-9567
-5544,-10576,7992,1708,-498,-1357
-7964,-14104,8764,1191,-6755,4287
-1508,-16240,7348,1034,-8158,3675
-2912,-18124,3072,-118,-1868,-2873
-9772,-16504,3368,-1838,-2971,-2289
-4056,-18624,292,-4987,-2473,-5006
-1072,-13936,1764,-86,-2497,-8116
384,-18716,-696,430,-1875,-2940
-2352,-19068,704,-3674,5475,-1072
2288,-15764,1248,-206,5493,-646
1508,-15160,3152,3834,11449,-4911
508,-18084,8784,2006,13652,-4976
252,-13440,9524,-3094,15491,-1773
-1396,-12048,12720,-874,14596,-1699
-840,-11776,9536,2166,12905,1269
-3064,-12128,11132,195,10166,1593
-5788,-10680,14296,-4846,10998,1340
-3412,-11400,13680,-6935,7025,3919
-4336,-12512,2460,-12779,9171,1550
-6768,-11760,7308,-10112,8202,5653
-7140,-15904,6396,-5288,7176,3583
-6816,-13860,8156,-3946,9624,-1132
-4768,-12916,6104,5872,-2102,2392
-6292,-12824,5516,5153,-3526,378
-7864,-15016,6760,6349,-5342,1005
-5156,-14992,5092,5537,-7074,-477
-4736,-15340,6964,4979,-8671,-838
-4484,-13528,7064,5464,-7151,588
-4036,-12844,6692,4088,-3798,92
-2820,-11260,6248,1713,-4650,-297
-2796,-11400,6088,428,-3389,164
-4396,-12020,7736,-1334,-736,93
-4652,-12564,8476,-1169,-731,-779
