452,15712,3604,-542,13,-481
744,16164,3984,-484,-505,-174
892,15548,4432,-87,53,-747
680,15664,4276,27,-400,-1099
420,15684,3780,323,-275,-1110
108,16104,4752,-918,-2237,135
-108,18028,6104,-6828,-7091,-879
-1344,16064,5004,-5295,-6637,1653
-4280,14648,7128,-4764,-5208,2425
-1052,14040,6732,-11264,-13051,-5779
-1468,10048,6292,-9569,-12770,-5394
176,8904,5156,-3226,-9859,-10170
76,15700,7252,264,-4114,-10222
668,14516,6712,-3113,-8760,-6140
4932,15980,3264,1447,-3220,-12879
4220,16452,5696,5420,-3473,-4751
-244,20304,12516,-1151,-992,-3407
668,15052,6028,-3219,1039,-4833
4268,17212,3684,-1585,6452,-1881
5152,14672,3428,-4714,14144,6886
5256,16136,-192,-1160,15523,2764
4780,21816,424,2607,13143,3564
-5128,16124,4136,2441,9463,3011
-6808,17328,2552,-687,-5746,16677
-10804,14952,2996,2995,8701,6703
-7160,18744,3824,2733,10817,8725
-6396,16612,5484,5773,8430,13104
-1572,12200,6596,202,5823,7678
324,13556,10180,-2267,3766,2304
-552,12680,13472,-4198,-671,1953
-3116,11256,12440,-1947,-4645,360
-3508,8952,11900,-495,-3582,-5893
-3740,4836,5680,-1657,994,-12219
-2624,4592,3748,1750,-1007,-6182
1660,9468,4272,-1856,545,-4810
1904,10116,-2780,2106,164,-1619
5392,16868,1808,3037,-972,399
9392,17980,-3720,7429,3407,478
2104,14116,-100,1041,3319,-8625
344,17176,2080,-2480,1032,-8846
576,20388,656,-1220,1644,-1588
208,17544,964,2069,3402,3801
-932,14408,2812,1105,1576,4474
1452,14796,2672,-888,3104,355
1820,15640,2168,-67,1560,716
-832,15212,6076,1777,-336,-95
872,15196,5176,2943,1196,-515
576,15896,6256,3692,-807,-276
-2516,15712,7688,3343,1424,-884
-3704,15136,7448,2501,2654,374
-2700,14372,7868,3807,3705,3593
-2924,13388,6580,2867,3413,2013
-1392,14388,5752,773,1982,-167
-516,16736,5040,-134,291,-929
-16,15628,3656,1320,-320,-456
-232,15572,3648,2184,-1107,-517
-264,16276,2888,2375,-1165,-1085
-1072,15696,3120,2335,-1681,-1082
-132,16480,820,1810,-1514,-655
-312,16024,1740,1984,-107,-1291
-920,16220,2284,1400,-778,-486
-760,16004,2504,213,-1296,285
-48,15932,1720,-526,-89,48
196,16292,1472,-906,-206,-51
-280,15936,1492,-1314,-227,-254
