36,15820,3004,-447,294,-171
-116,15952,3092,-444,203,-129
-440,15924,3244,-420,-226,171
-16,16584,3376,-145,149,2
-364,15876,3568,126,199,13
-508,16288,3388,-169,91,120
-844,18056,5080,-2422,-1897,1126
-1096,19964,7772,-6928,-5074,-630
-1188,16420,8172,-25571,-9247,3944
-1524,13588,6716,-24267,-21601,-3800
-3332,12192,11144,-13624,-12914,-4645
-3588,6376,8624,-5709,-11582,-741
1080,10200,7880,-3333,-8406,-10783
2940,15340,9644,-4543,-772,-9516
4156,12856,5292,5473,-756,-6123
3360,16148,7300,6951,4924,-9199
1612,13172,6440,6144,1113,-5914
1172,11112,3060,11792,3420,-4400
6052,22100,3276,-2598,-3123,-1482
1144,10568,616,-1943,3601,662
3652,18492,1352,-1921,5451,-3036
1444,21572,3356,-1782,11923,970
2104,19600,2232,685,8009,16342
-4148,9428,3408,206,7389,11209
-8984,17768,2768,-1365,6647,7564
-7968,18632,4152,2764,12394,7849
-5336,16872,4884,6987,6874,11687
-2220,12964,4952,6363,7264,11018
-3328,10228,9024,346,5637,209
144,12144,10776,-5122,1120,1615
-2968,11732,10772,-4492,-1346,3013
-6956,7180,9536,-5472,1412,-6705
-1968,17600,8960,-5843,-6095,-12821
3212,19360,9560,3190,-4928,-9370
3432,14848,5616,2560,-8206,2346
788,14340,1968,-519,-635,462
11656,21388,-888,6354,1341,2902
4152,9692,72,7878,-6207,-1469
1872,14356,1828,4712,2677,-8140
288,15420,-116,-1271,-160,-9004
1464,20284,-272,2262,5502,-4910
-440,17368,368,4382,1039,478
1320,18340,964,2595,2965,1644
-332,16928,1848,2854,3047,287
136,16920,1964,3831,1766,1846
-1588,16764,5272,2473,1636,72
-3760,16184,6432,2742,434,1955
-2140,14372,5332,2574,486,2479
-2788,15164,6428,1344,1125,3819
-4164,14356,6624,-1607,1256,5647
-3252,14020,6724,-3558,1191,4333
-2212,14636,6992,-2787,1705,2297
-3508,12412,7196,-4455,-51,306
-552,15912,5648,-685,-408,1001
-240,15624,4640,1111,-851,1342
304,15236,4064,1752,-1481,727
312,15760,3860,2149,-735,-973
-72,15964,3700,2211,-979,-813
-324,15848,2732,1865,-860,-336
4,15768,2524,1075,-429,-332
-304,16028,3404,487,-612,329
240,15568,2292,-250,-1268,667
428,15516,2940,-509,-104,-1185
-576,16404,3592,-749,-476,-1203
-680,15728,2764,-1047,-644,-459
-488,16160,2776,-992,127,-209
-136,16076,3504,-823,-7,324
-96,15720,3024,-649,8,206
