-2788,-10564,11840,781,87,-1478
-2780,-10752,12848,2794,407,-2904
-3420,-8568,12412,1417,468,-2577
-1928,-9348,13396,928,-1407,-3256
-384,-7188,15492,2807,-3380,-1345
808,-4412,14480,-84,-2849,1356
2968,-4848,14276,4248,-2761,4084
-1576,-7116,13424,11221,5313,-692
-312,-6572,10928,-7417,3872,-1295
-2880,-11912,15648,-7688,6513,-8007
-3380,-11196,10464,-3799,3880,-10050
-2096,-13640,14624,-14187,-225,-7761
-4312,-12212,8448,-6754,1113,-7574
-1864,-11932,7788,-10713,-1548,-8084
-3892,-16428,13204,-1847,-5474,-2781
-3504,-15444,6144,-3845,-4066,662
-10112,-16912,7664,-1624,-13591,5031
-3696,-17748,4136,2244,-20417,12792
-2844,-19040,7584,-2835,-18968,16218
-3104,-19328,4720,-7046,-21563,22064
12276,-18576,612,-8083,-7637,13137
4248,-16260,3076,-10680,1302,11099
7192,-16112,2960,-10701,15645,3718
8216,-16748,14436,-8079,14693,-755
6292,-13276,13780,3168,14078,-19416
-4908,-4160,15232,6805,8577,-12018
-444,-7896,19212,3752,9990,1817
-4124,-13172,14832,2103,4452,-4501
-5796,-10548,12748,3933,-4531,-5524
-5628,-10368,8496,6485,-7169,670
-2092,-14228,8232,4091,-6023,-73
-4380,-16584,5764,-130,-4189,-2487
-5528,-15776,4756,-192,-2486,5226
-1972,-16228,4692,-2510,-1816,6341
-3020,-15188,7604,-3507,-5401,-1941
-1592,-14764,4712,-2551,-2146,-216
508,-19388,4256,-4050,-2093,1474
-1920,-19388,2888,-5653,1888,-937
-3024,-17132,2948,-6854,4450,-4283
-1320,-16644,556,-6002,8989,-1951
-1072,-19436,5304,-5289,13053,665
1748,-15968,3848,-1156,14924,-1429
-1500,-13488,8368,-2508,19405,-599
4720,-12548,10208,-2693,20011,5134
-900,-13204,11304,-4925,15829,-439
-1336,-12368,13656,-3737,13774,-165
-6472,-11956,9308,2998,7160,1258
-5120,-16028,7528,-343,7486,-2964
-5368,-14884,9668,9473,-1011,1981
-4876,-16108,8632,8897,-5901,1424
-5660,-15056,6540,11348,-7996,-547
-5076,-12988,5828,10953,-6485,-1388
-4084,-11604,7180,7123,-8982,2690
-3624,-12424,7556,3287,-7239,900
-3096,-12652,11064,4413,-7042,1583
-1376,-12064,9124,4281,-5651,2121
-1172,-11760,8892,-225,-3629,1647
-3248,-12044,10372,761,-3219,1080
-2668,-13008,10432,497,-2947,749
