-1528,15176,6056,-533,358,51
-1516,14592,5716,50,656,669
-1284,15104,6644,265,1278,365
-1084,14804,6464,-414,-571,252
-864,14216,6648,-583,-740,-761
-1076,14876,6196,-214,-847,-1568
-1684,14916,6608,1127,203,-1533
-1116,16720,10996,3116,-827,-2825
-5068,17060,10412,-1988,-10115,-115
-3796,17700,14732,-14430,-18898,6855
-3312,13812,9732,-14742,-16502,-2297
-3584,10396,7832,-12333,-11463,-2034
-3036,7724,6956,-4724,-13079,-757
1916,13240,7268,-6613,-7552,-9084
1284,14404,8312,-4202,-5130,-5137
1144,8684,5852,-837,-5142,-5929
4648,14332,4776,4898,-1410,-16080
3172,14252,7464,8766,-1215,-8606
7272,19836,4380,2280,1237,-9226
3116,15248,7516,4707,-292,-4567
1616,13240,6964,3857,793,-368
-1564,12104,6956,-565,3373,-681
-948,16452,5396,-350,3171,-475
1040,16748,9304,706,1916,-5366
-1192,17564,5296,-2591,-5870,-730
1380,20180,-1804,-463,193,2246
-2404,18320,6124,2556,10281,4709
-8932,14076,6448,4623,12167,7965
-6924,12204,5472,1536,7288,1885
-7748,15612,7136,5857,10056,959
-6740,11832,8832,4740,11288,6655
-8232,11896,13564,-1498,9742,5049
-5480,10584,10728,-1472,607,7072
-2440,8476,11828,-1792,1063,-3323
56,12824,8588,-2035,1116,-275
3960,11628,4644,-1953,-3719,-8787
1032,18056,4356,-2979,-3948,-3400
1272,18700,4016,627,-1250,412
1676,18184,3120,4558,1905,-338
-596,12028,4200,2473,985,-4166
840,16184,-1552,245,2749,-5323
-436,19320,784,2991,1633,-749
-1156,18080,860,4226,2219,485
-4700,17600,2728,3022,2634,3874
-644,13308,1188,1079,5627,2624
-2880,14064,7132,-3762,3377,-471
-5040,15996,6792,-4831,1800,-949
-5128,13912,9152,-3688,2661,-63
-3796,14708,8188,-2887,2872,522
-1548,15348,7876,-4234,-388,3180
-4476,14288,9264,-4236,1007,3942
-4888,12652,8280,-3483,102,5623
-3688,11700,9692,-1921,3045,3939
-3468,11908,9456,-2695,1521,1764
-4504,9512,9964,-5708,-331,673
-1852,14200,9136,-1812,-2015,3530
