-2000,-11320,11284,-678,-72,-598
-1396,-11408,11376,-177,-1163,-711
-788,-11928,11796,-437,-136,-488
-568,-12048,11416,-435,1084,351
-1052,-11688,10772,-507,1475,55
-2424,-12444,11124,-1722,1348,-1108
-1032,-11092,10488,989,1182,85
-1728,-11364,12372,646,-241,923
-1424,-11724,11512,-678,86,272
-2628,-13368,10720,539,546,2512
-6136,-14792,8048,-1915,23,5305
-8928,-13740,8432,-2629,-7349,13606
-3124,-9612,6120,-1080,-13133,13749
1156,-9172,12628,-18095,-13778,7617
-2008,-19292,26716,-14699,-3572,247
6208,-13592,13380,-5499,6365,-8210
-3208,-7956,17676,-3644,3524,-13046
1252,-10964,14672,5809,4249,-14088
-5896,-11492,10996,13582,-1781,-16681
-3712,-14384,8092,-2498,2330,-1118
-6480,-19280,5148,-5570,849,7811
-3536,-20480,1472,517,-7152,11708
8264,-15976,7560,-5894,-12935,13928
13256,-11544,11292,-12041,-8295,5216
12208,-7740,13908,-7577,-5472,-1728
4540,-9368,14548,-4728,10599,-13771
-2356,-11264,10888,3823,13293,-14902
-8848,-14176,5540,9851,6571,-7578
-4224,-18172,3696,11571,-1220,1190
7864,-18536,6356,9519,-9427,-2647
5420,-16224,2032,-2652,-2568,3563
2216,-16744,6484,-15523,-1365,4902
4740,-11956,7656,-12495,-8081,1873
1280,-10348,12944,-6628,-3724,-49
5692,-11728,11216,-1150,1155,-422
3024,-10844,16340,-4980,3343,-625
1532,-9408,14208,-4629,3221,-2684
4940,-9912,12400,2143,4563,155
1748,-18732,13628,8875,6944,1469
3176,-10884,5136,11376,10268,9468
632,-7056,-660,10066,10125,8939
10204,-29276,-3152,-5252,13410,-15242
