-584,15748,3116,-538,-169,-50
-180,16040,3224,-423,-42,-302
-356,15660,3336,-238,196,-362
124,15772,3056,311,149,-134
-184,15700,3556,295,-29,-137
-300,16436,3716,214,-287,-937
-2256,17644,4060,26,118,931
-4968,20780,7568,-4061,-3818,4584
-1520,11620,780,-12422,-13437,7574
2540,14596,4744,-19126,-14426,-6042
-2828,13932,9600,-18583,-11866,-3939
-1164,4744,5004,-10156,-11954,-3444
2024,11584,6908,-1791,-6125,-11332
4088,12988,6336,1452,511,-6471
1104,9752,4496,6819,425,-4673
2148,14760,4664,10723,6332,-12595
1584,20568,10668,-3693,9271,-5179
2488,11888,2028,-2337,5247,3082
1552,14912,3592,1631,7282,2101
1904,14872,3288,5984,5851,1213
-2716,17404,6208,3089,9159,10842
3768,17296,-196,756,5998,8949
2788,16684,2836,594,14899,-1004
640,17940,1404,-369,3337,9426
-2880,16652,800,-566,3223,10148
-7236,14480,4084,1262,12527,8844
-3468,16432,6160,3505,14769,3438
-5872,15672,10176,2224,7718,6002
-6160,12984,11812,-1077,4795,5398
-4248,13796,10568,-2900,3227,3492
-3664,11656,8676,-1215,-1200,1157
-640,14052,11648,1031,-1820,-13279
-5060,8692,10552,-42,-2368,-11428
5568,14140,3512,-1253,-6891,186
2996,17708,7872,1267,-5170,-3412
112,15092,5388,-370,257,299
5292,12688,3480,3576,809,-240
6132,15076,-536,7896,-3325,-3313
2332,13896,-100,1319,1499,-9566
556,19512,1464,896,-1916,-10581
-124,21136,684,1621,222,-2959
-1268,19188,2932,3340,3902,1890
-240,18096,3632,3637,4048,5122
-1016,15284,5312,2960,4107,3157
388,15816,3308,3112,2057,1401
-424,15236,4432,1439,-730,982
-1924,14536,4044,1399,747,-414
-864,15544,4052,3475,1813,-2437
-2036,16580,5496,2033,1463,-2076
-2664,13048,4428,-1482,174,-4013
-3608,15536,5140,-994,2621,-5484
-4524,16436,4256,-1918,1557,-1437
-3264,14780,4220,-2501,-1409,2553
-2360,15424,4740,-2247,-1169,-229
-3932,14844,5276,-1580,-2004,-119
-2368,16076,4288,-265,-1608,1246
-1256,15584,3304,627,-955,873
-1540,16080,2600,823,-1388,1127
-924,16284,2312,387,-1298,1959
-656,15644,2296,-45,-658,1540
-808,16256,2824,-698,-639,1051
-1072,15940,3136,-726,-307,1265
-1124,15724,3900,-860,207,1247
-520,15576,3256,-466,-771,1065
404,15776,2852,-625,-484,352
-28,15652,3392,-586,-467,418
