-3124,-13768,6608,-80,151,-191
-3704,-14140,6832,-1149,948,-280
-3920,-14960,8228,-744,-590,39
-3492,-14528,8300,-176,-1673,-231
-3260,-13912,8448,1167,-1770,753
-4032,-13680,10340,2549,-2172,912
-4148,-11624,9692,4565,-4660,3032
-5304,-11976,11508,4048,-5448,2497
-9628,-15464,9896,5139,-10330,6079
-6580,-14864,8164,5286,-10660,4274
-6332,-12876,9864,7363,-15916,7796
-704,-9392,11376,2520,-14763,5573
1592,-9824,12084,2004,-10782,1615
5616,-9336,10224,3145,-9200,-2390
5156,-8840,10344,361,-5007,-8086
3652,-9228,7676,127,-2668,-6043
2500,-8444,6832,-3207,1999,-4115
-424,-8632,5176,-9643,10577,-5263
-2080,-14976,9056,-10152,10004,-4216
-4832,-17600,9472,-4288,971,-884
-2988,-17624,9176,-6880,1108,-5187
-3424,-30204,28032,7360,-1310,-15
-2636,-13648,7568,-736,-5908,-6073
136,-14776,8028,-2691,-8592,-3302
-5584,-14800,6084,821,-14054,7221
-3792,-19188,1848,557,-18339,14477
-4996,-19344,4952,-3589,-17629,12019
2824,-18340,2936,-6241,-18055,14866
4672,-19612,3272,-6359,-4430,9485
3508,-19012,3472,-8795,5977,2626
5456,-18552,5572,-10760,14636,-314
5836,-15828,8696,-9179,13393,-2006
6416,-9992,9896,315,12836,-9902
3668,-9852,14632,7160,12108,-9020
-1192,-6400,19988,6522,7766,-358
-2120,-8032,17388,12776,5991,943
-2408,-9948,12948,23623,496,4549
-1580,-14236,11756,20380,-3636,8628
-2616,-15020,11252,627,-740,2792
-4088,-14512,6844,-2220,-2589,-2921
-6560,-17012,7012,-6928,-585,-1130
-3852,-14948,3016,-12640,-4760,-1247
-1088,-15144,1788,-6846,-2694,-5643
-2840,-18856,3484,-3538,-4051,-7139
-1892,-17952,1564,-6586,345,-4781
-768,-16584,2384,-3869,3373,-3351
1480,-16756,1820,699,8232,-5401
724,-17148,3500,2527,10529,-11700
2212,-15112,5740,3764,16551,-16920
-564,-14736,10996,3524,26700,-12070
796,-11584,12200,796,20569,-2434
1268,-10152,13956,-183,20831,831
-856,-10512,14756,-3013,12826,1756
-2788,-12956,13636,-7107,10731,880
-4208,-13376,13124,-9403,9042,-1396
-2452,-14212,10832,-12390,10096,-4149
-6404,-12904,9984,-4506,2438,-384
-108,-17452,5736,-18,-5917,3923
-2720,-16036,6960,10988,-6477,509
-4872,-12068,6824,17112,-12364,3119
-16,-12384,6220,17831,-15190,10087
-2284,-12040,7832,4660,-5217,1488
272,-12436,9156,6530,-7124,2600
-2664,-12596,8972,6563,-4942,2693
-1936,-11200,8048,3580,-5813,4468
-28,-12856,11552,542,-1274,4425
4,-12960,11312,-3093,1781,-252
-4272,-13276,12804,2077,-2223,-267
-1104,-10892,9296,3370,-5085,2300
-2680,-11560,10624,657,-555,2103
