-60,15232,5988,28,-254,-162
620,14284,5512,-457,196,-74
64,14928,6596,-792,452,-338
44,15164,6448,-1123,74,373
632,14420,6848,-1340,121,225
416,14324,7232,-1046,-178,-571
-468,14836,6328,97,524,-588
-88,14924,6936,404,433,400
436,14616,6156,324,503,56
-40,15260,6740,-39,-646,-136
-1428,16288,7668,37,-1745,1040
-2912,18408,10556,-1669,-2427,4197
-3144,18888,13480,-9836,-9798,6875
-328,16956,11376,-13049,-15097,-5030
-2936,13784,12116,-8031,-5861,-5403
-3464,10460,11600,-8150,-11589,-1310
6744,11996,6188,-9201,-6189,-9640
504,12972,12048,1472,-5397,-6464
1664,9140,7804,365,-7047,-1194
2248,9024,5600,3855,-4845,-8259
2728,13772,7332,8812,929,-9261
1304,13380,6192,5315,-3655,-7223
6840,14764,2468,9560,4209,-15405
-1508,19728,10396,2917,-975,-5942
2296,11308,7656,1357,-5259,-2877
3620,16668,4108,3187,-2371,-7513
3800,15860,4084,286,-2245,-6258
2300,19148,764,-1726,-6774,-3048
-5128,19148,2360,1151,4896,3933
-8792,14056,6348,1776,10171,8599
-10672,16136,5108,3401,12509,4528
-6448,14728,4688,8537,13906,9832
-4964,13608,9112,2577,14366,10089
-5584,11588,11040,-3873,11098,7372
-2484,12912,12984,-3240,5050,6163
-4416,7388,11112,-2665,-1472,-917
1296,14564,10712,-409,-439,-3611
-1196,14400,10836,-1319,-9300,-8861
3092,13920,4452,-7595,-2137,-7773
1752,18640,4340,3556,-911,-1174
4304,15636,-160,6064,211,-175
3436,11972,-2012,2809,1023,-8200
8,18720,1100,1735,5239,-6559
-512,19540,-260,3675,-1364,19
452,17540,-132,2170,4841,-425
568,15072,1724,-519,9191,-1649
-4432,13720,3816,-5506,6510,-3892
-8448,18216,7096,-5058,7084,-613
-3892,17008,7300,-3696,3283,7571
-504,10736,4932,-2528,4386,4060
-2516,15352,7432,-2116,2623,914
-5188,13992,8296,-1493,1494,5286
-5156,13288,10208,-2466,1813,7995
-1604,8892,8176,-5978,3702,722
-4292,11336,9568,-8988,1450,-1750
-2480,15404,9152,-3995,-1776,3450
1304,13540,7088,713,-259,904
