-5460,-14864,4560,-702,143,-341
-5116,-14624,4632,-838,38,-298
-5624,-14696,4620,-712,359,-312
-5832,-14852,4652,-1019,317,-580
-8832,-12068,8096,3945,1677,-91
-6240,-12924,4068,2748,764,-1126
-6964,-12768,3820,3681,1865,-638
-6252,-13856,3320,2340,1357,1377
-6272,-15032,4028,2763,1834,5376
-5020,-15272,1748,-6268,-884,7154
-3408,-17044,2900,-13179,-6127,5994
-1916,-17164,4372,-15458,-2000,5588
-1992,-17072,6636,-11061,-1989,814
-3576,-17544,8332,-2699,184,-4832
-7820,-14552,8592,10390,-3284,-11637
-11988,-8696,-940,15330,-3823,-13910
-10436,-13752,-3076,-466,1392,390
-4404,-18220,5032,142,3193,-2486
-4264,-16152,-1220,-3283,246,-1055
-6836,-15888,-2328,-13197,722,-732
-4388,-14860,-144,-17171,6451,4042
-2156,-16492,3836,-17080,9211,5136
-3828,-17216,8292,-3870,4256,-1395
-5752,-15600,4016,1699,-1533,-3138
-4368,-14388,1884,743,-930,-380
-4676,-16024,1096,-1468,-1916,1281
-5668,-16308,-236,-976,-1498,1068
-5544,-15124,-456,-846,-1015,-126
-5272,-15628,264,-787,-922,-586
-4740,-15600,196,-399,-510,-412
