-5604,-14176,5384,-447,255,-584
-5268,-14120,5416,-443,328,-451
-5768,-14088,5308,-627,502,-644
-5708,-14308,5604,-535,1128,-864
-6072,-14064,6536,2382,1490,-1068
-6260,-12324,5612,3042,-128,-584
-6468,-13044,4572,2511,597,28
-6260,-14820,4200,1171,462,791
-6516,-14856,3812,-2778,-933,4012
-4752,-15704,3900,-7286,-2601,5220
-2112,-15676,5240,-10552,-5178,2271
-4484,-17604,6724,-6364,-1899,-193
-3856,-15360,6236,-7998,-2727,-2376
-4288,-14480,7528,-3926,395,-1542
-4596,-14924,8232,4171,-763,-5169
-7240,-12028,4284,14023,-2847,-8882
-9892,-11516,-732,10058,-2186,-5403
-4888,-18508,2116,-1808,4663,-999
-5900,-16124,2988,1083,-423,-3098
-5588,-16652,1188,-6570,1598,-1694
-7580,-16004,336,-16363,-2496,343
-3100,-13436,1984,-18591,1739,3773
-836,-14784,6952,-10900,5381,2202
-3308,-17056,8072,1387,-775,-3767
-3424,-16060,5764,448,493,-3444
-3364,-14668,4476,1225,976,22
-3760,-14956,2764,-488,48,1653
-4944,-16448,2320,-497,-170,1753
-4936,-15860,2012,-224,-677,227
-4512,-15072,1504,-531,-886,-788
