648,15788,4300,-255,-90,-584
1040,15720,4160,-349,-218,-207
1128,15088,3968,-282,619,-344
996,15664,4084,-143,24,-418
636,15612,4760,216,126,-504
632,16324,4788,-70,29,-292
920,16116,5448,108,-39,149
-124,17484,6500,391,-1483,999
-2608,19924,9396,-5271,-5742,3026
3284,6952,1720,-10234,-6088,4971
1552,12768,8712,-15268,-12069,-9492
-1480,14124,10488,-18093,-16697,-7440
2936,12240,7316,-10944,-14679,-8719
412,13076,9020,-5169,-4912,-3226
-336,9700,5404,1035,-7486,-2301
1804,11236,4232,5211,-1420,-10104
-296,14824,6500,8301,796,-10594
-2864,21280,8288,-3398,-3102,-9979
2804,17624,4428,3231,5022,-9549
3564,15556,5940,6375,-991,-4437
4268,11504,2592,-195,6321,5625
-4012,9988,4480,-1319,4740,2266
976,19276,4480,-572,7847,-2139
1496,18472,3352,-2029,13566,1977
3220,20772,4320,-2228,12016,13622
-4152,15092,932,-1979,1512,6998
-2276,18932,3116,1560,7571,5675
-7300,16448,5136,3098,11307,9860
-6900,13524,5172,3780,11450,9595
-6312,15588,7564,3396,13901,6498
-2664,13780,8660,3390,6651,6650
-3500,12688,11080,-984,857,3471
-4512,9968,11924,-2651,-982,-2064
-412,13228,12280,-3021,-5431,-5228
-1288,8652,6636,-5299,-1784,-11967
-724,14604,6776,-1822,-8101,-490
-6476,7268,7320,-375,1525,-7087
4168,23144,6044,-442,-1178,-788
4488,20596,3812,5127,-4547,1516
5800,17568,-556,4911,-251,-1683
2744,12900,1652,393,945,-7544
232,15736,2488,-884,-2446,-8616
432,19936,3072,1963,777,-2638
-280,18032,3352,4014,3503,-200
-296,15616,3908,3549,3846,877
208,16308,3076,4192,5887,942
-2860,16872,5436,1658,1975,1963
-2316,13764,5204,1234,708,1990
-1196,14736,4984,2930,2151,113
-3408,14560,7928,-246,959,815
-1940,14904,4768,223,966,1532
-2888,14208,5600,-1065,1929,1218
-1800,15388,6668,-1566,976,2469
-2236,14212,6544,-743,842,2540
-1324,14028,6800,-1654,567,212
-48,16264,6144,-3966,-905,-2346
-1176,15520,5528,-2598,-2700,-1279
-736,15256,4508,-1081,-1026,-1747
-800,15468,4632,-169,-1026,-322
108,14980,4304,470,-942,-823
-560,15592,4568,533,63,-872
-1428,15816,4512,724,-562,-93
-872,15708,4816,-58,-482,938
-288,14972,4476,-108,-653,699
-616,15280,4680,-250,-245,39
