-5804,-14540,5044,-203,208,-11
-6008,-14020,4932,-457,249,-74
-6024,-14708,5572,-683,-286,-552
-6040,-14812,5532,-458,425,-761
-8008,-10016,10292,5166,1657,-659
-6476,-12280,4592,3230,569,-956
-7548,-12420,4544,3074,980,579
-6812,-12996,3892,3944,1647,1975
-6648,-14256,3720,2225,1790,4180
-6376,-14820,3664,-4473,670,7508
-4696,-15852,3128,-11279,-2916,7298
-3308,-17272,4408,-17382,-4878,3751
-5344,-17312,5436,-17322,-5844,2312
-4512,-15244,7500,-2987,-4014,-8730
-6296,-14204,6056,5534,-3351,-12131
-8832,-10008,3220,10485,-1986,-9198
-9344,-12460,256,8418,411,-4138
-6292,-17616,2236,601,2785,-2710
-5416,-16896,4108,-6316,-539,-1356
-7580,-15256,-268,-17146,-2929,962
-5024,-13468,-172,-21059,4241,9491
-1632,-15736,5316,-14501,6657,8160
-3328,-18012,8028,1065,1724,-2375
-8116,-15048,1988,3814,-3561,-2566
-4828,-14864,1676,15,-1275,99
-5156,-16040,1864,-345,-343,186
-5908,-15632,696,235,46,946
-5816,-15000,516,-287,-402,768
