792,15656,4304,130,286,-267
1172,15204,4660,80,182,14
876,15288,3948,44,176,-278
812,15356,4364,69,41,-471
1224,16060,4392,325,311,-406
1128,15428,4028,235,401,-431
688,15716,4364,37,182,-571
1176,15580,4720,-253,-235,-593
1612,15692,3920,105,408,-1973
-304,16128,4800,1045,928,-1902
60,16340,4080,604,171,-219
-916,16924,5336,-2330,-1536,1164
-960,17488,7596,-7572,-5041,1158
-724,14368,5852,-7355,-9455,3489
-1872,14188,8392,-13456,-12491,-6370
-3216,11084,8208,-8170,-7050,-6015
316,12172,6752,-5992,-7789,-11725
2784,14856,7004,-6307,-5430,-6980
2932,13532,5844,-1214,-5011,-7966
-340,16732,9628,4522,-353,-9030
2304,16316,8992,4324,-2510,-3352
876,14184,6396,1378,-2566,-5475
1044,16148,7452,3899,1051,-5176
2924,17172,6836,2470,-947,2556
2136,11368,4984,-5378,6462,3180
300,19584,6288,1837,6633,-996
228,16304,4748,4114,6957,1172
2528,18516,3628,108,9857,6161
-704,12572,3492,393,10050,3146
-3984,18164,220,1083,3641,9219
-6836,16260,2144,1734,1455,10706
-384,17712,-184,3866,11258,8602
-4908,16484,4776,3021,9402,8333
-2980,14776,5056,2106,12010,5967
-2668,14832,6548,-1402,6955,4864
-2312,14984,9216,-1039,4207,3983
-2772,13940,10312,-2937,835,3134
-632,14908,9920,-1435,-847,1740
-4008,6920,3620,-1984,-3275,-6343
4920,12452,2716,-3845,-2838,-8150
5988,11396,7280,-1836,-3960,-4081
-1664,-8408,-3836,-11074,-868,-2465
7924,16824,2012,-7924,-5086,-3062
4036,19120,7924,-2487,-3728,-585
6408,21900,6204,2592,-3658,-63
1992,16348,2020,913,-3806,-1031
2908,15668,1592,2667,-171,-768
200,15060,3708,-1936,1790,-1449
716,15424,4528,-5191,977,-797
1892,15624,5140,-4948,2377,-1656
3216,16852,3712,689,3955,-2013
2568,16448,4176,3659,-1371,-1463
3628,16352,3772,5490,180,-552
-100,16548,4444,4046,2361,-909
3852,17656,3392,3593,2828,810
-2660,15060,7764,841,1018,421
-1104,15444,4784,669,2832,-1686
-772,14104,5956,2582,-372,-763
1076,15284,4312,2611,1642,2011
-2008,14048,7176,2275,659,952
-2700,14848,6512,-336,1075,2581
-3564,14404,8352,-2612,198,2253
-2220,14624,7700,-1964,739,1643
-2200,13436,7388,-2147,-231,2719
1488,16496,6484,-2962,587,544
116,15360,6404,-839,-2436,2094
1432,15200,6280,1204,-957,724
1520,15260,5252,1934,-443,-51
944,16416,4324,2014,-1045,81
1240,15004,4304,2038,-835,-744
1000,15600,3736,1531,-618,-1227
-1100,14056,8560,-238,-3140,798
1780,15760,3572,-458,265,371
1284,15648,3944,-801,-154,249
992,15952,4496,-715,642,-739
1200,15088,4376,-538,-64,-692
804,14972,4888,-392,-331,-1089
