-2428,-12996,10316,952,-1860,602
-3008,-12572,12580,7347,-3194,2778
-172,-10120,12044,5535,-3297,1785
-1048,-9060,14748,10003,-4249,4710
-520,-7784,12696,12571,-5440,6563
180,-7092,10168,4884,-4126,583
292,-8388,12000,-2148,-3182,-3271
-932,-12132,9664,-11254,9849,-6258
-2908,-10948,10360,-7376,2711,-3918
484,-11844,8648,-6391,5545,-8786
-4168,-12952,10288,-4035,3834,-6596
2028,-12400,7316,-1125,-531,-1743
-188,-15232,9860,-1377,760,-7046
-988,-13152,7248,-3558,-663,-5790
-1020,-10788,7076,-5693,116,-1811
-5988,-32768,32767,14611,-9842,-4018
-1984,-16816,6200,2748,-5741,-3559
-8740,-15232,7548,-3422,-11486,7329
-4256,-18576,3712,-2274,-20607,12976
-112,-17420,868,-5456,-21268,14084
5396,-14652,988,-6791,-13896,11240
8152,-16708,3936,-6384,-9262,8409
9504,-15000,9132,-4579,-1841,4485
9624,-14416,6948,-2562,3527,3043
3968,-12116,9264,-2115,12210,3777
352,-12300,15208,-420,12127,567
-3420,-5552,15872,-2257,9741,2280
-300,-13956,22168,6905,6943,-11380
-2256,-9308,15160,4311,5306,-8095
-7688,-10880,14396,2427,868,1646
-1992,-12384,13964,1333,-7238,5071
-508,-11768,7812,3087,-6304,4527
-4076,-12280,8968,4296,-4214,2716
-3244,-14440,9336,4154,-2602,2720
-3616,-13920,7708,3635,-25,-673
-3312,-15396,6432,783,588,-282
-2944,-16028,6888,-1096,777,-2773
-2876,-14728,4208,-5031,-2636,-3455
-4228,-14312,3496,-5729,-1319,-3758
-1596,-14812,5132,286,-1760,-4913
-620,-17464,3848,-2408,-447,-3768
-596,-18060,2228,-5885,2138,-3196
-1432,-17008,2764,-4251,1642,-1525
-348,-16796,2492,-573,2985,-590
1568,-15928,4016,4779,8737,1184
2364,-16024,7344,2344,13489,2316
-768,-13488,9092,-2913,20216,4054
-3000,-11980,13940,-3638,21454,258
-4476,-11288,11396,-4104,16486,2910
-7396,-9540,13052,-5398,13798,1935
-8488,-15848,10972,-15491,11886,2914
-4196,-13396,11496,-11850,20100,-5417
-16880,-18868,17580,3954,5700,-1878
-6480,-12884,6736,7780,-2292,6
-4492,-11844,5268,3545,-912,-1892
-7204,-13784,7004,5048,-5508,-188
-5288,-13816,5004,5887,-7125,-1562
-6552,-14736,5736,8090,-9547,-1387
-2860,-12492,5116,3260,-5609,-732
-5072,-12748,4876,83,-4023,-808
-3784,-13848,5804,-377,-2530,-101
-3176,-12480,4852,-1411,-2014,-441
-3120,-13272,4736,-2875,-2022,-1024
-2612,-14420,8160,1445,-848,640
-2388,-12816,5512,485,299,294
