-524,-12784,10848,55,-164,-223
228,-12632,10396,507,-644,-695
-712,-12336,10752,88,-387,-617
-64,-11600,11204,-188,318,-149
-652,-10740,11672,-440,452,-254
-972,-12556,11068,-344,305,-103
-460,-12120,10612,328,29,153
-992,-13300,10700,-196,149,-99
-3436,-13776,9724,-583,-385,1635
-4796,-11908,8200,-1248,-4690,7769
-564,-8412,8344,-2489,-9699,6978
8624,-8984,11144,-12142,-12423,-3022
13564,4356,-3856,-7665,-2323,1198
-936,-11232,15716,-10985,6584,-3902
-3180,-10268,11448,-3949,2813,-4469
5444,-9868,11704,16015,-10986,-13257
-1500,-13540,8500,-1320,-6082,-2899
-2828,-15396,6520,-1801,-2281,2215
-3472,-21164,1796,5021,-3999,423
600,-19944,1264,-1466,-6128,7235
8432,-17164,3228,-5186,-8736,10930
11676,-13348,7968,-9656,-7743,6549
10564,-10016,13760,-10968,-4045,2076
5492,-8264,17380,-5640,10831,-9598
-276,-9624,15636,7096,6858,-12157
-6168,-14872,6832,11974,3564,-4226
-912,-17692,4292,9390,-3146,3336
2988,-23592,248,4530,-3615,-672
2216,-19632,1972,-5233,-3483,-2756
948,-16480,2040,-16628,-1734,5314
4824,-12936,7128,-9798,-2219,6334
1488,-11788,14596,-3559,3701,2965
3172,-10028,17176,-29,6236,-501
3936,-8780,16432,636,3410,-1196
5384,-7916,14912,-2529,-674,-511
5656,-13804,10284,3349,2461,-7659
-544,-22048,14660,10189,363,-4410
464,-11004,7124,1127,8386,8054
3360,-12884,6116,7013,5541,6898
-748,-14992,4924,13664,4448,-1417
