-3284,-9412,11976,-349,-119,137
-4064,-9356,12360,-134,-525,212
-4252,-10464,12752,2201,-777,1430
-3388,-9044,13024,2699,-1544,1179
-4504,-7764,13428,2094,-1699,1188
-592,-7728,13456,3876,-3283,493
-3724,-6232,12324,-537,-2163,-2134
-404,-8288,15532,-2491,-3407,-4769
192,-5940,14416,-3037,-354,-5947
44,-7196,12480,-5349,2975,-2970
-2012,-7084,9620,-8922,2443,-2420
-5600,-10592,7840,-13833,5305,-1834
48,-12564,-7944,-364,-6962,1515
-5492,-17232,9116,-4972,-6946,7604
-3208,-15104,6612,-3557,-4394,10044
-1412,-16524,7080,-3552,2373,3544
3024,-16968,16492,-6900,3746,688
-3868,-10936,14396,-9795,3429,108
-4216,-13284,-1476,-7421,13880,-9903
-2708,-13180,13960,-4637,1203,-4895
-1724,-13896,6496,-872,2295,-2611
-2552,-14900,1428,-2334,3781,-3390
-1228,-8840,19660,2052,3087,-4821
-5640,-7508,14188,3550,1471,-1258
-6004,-9948,8892,5238,3430,-1869
-11116,-7636,7576,11730,-866,2035
12500,-4104,2660,11742,-6625,-19324
-4488,-28496,16924,5411,1772,-1676
-5480,-17304,11000,75,1792,-133
3320,-4044,7624,-76,-5250,-2282
-4404,-10112,6944,-586,-749,-1284
-3156,-14852,10748,-1030,-1368,4841
-1116,-28624,-4492,8863,-1669,-2497
-7728,-17668,12164,623,-3790,-607
-5312,-22624,17584,-2116,-3240,9309
4420,-6048,7136,1757,-5650,6308
-1976,-5336,9816,-1969,-4808,5284
-4816,-11536,10120,-575,-831,4616
-9228,-11380,8116,-2673,-655,11742
-2316,-16244,21372,-7597,-6243,13138
2368,-13876,11696,-9579,-5265,5635
-5716,-13960,14480,-10609,9012,1179
-108,-8512,12984,-2189,-833,-2725
-1912,-14724,9204,4100,503,-5010
-3296,-12200,13744,9032,-2405,-6656
-3900,-13684,12212,14474,-35,-2260
-1676,-8748,8416,10687,-338,-3675
-4820,-6356,8348,3109,863,-3735
-4300,-9972,10256,1485,1717,-4983
-4380,-10928,12728,3636,-2790,-2237
-2268,-9528,12484,1212,-940,-2290
-3192,-8664,12236,327,415,-900
-4532,-11196,13208,-1100,2347,-886
