-2680,-14028,8068,-1083,-544,-449
-2460,-14268,7816,-191,-248,-87
-2820,-13952,7896,-526,-106,-274
-2900,-14276,8092,-28,34,42
-2728,-14056,8072,431,181,-282
-2572,-13764,7900,305,265,-460
-2808,-13760,7900,-236,79,-653
-2760,-13980,8344,-439,-252,-1005
-2568,-13676,7588,-667,-269,-1038
-2568,-13440,7304,-1668,-594,-1055
-2460,-13956,7700,-1668,-951,-993
-3088,-15380,9140,41,42,136
-2096,-14284,7372,-134,685,-193
-2668,-14292,7388,-380,378,-248
-2928,-14084,7384,-620,662,544
-3500,-13792,6212,-2383,1464,3693
-3276,-15400,5528,-4812,2372,3797
-2916,-15332,4632,-9211,1111,3256
-3248,-17692,4188,-14392,2361,2678
-2136,-16268,3800,-19951,3446,1378
-2328,-16856,2172,-19689,4937,-2451
-880,-16140,4392,-16417,4208,-6501
1196,-16648,3692,-12898,172,-14095
-1944,-19692,3940,-4716,1342,-13664
-600,-16868,4576,4371,-4293,-15177
-2660,-16064,4036,10204,-8853,-13752
-2028,-15644,2432,11897,-8197,-5256
-480,-17336,2640,13207,-8347,-2151
-1568,-16224,2640,17816,-9134,-2542
-1120,-13684,3964,12943,-7408,3291
-1516,-15548,5088,11606,-3691,6809
1112,-15176,4092,10527,591,8011
2484,-17040,1600,5965,4013,9156
1452,-16956,3664,502,9923,4853
-1636,-14136,4692,-4445,6806,3426
660,-13940,4116,-9661,5821,5864
1732,-14496,8256,-9753,7619,6612
3612,-17024,8672,-1717,2868,-1622
884,-14592,4584,1791,-757,-4291
-2060,-15364,5940,371,1845,464
-1996,-15456,6028,467,848,-29
-1724,-15576,6012,567,1099,-391
