-7256,3700,13100,-450,582,191
-7252,4096,13768,-379,168,-79
-6896,4300,13264,-329,-299,-108
-6976,4224,13568,-255,-114,-97
-7164,3844,13432,-71,147,-262
-7728,3620,13476,212,-27,-637
-5984,2916,12744,1766,-82,-1365
-7284,2316,12732,4207,1644,-2512
-8972,2936,15428,4405,-1114,-6502
-7792,5944,14124,2278,310,-5046
-8664,4104,13040,7307,2755,-503
-7380,7636,13328,8175,3927,1328
-8044,6624,13160,5486,1645,-1037
-8200,8968,15536,3899,-337,-1475
-8556,4308,11180,2128,741,-2244
-3376,6768,8368,6947,1108,2440
-4088,9504,9804,-3471,2010,3827
-10320,8296,12220,-1844,3171,8736
-7092,10828,12180,-2147,5010,11992
-4800,10572,11300,-5556,6383,11809
-6204,12136,9708,-3914,5994,11975
-9536,11200,7856,-5853,9076,9926
-11492,10528,10400,-2300,4778,12502
-8620,6924,9232,-2173,2544,7902
-10716,6060,10680,-1892,1891,1131
-10492,5928,10228,522,-2256,-2871
-13428,7056,10656,1391,-1482,-3641
-11624,3648,10380,224,-742,-2726
-11640,5276,12084,3752,-4590,-5337
-9364,4708,10116,3266,-3163,-9123
-8500,6180,11824,3711,-6641,-11673
-7064,7852,14412,4325,-7660,-10276
-4816,7864,14200,2095,-2956,-3959
-5760,6204,12636,584,-2199,-5580
-6976,7856,12304,788,-3590,-6154
-5188,8512,12416,2,-1004,-6504
-6860,10212,10944,-771,-868,-6250
-6288,10392,10364,-2322,1696,-1093
-9160,9776,10560,-2703,2454,1640
-9956,10092,7720,-1145,1171,6356
-9292,10804,8852,-3445,3715,8447
-7236,11128,11256,-2941,3466,12243
-10456,7452,11396,-1241,531,11984
-13780,5280,13548,-109,-5515,287
-11240,5320,9832,-14714,-16015,-11505
-7940,3712,11400,-9992,-16974,-18381
-3944,5808,13448,-5649,-14533,-13135
-756,3624,12144,-8419,-7840,-9034
-1820,3236,12916,-4974,-229,-6527
-5496,3968,14620,366,2025,-3134
-6128,2864,13852,-1062,-524,-714
-6364,2908,15056,-563,-1720,-3201
