-1752,-12812,10980,-1373,-1664,793
-1048,-11608,10416,-1766,-838,431
-488,-12248,11068,-565,-846,-168
-672,-11892,10636,-687,-855,22
-1012,-11428,11096,-1534,-1184,132
-1156,-11556,11240,-1649,-1095,-1032
-732,-11160,11008,-496,-1646,-1027
312,-10844,11184,1196,-1336,-1403
-288,-11568,8996,-337,-1956,-1968
372,-11740,10940,-3901,-2009,-1205
1352,-13108,12576,1347,635,-969
352,-11084,10532,-3052,1039,454
1264,-12172,9964,-2605,564,-383
232,-11764,8596,-3461,1996,-2512
-2608,-12608,6912,-7887,159,-3459
-4220,-15496,6528,-6353,-2264,-630
-2324,-17644,5932,-320,1904,3150
-1512,-13996,5164,-1868,-1601,6705
-6512,-13464,6648,-2972,2357,8602
1720,-16760,4792,-2714,7018,9602
-2132,-18096,2544,-6143,10015,6084
-3308,-14408,188,-9278,7231,2199
-2580,-15252,15624,-6148,8814,-2834
-4208,-16424,11048,-3815,4132,-448
-308,-14248,6816,-4947,6186,-1946
-2692,-12064,2396,-3601,1150,-3153
1756,-14668,8704,-258,-258,-258
1040,-16700,9188,-1891,5522,-4756
3116,-18368,3808,4543,3253,-10127
1988,-9596,2160,5941,675,-10939
-1024,-11752,4644,3328,3867,-3608
-8148,-11924,5564,8613,2913,-5086
-7640,-14456,7500,8476,-4103,-2026
-1832,-9884,6792,5460,-5449,2044
-3484,-10296,8264,1735,-6438,5260
-2992,-9224,2416,2944,-5375,-698
-3448,-13888,8184,1869,-6671,2629
-3052,-21044,6512,370,-4244,5306
-832,-12100,5244,1751,-8140,-1304
-372,-14816,6828,-3676,-8495,-934
-4828,-11764,5896,-2926,-5260,3949
-3852,-15184,4680,-3369,-3675,6015
-8076,-15640,10348,-1381,-2704,6648
-3792,-14724,6972,-3784,1910,4491
-720,-14160,6972,-6603,5646,5904
-2744,-12808,4296,-5594,6245,6137
-2344,-15472,4604,-4233,3068,1238
-1552,-16388,-820,-9757,3603,-312
-2156,-15884,3684,-11019,4320,-538
-324,-16148,7112,-3908,2571,-4456
-640,-18164,10692,9726,-98,-2256
812,-14568,7452,11283,1507,-4054
-1608,-12764,8412,9524,-409,-3717
-1132,-12700,8380,8685,-5190,-2252
-300,-11544,8752,11567,-4908,-2043
-768,-11104,9000,12683,-3798,-3556
-1564,-10868,8480,6234,-5633,-1
-1700,-11024,8700,-882,895,-2610
-1920,-13204,11136,-482,-755,-1682
