-2860,-11308,11404,-296,-74,-94
-3484,-11248,11760,-130,-716,-227
-4232,-12644,12816,-586,-656,-452
-3244,-12156,11936,-482,748,-160
-2992,-12400,11500,380,71,101
-2972,-10064,9688,-447,1441,-327
-3000,-10248,10092,-399,-113,-408
-4188,-11564,10928,-148,-19,-1176
-2752,-11168,10716,-239,1928,-2197
-1708,-10616,9540,730,-615,-1165
-3180,-10364,10976,-345,188,-1128
-1200,-10264,9756,-289,1144,-3136
-3836,-12152,12684,2991,624,-3306
-2760,-10660,11176,1718,-1263,-3918
-2856,-9956,9220,-324,-1740,-3431
-2544,-10248,10228,-3035,1665,-3395
-2896,-11236,10372,-1610,985,-183
-3800,-12168,15156,-4361,1187,1535
-400,-15548,10400,2668,-4786,2549
-3416,-13700,9068,-2582,-1041,4974
-1548,-13640,11384,-6134,-2283,5722
28,-13028,7888,-5588,-1057,-197
-776,-11908,11360,-4651,-4496,1317
-4948,-12876,13800,-4576,-7419,-172
4692,-13120,5292,-4011,-8947,-165
-72,-9160,11020,-1083,5462,-3768
-2072,-9128,14656,4620,3614,-2202
-2936,-9860,15088,6161,-4823,-3354
-3212,-11432,9116,6457,-7172,-3534
-3772,-12408,8476,2805,-7181,-142
-3976,-10288,10884,-2396,6891,-396
-3160,-13472,9132,3198,2659,1312
-2692,-12916,9248,2395,2048,2752
-2152,-13200,9848,2295,-44,3091
440,-13716,8556,370,-1252,4566
-748,-13328,9876,-1300,4603,5154
-484,-13208,11552,-3250,7900,5297
-420,-12080,10488,-1881,-3214,2735
188,-12040,13196,-4287,21,1055
-324,-11048,14052,-4077,-4344,-582
-304,-7768,18000,-3416,-6723,-2666
-4744,-11540,12388,-1579,-13048,802
-4792,-9800,12948,520,5490,-1240
-3756,-10476,11804,489,216,1473
-1776,-12128,9796,7396,-4508,5941
