-5520,-1592,14828,-262,108,-151
-5604,-1620,15028,-437,-116,-362
-4860,-2140,14188,-46,211,-185
-5780,-1976,14844,40,1220,129
-6028,-1988,14484,678,1120,419
-5712,-3360,12192,2749,3259,410
-4940,-1664,12252,12193,8739,4245
-8216,340,17204,5845,4982,2294
-6144,-656,13440,3833,3925,-88
-7020,-284,12532,5697,6426,818
-7404,1320,13672,9853,8043,4266
-8244,2056,13232,7752,6339,4038
-6976,5388,12312,4112,5422,3439
-11080,4392,12096,4822,8948,9860
-7344,3052,6744,15816,7873,14357
-956,9292,4008,4689,2865,2546
-8952,7280,10756,-148,6622,6778
-9584,6136,11004,-1611,3449,7145
-8528,8156,11052,-4636,4207,8025
-8588,8948,11864,-2765,2473,9673
-7704,9816,9624,-1019,2902,9262
-9888,7952,9248,-578,3061,8344
-11132,8792,9736,77,2695,8584
-11216,7044,8552,231,2413,6587
-10560,7748,9728,50,2137,6970
-12060,6824,9904,3332,2164,2910
-11580,5628,9492,4930,-866,-727
-12844,6508,11884,3044,-4994,-2892
-14340,5752,12692,-450,-8559,-6903
-2684,1376,6616,7618,-11040,-13107
-9472,8260,12924,4433,-4135,-9850
-7620,5788,11772,6246,-2153,-10611
-6260,7888,12888,321,-587,-5271
-7204,3244,8264,1329,-711,-6791
-10380,9944,12324,1437,-485,-5168
-7912,8124,9984,1217,-2719,-1893
-8652,9156,9900,-1421,-3494,-2481
-10288,11328,8560,-4049,442,-828
-9148,12580,6552,-1342,1461,3228
-9060,12144,9444,-5380,2911,7586
-8268,11228,11116,-7723,1555,10229
-9200,9000,12276,-11554,4016,13570
-13764,4020,9700,-7394,2820,8872
-17956,6324,14332,-11020,-3308,-2337
-12504,3364,10936,-14225,-17741,-13880
-1808,4532,9772,-10366,-14709,-12301
-4032,2984,14020,-4228,-2498,-6539
-5904,2564,13772,-3026,-1882,-6933
