-6148,3452,13404,-165,-347,-229
-6004,3612,14292,180,-166,-91
-5828,3456,13400,2690,303,686
-6156,3284,13468,8424,3028,3287
-6380,3604,13328,6286,2804,1626
-5028,4740,13032,5997,2838,616
-6600,5480,12812,5761,6714,1745
-7980,7012,13768,5138,5315,696
-8088,8496,13796,3067,4204,1183
-7896,6120,11292,2258,2522,1124
-9860,6064,12824,3243,1760,177
-8260,6572,11796,2009,1072,-2399
-9876,7492,12140,1014,-279,-3201
-7712,6016,10876,2682,-3972,-3078
-7644,7952,11512,4282,-2544,-1234
-5464,8716,11788,2248,-395,-1154
-10484,9684,17336,-2650,3488,2042
-6612,9840,9256,110,4317,3964
-7684,10880,11808,-3506,6121,7097
-7292,11432,12172,-5310,7265,10288
-4936,13020,10876,-5312,10355,13768
-4876,10648,7416,-4467,9755,12246
-7536,10832,9628,-3240,6029,11641
-10532,10788,9132,-3342,4178,10827
-10980,7396,8108,-1235,-403,7041
-10804,6860,9760,409,-2660,2518
-9980,7712,10408,426,-3317,-37
-12372,2940,8804,1144,-5170,-3260
-12888,-3984,2140,3035,-4571,-10904
-7104,4640,10892,7450,-5675,-15164
-6668,5168,13384,2238,-2183,-12512
-7532,9716,14480,2259,-374,-11870
-6684,8376,11688,1264,410,-7595
-6708,8184,12052,455,-1090,-5622
-7472,9036,11580,764,-2592,-4186
-7588,8752,11088,502,-2026,-2887
-6056,10704,10564,397,-2974,-4125
-6588,11176,8276,-2089,1689,-596
-7692,12880,8360,-4135,1775,-357
-8376,12208,9972,-6719,2217,5088
-5696,13924,10200,-6995,2500,13491
-7952,8008,10168,-6006,5418,20010
-12944,10032,15008,-5163,2674,12925
-11564,4772,10060,-5945,-2670,-875
-10208,9700,11360,-9787,-9710,-9625
-11056,5332,12328,-8355,-11815,-11498
-3432,6208,11728,-5208,-11997,-13164
-2008,4592,11604,-1436,-7174,-10145
-4408,5780,13556,1504,-818,-6677
-5348,3972,14180,-1723,-144,-5388
-7148,4052,13576,353,-645,-3409
-5964,5824,14544,672,-2793,-2108
