-2760,-14048,7120,-156,-405,-1428
-2680,-14152,6368,-878,-446,-953
-3272,-14104,6592,-1639,-985,-989
-2944,-14424,6856,-1552,-917,-1285
-3148,-14916,7084,-317,-930,-178
-3368,-13780,6348,-249,203,-824
-3184,-13736,6092,-1306,-700,-381
-3012,-14016,5580,-1523,-271,534
-3692,-17324,8856,180,1258,954
-3620,-13776,6456,1611,1757,1239
-2676,-15364,6464,1686,1861,-1694
-4244,-13400,4632,-545,3330,912
-4824,-14224,5828,-3775,5517,3787
-1680,-17128,5096,-6676,6481,4433
-1816,-17488,6792,-9142,6396,3616
-3520,-15576,3788,-9926,5786,115
-5292,-13964,1924,-13399,6465,1049
-2620,-15820,4276,-13812,4307,-698
-3276,-15620,1812,-11372,3418,-2451
-5304,-17588,4676,-11068,4024,-3383
-2168,-15832,2440,-6572,56,-5480
-7360,-15436,4484,-2444,-4556,-10206
-2684,-17680,4192,2355,-6579,-10930
-2580,-18812,4080,9487,-10657,-10390
-1100,-15744,3528,16762,-12587,-9567
-5496,-12592,2320,12065,-11481,-7993
-4576,-15060,4140,9342,-7235,2716
-1068,-15244,5012,11345,-8012,1867
-2576,-15688,3836,7564,-3740,-1210
-3512,-15700,4340,6645,-232,4569
-1796,-14848,3360,5151,3041,7127
-4460,-16768,6040,2600,6665,7894
56,-15400,3972,-2387,7020,6872
244,-14768,6096,-4690,8169,5422
1768,-15316,7952,-2012,6913,708
-1048,-14496,8192,99,861,-2176
-1556,-14416,6076,-1344,504,725
-2932,-15232,6092,-1329,1210,1315
-3652,-15144,5864,-1415,77,198
-3620,-15148,5784,-905,794,-802
-3728,-16032,6728,833,243,-1559
