-3760,-10988,10944,-205,227,-160
-3600,-11328,11040,260,237,-302
-3528,-10828,10768,-482,316,-366
-3660,-12004,11436,-476,454,-858
-2704,-12472,13380,4955,973,-963
-1752,-9880,11540,1557,92,-1000
-2772,-9852,11792,924,3196,-3056
-5872,-11048,10524,3436,-59,917
-4848,-11696,12376,4814,-4666,3434
-4268,-9960,13764,3670,296,-2411
-2860,-8792,12412,-2844,-1490,-2838
1756,-9484,11968,-1590,-713,-4628
1056,-8376,10888,-2947,2133,-6960
-4028,-10852,11276,-4434,2969,-6458
-4712,-11244,9248,-7021,2657,-6028
-4976,-15772,9596,-7245,-416,-2445
-4984,-15852,8820,-2870,-2709,1944
-3528,-13512,3688,-6433,-5867,3703
-6048,-14100,5940,-6116,-3881,6598
-4696,-18548,6900,-6230,767,8921
-924,-18508,5868,-3741,6718,5210
-6000,-15304,8988,-2342,5353,1958
2808,-15880,6424,-1215,12920,3428
28,-15376,12404,3807,12810,4856
744,-13208,20240,926,10083,-2608
-1032,-12564,5172,-7506,18707,-19537
-1356,-11700,16352,-8949,11957,-20481
-5268,-10960,12156,-1025,-2248,1031
-7076,-11200,10656,-2553,-3436,-1787
3708,-15428,17208,12611,-6569,-14091
-9764,-13000,12436,9168,-1685,-677
-2716,-14056,10236,7388,-2039,-6005
-25000,-11332,-320,-13002,9421,13843
-5304,-14728,5280,3319,-6960,1432
-1776,-10624,8000,-886,-11477,7891
-9664,-27164,6660,1502,-7685,11850
-4500,-9912,6488,5937,-7749,2062
672,-14284,6840,-1981,-4321,7679
-7260,-7556,884,6151,-1999,5146
-960,-17792,1456,2009,1411,70
0,-18668,6736,-1059,3597,4733
-4704,-15492,5780,-5834,10584,11652
748,-20048,18652,-4346,2630,6026
-1516,-14104,2628,-950,3350,-3302
-4348,-10492,-3588,1670,-1146,-3058
-2600,-13344,11444,5152,-1169,-4177
-3132,-11880,11812,9219,-382,-779
-2916,-7908,10288,7198,596,-338
-3600,-8676,9608,2775,182,-1404
-5408,-11060,10892,1563,-58,-3297
-4748,-13408,10312,807,-2151,-1325
