-6308,1536,14384,102,578,-85
-6464,2284,14528,-30,177,-466
-6480,2748,14232,-459,242,-437
-5952,1808,13848,-67,1020,-138
-5940,1764,13820,1476,1892,-644
-6440,1908,13616,2319,2739,-73
-6640,1412,13628,3651,3987,-1552
-7044,1156,11524,6401,5321,-2432
-7712,1084,10644,10952,8870,-300
-11120,6840,15492,11264,7591,-1072
-5424,7232,10752,8003,852,-1404
-6664,5288,11344,10202,3801,1816
-11296,10116,16108,3123,885,1440
-8088,7168,12524,-1807,-771,-1922
-10404,6472,12184,-1420,2953,2275
-8648,8044,10620,-1314,4977,3358
-8772,12100,13212,-4545,5045,7614
-7524,8936,10648,-4242,7466,12106
-7892,12240,11460,-4374,6628,16896
-10996,7884,10116,-5660,9667,17644
-11060,7076,9064,-1306,793,9535
-9600,7832,9076,-163,-685,6493
-10484,6648,10880,416,-1341,2922
-10916,5592,11344,1105,-2962,-783
-8944,5040,11256,2072,-3602,-3061
-11816,-2504,7112,3491,-5382,-7818
-7080,2020,12316,3164,-7986,-12696
-5840,8048,11704,2244,-3882,-13225
-7976,6284,10352,675,2731,-6986
-8652,7764,13140,179,631,-4453
-6904,7716,11324,844,-591,-2029
-7768,8776,11204,975,-521,-1568
-6728,9232,10836,361,-782,-920
-6692,9820,10956,213,305,-1063
-7528,10664,11416,-424,1003,809
-6836,12388,9860,-2161,3043,3614
-8480,13048,9356,-8417,4782,15766
-12040,9064,9064,-5187,5987,17091
-13812,8204,10980,-5002,1940,12149
-10112,5532,6320,-7309,-3501,-3505
-10592,7780,17916,-8503,-11228,-10560
-7380,5996,13396,-11456,-13127,-13592
-5536,4284,11032,-9001,-8940,-14126
-5084,2736,13108,-6776,-7339,-13717
-4784,4216,14940,-8162,-2267,-10702
-5824,3588,13192,-7047,-3866,-9012
-5416,1968,13072,-3060,-1174,-3485
-6456,2220,14688,-283,2718,270
-7536,2576,15696,-1165,-616,-1509
-5984,976,13236,-812,-1733,-1432
-5128,2172,14388,959,-66,95
-6164,2040,15384,-746,1351,253
-6696,1308,13952,-847,-87,-489
-6016,1204,14204,533,449,-62
-6396,2016,15028,-222,593,-338
-6532,2024,14196,-358,-286,-272
-6760,2140,16080,-652,415,-518
