4268,10112,11240,-2767,-570,-670
4460,10256,11292,-740,267,-785
4680,9724,11664,-664,393,-330
3988,10340,13220,-1750,-110,-1255
3816,8980,11956,-3073,-209,-2340
3984,8648,12020,-487,983,-3423
2212,9820,13540,100,-1058,-5669
4080,8320,10800,-1508,-1287,-6717
904,12772,13944,4731,931,-7189
2700,13272,13976,-1219,-3272,-8988
2044,8496,11084,-905,-4537,-7243
1876,9560,9988,3362,-5057,-8704
5444,11744,9264,1619,-1824,-9192
4304,11696,10200,6657,1239,-5320
4052,11652,8744,5264,3540,-3128
3944,13108,8140,4252,4821,-1983
2668,14424,8616,2999,8451,-262
644,16048,9204,3384,8317,4998
1456,16236,7836,4961,9523,9943
1720,15936,5592,5550,6450,9739
4952,15532,3616,6444,12795,12525
-2520,12920,6736,4007,12594,10871
-896,15268,7268,5464,8369,8844
-232,12412,10988,2202,8530,8748
-532,12444,7896,1083,9047,4736
-3780,13428,11728,2665,4756,6942
540,10912,8212,-2073,2959,6493
992,13468,9900,-3169,2113,2100
1580,17344,14480,-2019,-1393,1099
-300,9916,9896,-3803,-1015,-11
-924,12576,12296,-4349,-4194,1084
-100,13600,11692,-5331,-6234,-598
16848,28912,-2036,-10384,-10522,3739
-1388,11404,11876,-2614,-435,-6240
6364,21392,21136,5736,-4114,-8103
-6180,-13376,23560,10213,-3735,-22993
8004,31124,12872,-664,-5151,-2907
620,9748,16644,3314,-4875,-7149
-1168,14508,18204,1318,-7923,-6661
1796,16772,9860,3617,2197,-938
4584,-7576,17348,12358,-332,-14949
1272,13772,12468,2438,-8968,-5420
2968,18156,7072,568,1087,-5045
2472,14468,3924,1499,1871,-1778
-2836,18080,7856,2460,5279,3982
-2216,15304,4840,1522,10196,5437
-1068,12644,8912,4369,7683,9499
-1084,21880,9604,1200,4966,10864
-1408,16272,9368,-5360,-5355,11260
3088,11692,3928,-6448,-2757,6789
2920,14040,9668,-7084,-2659,1984
1444,12128,11612,-11059,-6936,2435
3844,10572,7916,-11195,-6617,840
5588,11188,9020,-5850,-2031,3712
4032,8552,10136,-2793,-1747,1623
4080,9100,10924,-1830,-1128,-1049
6332,11388,11440,425,30,-256
5888,11352,12364,-576,-124,666
5160,7820,10936,568,433,-665
