-4064,-6916,14012,271,-284,-173
-3216,-7188,13812,176,-401,-446
-4644,-6912,14372,195,-132,-287
-3340,-6140,13608,227,-46,-272
-3716,-6768,13532,-186,-296,-684
-3884,-7072,14788,-794,-578,-493
-3908,-6204,14752,-918,-995,-874
-2804,-5916,14516,-397,-1496,-62
-272,-5872,14364,-86,-1779,-2641
-3504,-4532,12384,-3143,-941,-2553
-3076,-7296,14952,-2832,-1612,-511
-4696,-6824,15628,-584,-3763,-4642
-1840,-4768,11008,-2244,1167,-2016
-2456,-7264,11896,-4236,812,-2405
-2452,-7416,8188,-16438,3242,-4646
-16396,-26440,32767,-7810,10321,3986
-7708,-12488,13396,-7829,3430,3683
-5676,-13144,7424,-12407,2180,6535
-3628,-13320,8804,-9651,3094,4510
-4628,-14020,9088,-9058,5849,3795
-2112,-12364,12360,-8641,3771,1901
-3212,-14248,5348,-6589,1682,-1853
-4784,-11828,14280,-6059,4788,-3277
-3664,-11812,6320,-3952,1724,-2066
-3236,-11000,16460,-1388,1815,-939
-3512,-12384,11664,1781,3056,-2992
-4768,-9304,12364,5179,884,-1139
-5348,-12844,13872,2236,2320,-1428
-6372,-16792,14672,7783,403,-5553
-2076,-11620,9680,5922,-5339,-5767
-12968,-14288,12128,1184,1179,2563
-5016,-12644,14068,5753,-2806,-2562
-6104,-14596,13888,3121,-3019,-381
-7232,-12424,11424,4554,-2939,2267
-3120,-4432,5288,4352,-6927,2671
-4556,-13816,12864,21,-4966,2735
-2456,-12688,14436,-355,-2016,3947
-4752,-10732,7988,-292,-1662,4925
-2092,-12620,9276,-1000,-2497,4179
-5616,-10900,5020,-877,-107,377
-5740,-10224,7100,-4894,3449,863
-2164,-14380,6560,-5344,1671,6460
1252,-17620,13480,-7378,-1670,4802
-3608,-16480,12732,-7957,1519,5354
-7940,-13724,11300,-8176,3835,4536
-4100,-13456,9836,-258,-717,1469
3304,-12484,4048,9702,1198,-4166
-3796,-13596,17188,14084,1198,-3651
-3572,-9868,12868,16360,-898,740
-2032,-6592,10028,12032,-690,-4510
-3260,-5020,8768,987,51,-7577
-7568,-8916,12604,-2524,-350,-871
