-4556,-2236,14564,-490,-391,-602
-3980,-1572,15016,167,198,-181
-4248,-2264,14620,2707,-304,-457
-4384,-2040,13692,5828,793,251
-2396,-1468,13032,12221,4549,4770
-4580,-136,13536,13156,8322,7230
-5532,2164,15800,13801,9661,6436
-6700,104,12460,5308,6229,175
-6072,684,10968,8392,8701,-665
-5152,6480,12664,16670,12967,4944
-8088,6676,12908,16119,11250,6295
-7268,7104,10852,8841,6994,3615
-10716,6640,14376,828,5763,1070
-8140,8072,11188,613,6014,818
-10672,8684,11692,154,6444,1171
-10308,11720,12612,-3967,4719,4261
-6244,10572,9776,-4213,5467,8126
-7928,9688,10096,-5504,6902,11937
-9712,9892,8896,-3769,2967,9783
-10032,11544,10144,-3538,2331,8710
-11452,6824,7528,-3006,2297,7798
-11672,6408,9084,-1119,769,5681
-10792,6180,9464,395,-261,2907
-10992,3992,10056,2283,-181,-1119
-11780,4792,12104,3565,-1686,-7246
-10304,4808,11864,2852,-2364,-6575
-11232,2620,11600,5800,-4553,-11598
-7880,5460,12548,4415,-4830,-10123
-7856,6636,12900,3418,-2623,-8100
-9060,7628,13064,1515,-2429,-5431
-7896,7064,11560,-1702,-106,-3435
-8988,6776,11284,-3718,-342,-5030
-7280,7692,9964,1159,1178,-2979
-7404,10036,10040,91,828,-3265
-9076,10388,8404,-1899,3483,-352
-9040,13136,7420,-1657,1833,3745
-8856,17384,10724,-8562,3481,12512
-12896,9740,9768,-10345,4981,18464
-14856,6824,13116,-8256,1787,11073
-12572,524,5392,-15249,-1219,4254
-12320,4040,9324,-4948,-5482,-10093
-12352,5656,13340,-15505,-10474,-10569
-8376,2260,10712,-12842,-10364,-11651
-6908,1852,11736,-11765,-10885,-14252
-5636,2632,13712,-10859,-7320,-12062
-6556,1096,13720,-6777,-5734,-7557
-5128,-572,13500,-5534,-4680,-5531
-4596,-1380,13692,-1014,-2279,-2697
-5180,-1260,14444,-723,-923,-1117
-6628,-1144,15432,-4793,-1993,-2967
-4820,-1824,13520,-1836,-3038,-2609
-5196,-1252,15772,-1370,-990,-1938
-4728,-2040,14312,-630,-842,-1462
-4856,-1708,14936,688,888,-386
-5548,-1200,15628,-63,801,79
-5576,-2172,15212,-311,302,-43
-5748,-2084,15144,-720,180,-484
-5356,-1588,14948,-697,-555,-917
-5620,-1632,14844,-1096,-799,-1144
-4228,-1824,13828,542,247,-43
-5936,-1424,16136,399,1000,103
-5948,-1484,15796,-1021,-438,-413
-5048,-2376,13672,-540,-1026,-553
-5076,-1752,14864,11,41,-528
-5296,-1392,15316,-629,16,-439
-5108,-2344,14440,-303,-300,-365
-5140,-1704,14868,-451,138,-546
-4776,-2000,14968,-491,-33,-222
-5256,-2112,14780,-486,-149,-233
-4800,-1804,14736,138,505,147
