-2584,-13616,8352,-329,438,-230
-2776,-13656,8304,-17,535,-243
-2700,-13668,8312,410,843,-268
-2704,-13672,8352,129,214,242
-2252,-13716,8484,369,1060,-206
-2680,-13652,8692,-125,427,-391
-2524,-13528,8528,-770,482,-355
-3000,-13652,8676,-972,157,-356
-2576,-13588,8260,-965,111,-713
-2944,-13820,8948,12,-402,-1032
-3820,-12708,8980,208,942,-627
-2588,-13252,8272,666,642,-447
-2896,-13372,7648,810,1558,277
-2432,-14676,7960,-46,1817,-1119
-2528,-13976,7024,-1999,2259,1127
-3256,-13852,7296,-2393,2875,1931
-3876,-13904,6628,-3708,3087,2920
-3408,-13840,4192,-9343,5754,4307
-3552,-15304,4176,-13906,7539,3432
-2716,-16556,1868,-20607,4214,-765
-5012,-17068,5276,-23678,7898,-539
684,-16048,1772,-22230,7411,-7100
-1484,-17380,6224,-16470,3288,-11209
-2776,-21096,9864,-2310,-5848,-15741
-1244,-18424,5344,10186,-8039,-18197
-2868,-17540,2000,14270,-11479,-15289
-2936,-15348,2648,14464,-11261,-9578
-748,-16096,3180,13534,-8484,-4488
264,-17468,2292,13217,-7549,-1794
-2212,-15380,4852,14923,-4194,1438
-316,-13164,-564,15658,-1770,6421
956,-16328,5332,7434,6105,8357
-2124,-17052,5760,6556,4922,13594
-1092,-15980,4956,829,9244,12574
3924,-16988,5280,-5300,11757,9847
1696,-14120,8484,-9460,8554,2454
2324,-17100,10008,-2798,490,-7247
1300,-11560,7608,-3350,746,-1484
-1288,-14244,7812,-1048,886,442
