-3532,-4824,13904,-295,69,-478
-3852,-5188,13712,10,430,-369
-4716,-6100,14504,-467,433,-385
-3476,-5904,14568,-1061,714,-106
-3744,-5152,13812,-1169,959,-605
-3364,-5464,14212,-1304,612,-806
-2960,-5400,14516,-1742,396,-1422
-1584,-5404,13440,-3416,2030,-2630
-1204,-4124,13640,-4174,3574,-4797
-3640,-4860,13180,-3069,3659,-4446
-2872,-4624,11908,-7586,3452,-6380
-3212,-8824,13892,-6892,4654,-7246
-6392,-7624,12328,-7849,862,-5672
-3824,-9436,14480,-9474,-85,-5508
-6960,-9620,11012,-6882,606,-5420
-7160,-10416,12224,-9011,-5276,-4307
-5384,-13176,13636,-1710,-3187,-1009
-6308,-13916,10220,-7695,-5120,-2506
-6368,-13048,6724,-7833,-8159,5934
-6568,-12596,3940,-8058,-4010,10456
1728,-14924,10012,-7285,-49,8760
-1752,-18032,9796,-9933,8309,4554
-10704,-20112,12180,-7430,12977,343
896,-12068,9496,-5871,17838,8102
-13820,-16336,16668,-4086,14857,5854
-6564,-14368,8436,1263,414,1239
-4712,-12444,8152,-1947,3244,412
-11736,-10336,8956,-6114,2341,-3689
-5988,-12156,10256,-2573,-798,-3383
-8900,-11700,10412,-1801,463,-1972
-9992,-12508,12684,2357,-131,-3292
-6544,-12044,8956,2679,798,-5544
-10356,-12228,10304,1281,2343,-827
-8188,-7464,-7364,4198,1826,-12784
-22508,-10852,-10344,-5066,5861,-4295
-9544,-4504,5156,2320,1118,-4765
-7236,-12252,-2848,3871,-4627,-4382
-7548,-10572,4836,733,-6664,-214
-7480,-6296,15544,7103,-2640,3678
-1200,-22200,8928,5103,-5389,2415
-9580,-11564,1420,-1823,-3335,455
-2800,-10112,6796,1243,-3787,1053
-4332,-17488,5348,-653,-2958,1597
-984,-20992,6056,-226,-7246,916
-7112,-14524,4860,1000,-6335,2854
-4696,-15076,4668,-2800,-3848,11356
-4772,-14336,6252,-3679,-2658,10912
-1616,-16304,4788,-6381,2867,5579
-1124,-14756,1332,-12434,9868,1672
-2852,-13920,3864,-12544,16258,3225
280,-8296,7740,-10219,5664,1154
-4712,-13100,10884,-2295,415,4187
-5196,-13188,11860,8815,-925,4613
-10380,-23432,12852,19317,-6055,-3650
-9444,-15524,7896,20717,-4062,-14053
-11004,-12924,9776,12983,-8072,1707
-5932,-8840,8768,13546,-8214,-1935
-6004,-4868,7248,11163,-258,-258
-3152,-8064,9624,5161,-333,-2494
