-3548,-13176,10388,-541,448,-204
-2228,-11968,11504,213,721,-895
-2616,-11856,9956,-202,1126,-1413
-4588,-12568,10508,-44,-63,-532
-4124,-11308,9144,1854,-345,-19
-3808,-12600,11296,1906,-2034,-630
-4856,-12060,10524,579,-2149,-1668
-2816,-12796,10104,9,-3159,-799
-1344,-13380,11700,29,-720,-47
-1124,-12416,11104,461,270,1839
1020,-11496,12636,-1472,-388,-961
-804,-11264,13512,-1734,2918,-4138
-1004,-13292,12376,-721,2003,-4175
-364,-10528,10860,-691,-1918,-4119
-4108,-7872,9796,-2367,-3128,-732
-4928,-10704,6780,-5520,-3682,1565
-3568,-11880,6064,-4958,-2445,1662
-2836,-12640,4528,-10995,381,84
-8372,-26536,14440,1855,1580,2944
-7128,-15512,6844,-6047,-6951,7370
-4588,-11840,-2780,-3266,-2521,7036
2808,-18056,5888,-2941,1083,4286
-1768,-13004,-2176,-4352,2968,4097
-3088,-15368,2184,-1305,5522,1814
-248,-16480,8248,-613,5924,17
-3192,-11488,11288,-3452,16186,-5202
-1468,-9300,15800,-1201,6324,-4818
-1168,-8836,22036,-3096,2528,-2266
-2148,-12164,8456,975,-1795,-1408
-2016,-8964,11032,-3355,-1485,2336
6504,-17872,22836,621,-593,-6462
-9028,-15788,200,5019,-6057,-3367
-8512,-12400,9716,6091,-1475,3757
-11724,-15920,9812,1847,-4618,4022
-1696,-8468,8500,466,-8587,-77
-1640,-5180,5608,-405,-13129,7977
-3292,-13708,7388,597,-7653,5610
-2752,-15976,2056,-1390,-4626,7030
-2052,-17628,6100,59,-3821,3587
-6728,-13852,6384,-105,-1103,2611
-3148,-13600,4552,3048,412,1075
-1476,-16136,5348,-849,-107,3520
-5848,-14424,7192,-7086,1335,8838
-1952,-15716,7700,-4948,3356,2688
848,-18120,7168,6823,3262,-8172
-4156,-14888,16336,23841,-12659,-6260
-1360,-8216,6056,16330,-5140,-4314
100,-4772,6764,-5641,4089,-3686
-6108,-11876,14252,986,1183,-2946
-3836,-11412,11660,1523,-4081,-1123
-628,-9184,9704,1607,-1434,-780
