-4044,-11268,10892,-253,95,-172
-4588,-11340,10592,-331,166,-244
-4756,-11388,10612,-487,-105,-317
-4540,-11800,10952,-316,447,-186
-4732,-11456,11104,-533,305,-323
-4864,-11148,10736,-429,372,-376
-4476,-11064,11152,-426,129,-230
-4200,-11348,10472,-67,-76,-223
-4940,-11312,10540,-177,11,-356
-4784,-10852,10560,-296,-39,-165
-4528,-11316,10492,-196,-171,-184
-4416,-11196,10024,-333,170,-191
-4572,-11368,10252,-461,477,-292
-4580,-11028,10508,-256,253,-278
-4576,-11052,11012,-361,-91,-378
-4944,-11032,10428,-714,-86,-767
-3372,-9984,9628,-1540,384,-1510
-5528,-9836,10640,-1413,903,-2510
-5236,-10392,10548,64,1044,-2160
-18192,-22156,30312,128,10287,7215
-3468,-14528,7872,1696,-3012,897
-5652,-11972,7060,-3229,-2061,4102
-4920,-13696,10240,-9813,4968,6551
-2760,-12824,11564,-12303,6016,4311
-896,-13464,10360,-14441,-6,-695
-1092,-12064,7580,-16677,-3404,-6893
196,-9644,6272,-23403,-32768,-2950
-1448,-15084,7496,-7477,5064,-9274
-3984,-13884,11380,6924,1186,-11065
-3680,-12996,3396,21566,4666,-2124
-7060,-11864,9096,24707,3905,-597
-5220,-11760,8156,9998,-1153,-935
-8620,-10116,9084,6083,2421,4849
-2796,-11260,8848,6883,4159,3177
-3004,-14844,9476,1723,205,1819
-2972,-12936,7256,-2582,-361,4283
-5228,-14172,10836,-6871,6602,7365
-5092,-14012,6600,-10851,6804,8564
-4292,-14716,15724,-12392,-6611,5177
-2988,-11396,10236,-14446,-1879,-821
-6584,-10024,11260,-9827,-4409,-4460
-10636,-11164,14460,3869,5316,-1237
-4872,-12432,8572,5866,-1262,-1523
-5012,-11764,8568,4010,-164,1080
-7352,-15412,12224,1121,410,1839
-4856,-13508,10580,4781,-1714,3192
