-2236,-12336,11464,-1905,-10,-334
-2000,-13028,12212,158,57,-305
-2044,-11568,10444,-94,-423,-92
-2240,-10928,10272,-1190,-9,224
-1488,-12012,12272,1167,-253,331
-1604,-10308,10988,1897,256,551
-2012,-8956,9512,-959,747,1144
-4604,-15536,12212,-5237,-280,-617
696,-11612,13028,-1240,-2352,-3372
608,-9600,9932,-3431,-1954,-1442
1380,-9464,10516,-4161,1784,-1961
96,-9144,9504,-5611,2661,-4276
-1984,-13204,8988,-10255,6974,-3607
-10552,-16204,14824,612,5457,2258
-6108,-14916,5060,-4096,-1902,1174
-11184,-12192,8980,1629,-2710,3299
-5484,-14024,3800,-586,-5208,10830
-4372,-18596,9356,-5309,476,13981
-732,-18224,13872,-1363,3323,1844
-9840,-15240,-9224,-8618,13683,-739
-3640,-18740,6548,548,21977,-6229
1468,-18420,-6836,5700,28780,-9100
-3000,-11868,12140,-3339,22958,-7945
-1940,-8052,22828,-8500,21328,-12768
-3916,-8444,18952,-782,4302,-9170
-6040,-10716,7680,-534,-967,583
-5368,-14020,8428,327,-6210,-633
4528,-17204,21840,8911,-8110,-8873
-15448,1388,-6628,-1689,3333,326
-9132,-8628,4840,1674,2079,-2035
-6392,-10688,10128,5201,-7301,1595
-9884,-32768,26916,19109,-11599,2288
-15760,-23724,7888,-17812,-6416,10077
-16716,-32768,29288,2816,-12901,16271
6484,15876,11188,885,-19331,7309
-2156,-8056,5832,-6030,-13895,3403
-2256,-19180,-1292,-12357,-4706,5186
-8868,1280,1284,4430,-1286,6009
880,-18828,5616,3663,-2115,-2663
-8892,-13488,2232,368,4790,3219
-10784,-16244,8600,-6385,7886,7263
1096,-12824,6140,725,147,4500
-6756,-14648,3972,-20,6540,503
1904,-9340,20504,6652,4724,-632
-2500,-13088,9036,7665,4074,-9499
-8028,-17228,19276,16792,-7878,-7209
-2656,-5828,9340,15179,-7124,-7597
-968,-3056,6972,-4310,1476,-2873
-5244,-15568,12920,-2162,880,-1299
-2576,-14040,10548,3787,-2134,-1325
-1468,-9152,9288,424,-283,173
-3792,-13056,13668,1254,-532,1265
