-5412,3268,13912,1599,592,878
-6116,4000,14512,1471,613,720
-6164,3904,13792,728,1082,968
-6332,3704,13228,1105,496,673
-5848,3500,13536,1330,1044,898
-6056,4112,14248,640,1611,142
-5108,3544,12920,713,2152,1071
-2984,2796,11748,1643,5518,3804
-6708,4960,13360,3397,11374,4762
-7956,5912,13184,2781,8872,2564
-8748,5092,12500,5374,7347,3578
-9884,6080,12140,6441,8032,1508
-13044,7084,12636,3725,5719,327
-13064,5384,10260,2728,1047,-2184
-10608,4956,10988,4052,-1109,-3487
-8856,7988,12240,2898,-2303,-4623
-6748,4692,9940,2813,-1248,-2736
-6344,5704,9248,11545,3614,2486
-9164,6860,11692,1510,-2540,-2534
-7744,8796,10108,-1419,2921,-427
-8084,11304,10152,-2301,5735,3769
-7904,10332,11484,-4099,5435,8989
-7464,8488,9144,-4984,5232,12622
-9084,9980,8600,-5007,5574,11068
-9768,9364,7592,-3460,4018,7741
-10468,9352,8460,-2040,1575,6809
-10928,6824,8888,-1230,-948,3620
-10708,6848,8000,391,-376,486
-11200,7316,9828,770,-840,-603
-10568,4112,10600,172,-1710,-3277
-10588,3996,10620,1686,-3942,-5836
-14324,2656,11804,4483,-7665,-9234
-6424,4536,11556,5939,-6997,-12112
-6388,6492,11408,4155,-3117,-8940
-9340,6352,12216,2123,-1881,-6035
-9024,7916,12876,1075,-66,-3042
-8068,7520,12200,334,-748,-808
-8856,7244,11932,-2039,897,-712
-8068,9208,10292,814,-1255,571
-7760,9576,9900,485,360,1517
-7672,9864,10132,-1283,602,647
-6724,12040,9352,-1610,1722,1199
-8320,12484,9512,-3357,4867,3430
-8328,15000,9684,-5375,4623,10705
-12096,10500,9752,-5909,6412,15081
-13940,10844,14360,-8173,703,9902
-11988,3172,10232,-8886,-3690,-321
-14760,6120,11864,-9880,-9725,-10370
-12044,5300,12884,-16686,-16960,-19911
-6340,4736,12076,-14886,-18867,-21003
-1612,4280,11380,-9514,-8434,-13971
-4452,3552,15496,-5721,-3314,-7835
-4848,776,14280,-6744,-5181,-6296
-4964,432,14040,-2956,-3846,-4381
-5368,-156,15108,-4363,-2083,-2138
-4736,-832,14816,-2243,-3050,-3164
-4396,-1064,15016,-2406,-1633,-2954
-3672,-872,14380,-4212,-2920,-4888
-3356,-724,15720,-2648,-958,-2573
-4672,-1280,15668,-4783,-1631,-2705
-2768,-1896,13676,-258,-69,-485
-4024,-1628,15288,1308,2037,842
-4616,-960,16172,-321,1972,473
-5932,-2240,15764,-872,171,-140
-3844,-2172,14148,434,-53,-204
-3580,-1108,15056,976,-17,-151
-4168,-572,16200,-2258,561,-306
-4152,-2180,14572,-721,-313,-542
