-2232,-14092,7552,-362,162,-132
-2128,-14336,7576,-572,53,-256
-2100,-14268,7680,-494,193,-279
-2024,-14240,7572,-315,350,-141
-2236,-14276,7684,-255,285,-45
-2256,-14320,7312,-579,149,-317
-2332,-14308,7492,-673,186,-655
-2232,-14316,7396,-349,729,-727
-6216,-12092,7408,-330,2226,1238
-3900,-13188,7448,-2543,3620,3957
-1904,-14764,5064,-2927,3613,2287
-3628,-14980,7360,-4790,3111,2287
-3192,-15760,7812,-6764,5638,2882
-3740,-13516,4212,-8512,5272,3237
-2920,-15200,3532,-9777,4078,723
-1724,-13556,1340,-12039,3700,-735
-3448,-15496,2388,-12553,3848,-777
-2332,-16780,5052,-15472,4819,-4910
-3380,-15992,4596,-14483,997,-7638
-2248,-17732,7480,-7493,-2916,-8769
504,-17576,3340,64,-4942,-15532
556,-17972,2196,2220,-7139,-16624
-3880,-18216,5776,7246,-8203,-13842
-3656,-18504,4312,16438,-9358,-10973
-1912,-14284,2232,17920,-9419,-4074
-864,-15176,4372,13632,-6833,-1395
488,-16704,5612,9485,-4872,-119
-1280,-17440,6316,12799,-5243,6476
2676,-13684,964,7315,2629,8957
-564,-17264,6588,7169,7181,10739
1160,-16496,2176,2572,5351,9913
-612,-14244,4772,-1669,10368,10261
2680,-16024,6240,-5092,9163,5491
-584,-14408,5944,-7609,6845,2133
-316,-15724,5060,-7782,4438,982
1276,-12760,10400,-5871,1520,1572
-1896,-14524,7048,159,-810,52
-2608,-14712,5700,-434,1416,1867
-2984,-15480,5636,-676,-1186,792
-3136,-15408,5056,-406,-107,76
-2848,-15212,5500,-41,320,-1007
-2636,-15316,5488,6,684,-1149
