4820,10908,11620,-719,155,-659
4672,10404,11360,-1819,-39,-599
3836,10612,11572,-790,353,-952
3840,10928,11664,-797,-144,-1292
3388,10408,11972,35,-104,-1876
1736,9904,13380,2038,-2750,-3792
4484,10668,11368,-1342,-814,-3978
2868,8472,11664,-3505,-676,-11407
2932,8904,10440,1951,-3439,-9733
5504,10596,8636,5237,4176,-7931
1944,15308,12660,8662,2128,-8679
3060,12672,9780,5316,2024,-5785
3544,16060,8912,5125,6125,-3814
5716,15796,5932,6058,11143,2607
788,15664,7336,6928,11226,1603
1640,17976,3264,6609,5803,8870
-3588,12308,7968,6031,9530,10271
-1616,15724,5520,4476,13694,8979
-784,13468,6468,2253,12620,8775
4076,14816,4096,654,12080,6267
-2596,17140,9220,-908,12412,3997
280,12960,8156,-1448,9431,5588
-1484,14352,7292,-2589,4288,5868
-2564,11836,11956,-2857,4222,2920
-3740,10372,13092,-3049,535,1101
-1996,10240,11268,-539,1006,1716
-1960,12268,12056,246,1689,2964
300,16496,12876,-3455,-2684,3477
-9344,4560,9264,-7831,3803,-3221
780,5624,4436,-5867,-5529,-5279
15024,10560,13392,398,7618,-2020
-1544,6516,16536,-4113,-11038,2465
24220,32767,6136,17829,-11136,-31604
-8572,13476,2940,-8967,-4194,-5762
4528,22960,16384,-2990,-4920,2736
5356,9880,16692,8004,-6325,-11561
1752,2356,5232,5942,-1196,-4960
-456,7624,2072,-1546,-2462,-814
3984,16976,6012,2194,-2933,-8023
8568,11044,2484,1898,-5517,-3644
-160,11928,9824,1380,-767,-3533
2616,16152,4864,1966,-1473,-3406
452,14680,7096,519,2405,4
-868,14344,6344,-540,3855,1807
1860,17756,4396,499,5277,340
3088,17700,5792,4218,3913,1493
-356,13980,7228,3779,4536,3057
-4792,10432,9800,1057,6054,5053
-3352,16408,10460,-2443,6305,7732
-1144,15960,4084,-8660,-4733,9552
820,13440,6712,-10289,-5229,4423
-192,14852,10916,-11321,-4330,820
-248,13776,10044,-13529,-10728,1205
3772,9480,6308,-7852,-10465,3737
3548,11164,9524,-4829,-3687,1485
7176,11684,10332,-9119,-2088,644
6444,8148,11952,-8755,-4873,2093
