-2232,-14152,7592,-155,452,-216
-2252,-14296,7492,-373,247,-168
-2388,-14100,7540,-161,464,-79
-2228,-14308,7616,-130,246,-231
-2324,-14192,7740,-476,305,-157
-2336,-14132,7748,-602,-142,-186
-2276,-14204,7844,-648,402,-224
-2436,-14104,7644,-492,293,-322
-2716,-14240,7492,-350,576,-587
-2280,-14216,7332,113,2196,-881
-4016,-13448,6772,315,2768,1179
-2404,-13980,6124,-756,2549,1481
-2668,-14768,6688,-1155,2126,393
-4212,-13452,7192,-1767,1939,760
-2484,-14848,4944,-4317,3145,2635
-3552,-13168,4668,-6802,3915,4022
-2080,-15084,3860,-9115,5231,2637
-1936,-14432,3544,-12961,4491,1700
-2732,-16512,3444,-15347,7091,3195
-3800,-16600,3816,-15147,4962,-236
-1712,-17564,3716,-15702,5137,-3837
-1276,-17128,2320,-13268,3131,-9676
-2716,-17864,6384,-289,-4725,-14090
-1612,-15216,3324,3775,-5270,-16425
-1576,-16816,4376,4789,-6400,-15813
-4200,-18960,6116,11504,-8720,-10108
-3876,-12212,2392,10938,-7576,-6303
-1348,-19292,5852,9053,-5953,-1522
-704,-17840,6116,17147,-5960,2751
964,-12076,-1348,8911,-4659,1365
-5192,-17112,4764,9767,1174,7867
3736,-13276,-3568,6319,3445,11523
-848,-16848,3512,-1237,7414,8726
-544,-14136,4852,-3273,5329,5062
296,-15556,7396,-5654,2642,6880
2660,-15152,7796,-4155,3896,4067
596,-15876,8728,379,108,-3174
-1184,-14956,5452,-970,1622,-746
