-948,-13152,9488,-149,27,-253
-996,-13232,9644,-159,136,-45
-1188,-13024,9296,-752,127,-52
-1004,-13388,9412,-539,-6,-147
-1016,-13036,9504,-11,207,12
-1116,-13256,9832,-68,-90,-364
-808,-12932,9532,121,11,-236
-1112,-13176,9304,-126,173,149
-1580,-13304,9832,-297,262,158
-1184,-13144,9640,-261,-61,-279
-1004,-12772,9464,-100,39,-362
-864,-12996,9600,-327,460,315
-1336,-13112,9540,-77,575,580
-1324,-13020,9708,-220,494,508
-1092,-13000,9480,-507,176,723
-1076,-13184,9868,-1267,450,1765
-1564,-13024,9712,-1744,721,1859
-2260,-14244,9976,-1430,821,1681
-2312,-13544,10212,-1372,2425,1916
-1732,-13524,9060,-1672,2027,2094
-23176,-12784,13232,-3925,30646,2266
4428,-15728,9664,-4006,2944,-2946
1136,-15224,9140,-2805,-15,-3773
-940,-13304,8492,-2090,1393,-2309
-1200,-13312,8660,-1485,383,-2823
-2988,-13116,7480,-567,2860,-2350
-1204,-14276,9396,-620,2226,-3013
-1552,-11900,5416,-1828,2934,-2285
-3080,-12980,8072,-1099,679,-1331
-8492,-10956,4536,-1118,3773,2323
-3852,-13928,9180,887,-877,-1118
-1748,-14588,8408,1107,-477,-4370
-1464,-14280,8544,1083,-4046,-6712
68,-13936,6972,3203,-4215,-5573
-23984,-32768,32767,-4222,-6920,6437
1016,-15240,9144,1387,-2505,-497
-512,-14736,8972,2879,2128,-1776
-276,-17208,12180,1153,1969,-569
-444,-12132,5788,-2039,-30,1050
-572,-14624,9088,-3163,-1180,1013
-292,-14184,6676,-3763,-1134,991
-908,-14724,7452,-2842,240,912
-52,-12332,6684,-1387,486,966
196,-15412,8124,2811,293,759
-396,-14020,10448,6814,943,157
1436,-14572,9272,4907,2536,710
-152,-12296,8772,-3173,745,191
-1248,-14968,11000,-4230,643,-345
-1128,-12412,10324,-3425,-565,-928
-364,-12868,12232,-2092,696,-397
-4,-11324,9616,1119,572,-717
-156,-11544,9868,5125,1878,-1061
-812,-13160,9944,-1435,924,867
-1148,-13656,9232,-3975,-4,726
-1216,-14012,8524,-3639,179,-788
-1160,-14224,8392,-3043,-659,-1710
-652,-14512,7652,-2924,-371,-1305
-212,-14340,7876,-2008,-311,-95
-560,-14348,7880,-739,-97,130
-548,-14068,7816,389,486,420
-472,-14240,7908,1332,507,573
