-1304,-14788,7068,-358,39,-702
-1380,-14684,7292,-215,178,-1171
-704,-14724,7004,-529,-277,-1148
-548,-14508,7084,-96,169,-503
-776,-14648,7160,111,286,-66
-840,-14736,7196,118,208,125
-872,-14488,7264,-116,50,44
-1164,-14652,7268,-377,103,215
-776,-14440,7024,-485,189,413
-940,-14276,7220,-1117,246,927
-832,-14272,6932,-1206,233,1932
-1076,-14648,6868,-847,-136,1533
-996,-14616,6872,-508,-95,2114
-1868,-15196,7068,-642,1925,1415
-29700,-18284,30180,366,12690,407
5348,-13536,4212,-2080,714,-866
2000,-15484,7208,-995,-1226,-1152
296,-14860,6748,-254,-874,-1318
0,-14940,6800,-1654,2038,-1684
-3128,-14324,6880,-913,1144,-701
-3116,-13460,4776,232,1305,540
-1732,-19256,12464,244,-3312,-36
-2584,-14676,7084,391,-1721,941
-1792,-14916,7196,-665,-267,-1918
-1008,-14576,6920,-1529,518,-2805
-1244,-15416,6820,-2831,169,-3101
-1044,-15768,6320,-2320,-601,-2319
-808,-15192,6192,-185,-275,-1033
-788,-15828,6264,1965,-1006,-1571
-692,-15144,6368,4500,-469,-1340
-1020,-15252,7100,6729,37,-1423
-1096,-13812,7176,5666,-448,-1020
-1036,-16232,9196,-360,330,-2353
-1164,-13312,6580,-2047,1865,-2762
0,-15908,7944,-404,4789,-1013
64,-15384,9368,-448,1517,-806
-492,-14676,8096,389,1147,-1024
156,-17200,6984,1216,3193,224
-348,-10184,3880,-4116,2347,-1646
-840,-17228,9368,-1977,1365,-223
292,-14960,5968,-1498,3754,-825
-276,-14392,7872,-3457,1089,-1900
-12,-14664,5124,-4349,2174,-1246
-1160,-15072,5816,-2915,1377,-1611
-896,-16344,10148,-87,-371,-1943
-804,-11080,8164,3710,33,-1521
-592,-13448,7576,7006,653,-1232
-52,-14276,8308,1752,-174,-703
-492,-14488,7744,-1363,-20,-76
-708,-14736,7200,-1874,31,-77
-376,-14652,7028,-2313,-31,99
-340,-14864,6828,-2277,-121,136
-208,-15008,6620,-1645,108,234
-236,-15008,6356,-725,250,343
-688,-14928,6732,-113,-14,-2
-504,-14884,6832,262,123,70
-484,-14964,6684,224,54,57
-688,-14852,6904,291,113,-33
-216,-14880,6508,-41,-210,-43
-600,-14700,6900,-334,55,-119
