1200,-10012,12400,-1244,106,-467
576,-10004,12568,-1307,147,-350
892,-10100,12464,-1049,90,-479
1152,-10188,12652,-762,-125,-622
1224,-10028,12576,-914,5,-438
1248,-10056,12688,-736,-195,-218
752,-10196,12472,-592,-72,-154
1416,-10120,12356,-427,-192,-174
1316,-10200,12292,-288,116,-74
944,-10176,12508,-99,-53,-131
1164,-10100,12464,-117,19,-53
916,-10052,12396,-126,-198,65
1120,-10068,12584,-154,-67,200
1280,-10152,12308,-337,-271,198
1728,-9896,12564,-736,145,734
1760,-9952,12424,-705,1561,1795
1952,-10004,12308,-743,3043,2649
2628,-10860,12280,-396,3443,1198
3140,-14372,13624,1081,2686,-7616
-720,-11060,12232,-946,6817,-6209
3096,-12080,11816,-1681,5417,-7008
60,-11604,12708,-3761,5898,-7292
-3712,-9292,12596,-3142,6001,-4874
-4316,-10988,12932,-569,-1375,-974
-2724,-10868,12212,1806,-1687,-2507
-804,-10384,12932,383,-9002,-5072
-5428,-11092,12484,-3038,-3977,4485
1036,-11092,11468,-3335,-2268,11381
2500,-12120,12588,-1778,-4149,6963
1932,-12464,10208,-2138,-3878,3801
1436,-13208,10604,-5067,511,5267
1188,-11668,10176,-5645,1820,2868
864,-11596,9560,-4906,2588,1423
2256,-10332,9432,-3532,2827,80
1696,-12060,11024,-2181,2701,-438
1468,-12144,11528,-771,3093,-415
1820,-10548,14064,-1021,3254,-408
-240,-11532,14036,655,1033,-416
-92,-10620,13336,1717,-782,-939
-216,-11616,11528,371,1011,142
-948,-11852,11116,-1244,1131,234
