508,-9612,13020,-101,751,-360
868,-9656,13052,-461,244,-345
1024,-9532,12796,-585,21,-199
824,-9700,13012,-802,305,48
408,-9672,13176,-944,137,10
392,-9852,12684,-827,87,-183
700,-9768,12724,-832,-142,-313
824,-9604,12896,-866,-28,-126
812,-9740,12852,-665,-347,-209
1032,-9796,12584,-600,-189,-88
876,-9640,12644,-471,-249,175
604,-9764,12600,-160,110,490
1168,-9820,12588,210,377,723
1232,-9636,12620,331,1270,1102
1668,-9780,12492,116,2056,2155
856,-9880,12520,-507,2090,2669
2428,-11900,12496,-1331,2336,7
1156,-12252,15340,-4030,1811,-6090
912,-10796,10720,-4980,4594,-6221
1308,-8324,10248,-3377,5656,-4893
-1412,-12624,13500,-2709,4714,-6323
-2680,-8216,12048,-1299,2887,-3744
-8032,-11172,15824,-27,2002,-4020
-2792,-11548,12328,2242,-1477,-6457
-480,-10636,12052,1320,-9069,-8266
-16920,-11956,-144,-458,8707,7714
1432,-11076,11416,-4727,-1768,12459
2676,-9824,8456,-2933,-2257,8486
2008,-12032,10888,-2576,-4180,4956
972,-12328,10876,-4828,-700,6889
1556,-10792,12272,-5015,-920,4516
960,-11648,10512,-3494,513,1480
148,-11308,11420,-3454,775,946
996,-13568,14088,-3869,2618,-261
644,-12136,11784,-2455,1683,481
1976,-13076,14272,-241,2437,810
1016,-10192,13032,2129,11,-397
320,-10872,12308,3936,-357,-814
24,-11404,11880,560,1482,125
-508,-11784,11740,-1348,539,48
