-1852,-11208,11392,-467,8,-190
-1792,-11356,11476,-385,38,-165
-1820,-11348,11560,-199,75,-202
-1756,-11392,11264,-437,141,-214
-1864,-11300,11320,-648,96,-177
-1916,-11504,11500,-345,20,-190
-1740,-11336,11428,-179,60,-214
-1948,-11284,11404,-368,10,-248
-1648,-11296,11368,-357,-29,-206
-1848,-11388,11516,-469,-16,-281
-1928,-11468,11480,-499,6,-254
-1784,-11344,11288,-373,-64,-209
-1632,-11196,11368,-418,17,-207
-1764,-11364,11332,-503,-96,-299
-1848,-11372,11400,-334,148,-126
-1992,-11328,11560,-258,-33,-228
-1604,-11184,11292,-482,-82,-201
-1712,-11336,11284,-548,102,-193
-1684,-11276,11492,-392,108,-151
-1768,-11416,11460,-401,41,-185
-1692,-11300,11232,-267,273,-82
-1764,-11224,11336,-312,300,-101
-1832,-11392,11504,-209,319,-48
-1952,-11264,11268,-194,477,39
-1836,-11336,11144,-453,873,207
-1660,-11256,11432,-680,1757,727
-1584,-11076,11364,-838,1359,867
-1852,-10936,11452,-1051,2472,1528
-2196,-11252,11500,-2199,2837,1490
-2860,-11660,11364,-2641,2643,701
-3024,-11720,11104,-1828,2298,-34
80,-14528,10004,-1023,1906,777
-8184,-16508,12932,-1191,1697,813
-7616,-6628,7952,-508,4357,-18
-3752,-12052,11632,-1881,2387,-2203
2096,-11912,9428,-1960,-937,-3187
-2496,-13148,12912,-3209,2427,-1894
-24,-16236,15588,-4711,2428,-4204
-724,-14292,11344,-2284,3823,-3633
-7908,-14736,11844,-3973,5337,-2975
-808,-12192,8780,-1089,2908,-3716
-2816,-12564,8772,-2618,5185,-3381
-2220,-8564,4996,-1581,3018,-3346
-4184,-8596,5060,-423,4946,-686
-3428,-13120,7664,-443,1718,-1913
-2600,-20616,21904,-2945,-187,-1537
-9212,-13416,13804,-1067,-3671,-16
-2952,-13084,9468,545,-621,-2062
-2584,-13036,9104,-101,-296,-273
-2876,-13140,9300,261,-426,-339
-2756,-13152,9208,844,-755,-1148
-2752,-13004,9408,440,-642,-1047
-2852,-13428,9028,1335,-1316,-1457
-2480,-13124,9292,2925,-941,-2057
-1444,-12324,9384,4292,-3773,-4531
-944,-12344,9776,4249,-2746,-3278
-1460,-11652,10804,4616,-2279,-762
-1208,-11960,9660,4094,-2031,1640
-2276,-13040,10292,3249,-3741,1137
-820,-11880,8380,-703,-1702,1570
-324,-8908,14020,-508,-2560,521
-400,-13508,15136,1574,-1168,-363
-1308,-14368,15888,1266,242,549
-604,-15228,11104,-137,2361,1027
-2188,-9756,9064,-956,1933,811
-396,-15424,13828,-233,2424,555
-2016,-11184,14540,-1001,1261,367
-856,-14324,10004,-1647,2334,571
-764,-13408,9684,-2249,894,187
-2748,-10872,13108,-3028,648,386
-2452,-12504,14480,-2445,-510,413
-1744,-12368,7712,-4264,27,681
-1852,-14048,14176,-1373,-347,-45
-2640,-11364,13316,-2031,-2242,-580
-2504,-11912,11176,-3365,-1178,-81
-1836,-12332,12328,-705,-841,125
-1116,-12072,8032,112,-654,549
-1428,-11652,10452,-475,357,407
-2240,-12416,10412,-1129,-537,-641
-1940,-12584,10008,-1016,-89,-314
-1984,-12648,10076,-643,248,203
-1960,-12596,9884,-498,30,-124
-2032,-12604,10064,-531,-60,-165
-1776,-12560,9984,-405,121,-19
-1892,-12472,10072,-365,219,113
-1992,-12584,10140,-494,263,-105
-2168,-12564,10012,-395,-109,-288
-2052,-12588,9876,-267,-78,-191
-2008,-12564,9872,-371,-34,-336
-1852,-12452,10004,-567,183,-216
-1932,-12700,10140,-433,232,-18
-2028,-12576,10044,-336,66,-236
-2120,-12492,9916,-393,176,-101
-2100,-12528,10024,-439,-59,-296
-1728,-12580,9964,-471,27,-232
