-1352,-13356,9092,-348,29,-192
-1032,-13164,9336,-296,56,-161
-1296,-13348,9580,-428,23,-137
-1184,-13208,9532,-438,187,-70
-1100,-13176,9240,-354,236,-13
-1264,-13020,9372,-247,-12,-253
-1028,-13156,9268,-521,28,-259
-1428,-13088,9056,-589,123,-57
-1440,-13316,9480,-680,130,-53
-1392,-13260,9380,-560,-55,-272
-1080,-13292,9404,-645,-31,-86
-1180,-13304,9164,-515,-27,-22
-1032,-13268,9132,-273,-21,-92
-1124,-13116,9316,-342,82,29
-1416,-13300,9572,-723,159,476
-1436,-13144,9468,-853,261,952
-1860,-13636,9196,-760,1015,1917
-2008,-13644,9444,60,2818,2433
-2128,-13932,8892,465,7171,360
7824,2164,-10012,-363,11443,-4198
-3380,-11812,11328,58,445,-2368
1116,-11928,8420,-360,1347,1248
-1708,-15860,12208,-709,1348,-1946
-876,-13956,8660,-985,-59,-2115
-1352,-14280,8860,-1889,1639,-2122
-3304,-15668,10600,-1551,3405,-2235
-2100,-13444,8352,-1965,1000,-2112
-5096,-13208,9336,-1595,1715,-2499
-3360,-13776,8680,-1584,475,-1942
-3500,-12872,8876,-779,131,-1065
-3688,-14280,10308,-190,-1160,-1033
-3236,-12344,8748,699,-162,400
-1464,-13552,8904,-534,-390,-2103
-1416,-13612,8848,-1342,-893,-2972
-1028,-13740,8584,-1805,-1989,-2592
-1540,-14016,8696,-1108,-2756,-3330
-8924,-6820,2696,-645,-471,4435
-1204,-14396,8320,-1133,-2448,1332
-280,-14900,8392,-1785,-1355,1208
-804,-13936,7240,-2543,382,795
-256,-14780,7060,-1661,1590,70
152,-14468,7272,-388,1922,-428
-712,-14056,8040,-712,2560,-841
-1740,-16032,8520,-1807,-68,-155
-1372,-14868,8840,-2524,-1846,712
440,-13608,5940,-2523,400,1016
-208,-14548,8532,-2004,3110,-377
-808,-14344,8468,-743,2748,-1550
-400,-13980,7092,-1544,2197,-868
60,-14688,8256,-832,1661,-1652
-1436,-12812,8704,-417,2899,-2227
-1800,-13360,7304,17,2843,-1177
-920,-13588,9004,-1411,2151,-1339
-632,-13860,8244,467,2197,-1218
-140,-13244,6520,4811,1152,-860
-836,-14004,8548,774,364,8
-752,-13924,8216,-716,83,130
-848,-14204,7860,-1363,-24,49
-824,-14240,7972,-1641,-223,-252
-544,-14260,7484,-1471,-101,-109
-656,-14488,7480,-1049,-40,5
-1008,-14508,7292,-470,5,-71
-824,-14388,7308,32,82,-96
-960,-14384,7636,409,251,-153
-652,-14108,7852,246,150,33
-796,-14156,7844,-136,49,211
-1128,-14420,7752,-207,61,-1
-880,-14240,7720,-511,54,-307
-1136,-14324,7836,-487,42,-567
-892,-14352,7640,-540,-393,-457
-572,-14264,7668,-486,58,-318
-984,-14448,7720,-315,-155,-42
-804,-14320,7900,-211,183,-5
-856,-14348,7812,118,-141,-295
-736,-14208,7872,-45,-5,-555
-524,-14060,7884,-309,-145,-368
-648,-14148,7780,-597,225,-79
