1328,-4964,15088,-1438,-976,939
1176,-5032,16672,-775,-630,148
104,-3880,15040,-180,-751,692
2968,-4776,15484,-1283,-1573,623
1836,-2240,14300,-1102,-2031,508
1268,-2236,14196,-3917,-1903,3252
1496,-3472,15952,-3510,-2800,2547
2640,-4480,15068,-2701,-2528,2928
212,-4500,14676,-4994,-3446,3782
1528,-6644,16732,-6661,-6781,5243
1332,-6928,14640,-4212,-5168,5142
1540,-5764,11920,-6027,-5660,5830
2132,-9888,14224,-8299,-7673,4175
2176,-11652,13628,-4234,-6255,3535
1588,-9464,14032,-3721,-5610,3966
3136,-10108,12728,-2814,-4822,3486
2768,-10476,13236,-2873,-2172,4146
1996,-9160,12260,-3148,-2912,4253
2872,-10404,12868,-4644,-3189,2366
2544,-11928,12988,-4257,-430,3284
4080,-11584,11256,-3480,-1210,3327
2452,-9720,8564,-8669,-21,2003
5476,-11352,9972,1653,1379,1764
4052,-10576,10392,1388,1700,2535
7984,-12896,10256,-2687,3880,-1227
7976,-12384,8764,-4067,9021,-6893
5628,-13864,8000,-490,15952,-14151
6188,-12920,11884,-1116,20049,-15249
6260,-12008,8148,-886,17721,-17589
620,-12052,11576,1119,14400,-14931
-1712,-11124,12980,-3431,6803,-11057
-1648,-11148,11584,-6875,4355,-10140
-5048,-10504,13392,-5838,2659,-9368
-2360,-11120,11296,-3865,2854,-4742
-1904,-11916,11784,-3244,4561,-3584
-1176,-11432,11688,-1030,2890,-3395
64,-11024,10308,328,1512,-14
1072,-11860,11524,-896,2337,-460
164,-12928,10580,-1641,1499,-1687
-1412,-14008,10468,-3459,-2873,-3389
-540,-14380,9304,-3432,-5665,-2844
1452,-14608,9048,-3235,-3845,-1496
2036,-14556,7996,-1658,-2676,854
2636,-13900,9504,-215,-954,78
4472,-12648,8892,965,2132,674
6852,-12308,8528,587,4098,344
3304,-12372,9840,-675,5275,-663
132,-14080,17460,-2998,1550,-1574
7408,-11484,8356,-328,4772,4511
2564,-10808,10928,-570,5812,1035
972,-8616,12392,-1840,23633,-3791
2792,-10288,11804,-3934,9386,1872
-4716,-8660,18192,-2375,13967,-1476
32,-10848,11892,-3241,4048,481
-1516,-10792,12292,-3351,2789,643
-1296,-10704,11428,-213,1629,402
-1008,-13948,12300,408,623,556
-2192,-14528,13912,3495,-61,1436
-2376,-13236,13564,8997,2963,2922
6496,-14804,14404,24054,-5746,4879
-6904,-11148,13112,20979,-3468,304
-4832,-10868,15280,12427,-8661,6209
-1176,-7832,11652,7445,-7428,4561
-704,-7472,13304,4532,-7490,1741
-1360,-7724,14388,2409,-7471,960
168,-6552,13792,4716,-6544,2185
932,-7336,15692,8323,-2512,470
808,-4448,10388,14826,-4687,5978
1248,-3200,9200,1541,1501,2029
340,-4964,15004,-420,4110,3299
