616,15324,4672,-177,266,-350
284,15812,4788,-287,-62,-344
376,15400,4536,-370,111,-322
100,15524,4836,-488,81,210
232,15400,5172,-434,333,209
880,14956,4980,-419,-133,-182
456,15680,5156,-33,-325,-500
28,15536,4632,471,-409,-16
-16,16036,4780,818,-820,472
-748,16348,5992,273,-1903,1253
-8,17080,7536,-2649,-4358,748
1672,14368,4296,-6338,-9758,2372
-956,16484,8820,-13987,-14905,-7529
984,15052,9492,-12751,-1890,-1201
2004,12192,9140,-8458,-5984,1027
2212,10840,10316,-14753,-7538,1092
3376,9700,6732,-3841,-1624,-303
3028,13768,10128,450,-833,423
1216,13284,9184,-4020,-2503,1238
1308,11448,5364,-2208,-796,-560
-992,11520,7952,3298,254,-4733
1868,15992,5824,1920,2713,-4671
704,16420,6436,3951,-4160,-4631
2204,15040,3464,9683,393,-2797
-76,15856,5676,6755,2144,-3520
-880,32767,20148,5552,9509,-5228
-488,18168,6748,5956,7512,1171
-4420,17928,8940,5863,4093,3223
-3032,14952,5552,5561,4536,4284
-7476,12780,7552,1900,4458,-4805
-7556,12216,1592,-2034,10282,-3409
-3712,16080,5688,-3536,935,-2732
3284,19924,6924,-7316,-569,2469
1712,18668,15364,-5338,561,1108
3328,14916,8316,-2848,-468,2082
6944,14936,7556,-960,-1517,162
4832,13604,8216,-633,-1832,-46
6224,15216,9404,464,-665,-628
2196,13088,8672,1390,-1024,-1162
1240,13624,6868,2598,-679,-5697
-4,14364,6032,3611,-2568,-6708
-1556,14972,5968,2768,-3609,-5462
-980,14532,4960,2609,572,-8230
-1524,15984,5080,1786,-1022,-5913
-340,16932,4784,3511,-729,-353
88,16044,4664,2678,-552,2130
-1320,14692,3884,1373,1716,2856
-528,14848,2580,301,4476,1390
-1976,16144,3164,153,4368,513
-3544,16296,3872,-333,3838,1182
-132,17612,2320,182,5630,3520
-2840,15392,3872,-1023,4149,4189
-1768,14308,5128,-859,3859,803
-760,14896,4628,2371,1814,1273
-1520,15664,5196,4676,3144,50
-1896,15180,5796,3193,1082,-1204
-3112,14740,6384,2897,-177,-1003
-2756,14704,5576,3616,625,-1296
-2584,14280,4892,3065,608,-1239
-2464,15344,4828,1443,601,-733
-2440,14832,4124,924,685,-346
-2168,15916,4244,-483,-250,91
-1988,15684,3904,-677,-1501,1992
-352,16356,3000,97,-793,804
-632,15840,2812,226,-929,-194
-1180,16208,2764,-384,-1516,-825
-996,16096,1984,-931,-451,-481
-1508,15784,2932,-1481,-270,353
-1084,16128,3120,-1565,-567,955
