788,-10032,12724,-746,75,-614
148,-10204,12596,-715,-34,-701
1004,-10164,12436,-845,-128,-431
768,-10144,12508,-810,-9,-408
844,-10020,12388,-753,-224,-196
736,-10296,12200,-369,394,252
440,-10312,12264,-459,236,115
740,-10184,12572,-375,92,116
740,-10132,12440,-356,-9,64
788,-10000,12456,-234,-76,110
640,-9984,12548,-204,-134,280
996,-10108,12488,-309,121,697
1252,-10032,12408,-426,401,1543
1096,-9988,12336,-626,1434,2510
480,-10280,12548,-940,2421,2906
420,-10848,12376,-767,2404,1403
5228,-14792,12204,-2025,3305,-7165
-2324,-11420,12912,-2825,3885,-3920
1648,-9660,11208,-2358,4180,-3266
-64,-10480,11780,-2734,4775,-5879
-712,-11180,10892,-2172,5651,-4168
-2680,-11780,14628,-948,1358,-3500
-5988,-11220,13552,420,-1361,-209
-4464,-11760,12464,2807,-4662,-5778
2480,-11308,9560,2772,-9005,-4766
-2940,-13240,10112,-1263,-1352,7704
1332,-11220,10856,-1506,-2412,11793
1176,-11680,11540,1070,-4732,2989
-436,-11404,10760,135,-2914,3694
768,-12596,13168,-3607,163,4171
944,-11660,10396,-4265,908,2131
648,-11888,12892,-4321,1645,-180
1924,-10948,12084,-4401,4030,864
2704,-10228,11224,-2186,3733,-185
2228,-11860,12184,-169,2417,-753
204,-9228,13080,647,-453,-893
12,-9084,13200,1633,1142,-417
28,-10144,12496,2194,209,-385
-352,-10844,12108,59,719,-38
-448,-11152,11900,-1644,847,32
-600,-11312,11640,-2356,638,-431
