764,-11116,11680,-442,139,-194
740,-11216,11620,-381,107,-219
692,-11200,11652,-409,91,-380
876,-11140,11796,-459,162,-308
908,-11100,11824,-379,29,-142
752,-11160,11640,-279,46,-39
656,-11144,11844,-271,145,-107
856,-11020,11904,-325,-20,-253
688,-11160,11700,-258,49,-224
864,-11072,11840,-257,61,-196
840,-11112,11932,-385,20,-223
800,-10972,11880,-584,-40,-239
636,-11172,11628,-676,84,-166
1000,-11108,11964,-1038,17,-313
928,-11124,11800,-1478,-85,-282
740,-11212,11748,-1642,-216,-196
736,-11268,11704,-1114,-77,-275
624,-11416,11396,-489,15,-362
924,-11448,11324,208,22,-708
800,-11316,11684,774,-166,-1162
732,-11416,11548,1288,-22,-1413
1072,-11088,11780,1450,-326,-1538
1400,-10608,11940,1174,-665,-1606
1432,-10744,11580,740,-279,-1344
1696,-10512,11908,241,-39,-342
1740,-10664,11992,-272,198,57
1196,-10840,12124,-586,-77,-44
1164,-10760,12132,-679,-51,-237
2080,-10720,11816,-643,195,379
1448,-10860,11864,-471,1347,1603
2488,-10796,11508,-606,3792,3730
1396,-11484,11876,-1561,6357,4250
-14736,-14484,24508,-2786,10902,-4826
5620,-12784,8860,-6723,5963,-9186
-1580,-10828,10764,-6094,7224,-6331
-5760,-9492,13516,-2123,3744,-1670
-8912,-9732,12124,1997,-1093,323
-3156,-11820,11416,4538,-4215,-5078
776,-11432,10456,3233,-11172,-6406
-284,-12860,8920,-1883,-4183,791
-1396,-12736,11052,-6200,-2100,9241
3948,-12668,4700,-4952,-858,4495
1900,-13528,12324,-3576,-175,-93
592,-11228,10904,-8443,85,3447
3100,-11572,9552,-8532,495,4060
3844,-11760,9664,-3520,1147,258
2696,-10576,11776,-1065,266,-1579
3156,-11872,11160,394,648,-1567
1508,-12744,9964,475,1221,-804
