-1552,15876,4004,-229,31,-82
-1524,16068,3384,104,-346,214
-420,15036,2868,585,-210,-108
-1116,15980,3268,1354,-300,-445
-1452,16004,3112,1632,-471,-499
-1444,15800,3080,1868,-668,-693
-1784,16120,3764,1363,-1757,-247
-2120,17944,4304,535,-749,-161
-3476,17216,5204,-789,630,141
-6436,18628,8484,-2730,-1270,2182
-576,23300,10924,-4029,-7610,8758
6208,16692,3864,-18489,-20564,4280
1316,14768,7720,-15136,-10017,7623
188,12312,6832,-15727,-13165,5969
5120,13308,5656,-11354,-6127,1491
1400,12568,7976,-4096,-2491,539
5152,11572,5572,-5936,-901,-811
2924,3100,12316,-1397,-586,-11453
4448,15828,4440,3783,-4582,-6757
2352,15036,4680,-3749,-5023,-8217
204,12224,1468,-4252,5861,-4600
72,14312,3292,7287,7563,-2586
-2536,13652,4496,8481,4836,-2317
-3572,7348,-3344,21031,8011,-8463
-7072,20308,9256,-311,5852,351
-4360,14780,7332,2689,1734,-1901
-7296,13912,7192,5298,-74,-8636
-11912,14864,8620,2420,-3793,-8019
-7452,13212,-544,-3698,-9585,-862
-6432,11708,3516,-3899,16633,20
-2316,12172,2212,-1223,10132,2047
11200,19840,2964,-494,86,2321
8712,17684,7304,3842,-1358,-791
11804,18468,5664,2199,135,3193
5008,10860,3080,1783,-2382,-5620
1596,18500,5024,2304,-2914,-12037
284,22180,3452,-196,-8250,935
-1752,17284,1352,-1380,-4908,10109
-2908,14048,-560,323,2275,6760
-5056,17880,2760,277,9690,5143
-7332,16648,5616,98,9047,8973
-1960,14944,1672,-809,10933,3807
-1808,14940,2052,-60,14107,-1823
-4840,19896,5332,4102,12722,1462
-4712,15404,4856,6538,9415,5527
-2756,12900,2560,6060,3744,4696
-3452,15436,5988,1029,2459,3273
-1704,14900,4032,-642,2189,2703
-2000,16272,4852,441,2999,2991
-1472,15616,5748,178,2860,2336
-1200,15260,5224,-964,1697,1771
-1744,14288,5512,-1907,1114,1923
-280,17128,5004,-4594,-1600,2003
-656,15880,4508,-1604,-348,1721
-140,15848,4016,-135,67,1780
