1540,-9828,12680,-550,-32,62
1788,-9752,12648,-209,81,24
1628,-9776,12800,-38,260,-177
1744,-9764,12772,-41,128,-233
1568,-9748,12608,20,258,-160
1512,-9724,12900,40,235,-218
1344,-9724,12696,101,79,-264
1772,-9540,12904,-51,164,-183
1648,-9688,12848,-139,59,-263
1720,-9580,12880,-346,6,-310
1524,-9692,12900,-519,-143,-262
1712,-9556,12892,-547,-249,-96
1408,-9616,13008,-353,-822,-51
1556,-9624,12960,-215,-944,42
1660,-9624,12652,-47,-1044,-4
2148,-9608,12800,112,-1029,629
2776,-9616,12520,3,418,1863
3244,-9752,12260,-159,4008,3371
3480,-12136,13020,-930,6436,2445
5664,-12300,12568,-4708,4588,-10043
-1360,-10276,11144,-6888,9164,-10493
-1848,-8760,15072,-7189,4645,-5655
-7440,-10052,13312,-1662,314,-1974
-5888,-10780,13472,1909,-6303,-244
-3524,-10480,11884,1974,-7552,966
-3488,-12504,12260,1307,-6589,11265
1372,-13320,11620,-2389,-6022,13410
4824,-12480,8408,-4545,-5581,8575
3708,-12128,9440,-8424,-4063,8360
4292,-11972,10764,-9637,-2269,6860
3692,-12052,11660,-7924,-2036,4064
3100,-11780,10224,-4266,171,2105
3256,-12028,10684,-2088,958,-691
1544,-11496,11960,1784,2646,-1727
872,-12452,10320,998,1052,-979
1036,-12456,10212,573,1583,7
8,-12656,10176,274,2451,-151
-492,-12732,10508,-43,1404,-894
308,-12664,10052,-294,412,-1335
648,-12364,10068,-553,780,-1029
288,-12156,10356,-334,483,-723
