612,-9548,13208,-212,248,-554
1272,-9628,13000,-391,306,-477
1184,-9532,12844,-524,379,-30
836,-9744,13152,-462,339,-26
788,-9552,12732,-549,34,-306
676,-9776,12812,-376,87,-332
888,-9476,12912,-441,77,25
772,-9568,12932,-514,197,116
992,-9716,13180,-487,-396,-141
892,-9644,12752,-561,-130,159
800,-9644,12928,-402,49,279
592,-9712,12704,-277,-5,115
1012,-9712,12836,-125,-264,25
904,-9704,12840,-196,-193,5
1212,-9500,12832,-400,-216,216
1180,-9620,12828,-324,-211,631
1620,-9332,12980,-543,645,1249
1824,-9576,12756,-754,2317,2837
1424,-9936,11936,-1044,4220,4049
-256,-10228,11796,-1033,4830,2837
-13720,-5652,18976,-2510,-2756,-7355
1084,-11140,12376,-3714,5069,-7754
3400,-11136,11372,-1937,4212,-4593
-796,-7924,10676,-1974,4007,-5189
-4872,-11432,13632,-1764,2776,-4183
-6448,-7964,11384,1395,313,281
-4760,-11492,12800,3636,-5410,-6094
632,-10844,8684,2134,-11024,-4109
-184,-11956,11640,-2824,-3934,9749
3476,-12392,10592,-1897,-2448,9325
408,-10724,10536,-2152,-5434,5166
2128,-11852,11400,-5088,-1911,7331
1764,-11440,13148,-4821,-2378,5640
1940,-10484,8448,-4680,381,3350
1812,-11280,11384,-6070,2076,2567
2348,-9932,11380,-5985,2801,1443
2972,-11736,12708,-4071,2782,-200
704,-11224,12428,-1388,1574,-1040
452,-10648,12672,1266,572,-1587
184,-11744,11380,-159,755,-370
