-2164,15348,3920,-487,57,-69
-2400,15588,4132,-397,80,-228
-2588,15580,4044,-431,-51,-281
-2484,15520,4168,-138,9,-434
-2820,15408,5008,94,-199,-289
-2584,15716,4588,471,-436,-497
-3788,16644,5632,822,-1137,92
-6988,18768,10248,-5520,-8499,1730
-2572,21204,9620,-5926,-8085,11885
-2016,12772,7892,-10670,-15148,9222
5484,16440,7872,-16517,-9846,9400
-112,12180,8572,-19000,-10072,9694
3256,11716,8356,-13284,-8572,6300
6100,11772,9096,-17240,-6596,8649
3996,6112,5840,-7941,-810,3395
2768,8828,7972,4808,-108,-2798
2688,11236,8000,2352,1412,-1140
-180,10700,5168,1672,-2337,-9371
1360,12972,4892,8524,-1847,-12312
328,15076,6868,8216,3432,-8835
-2628,12968,6476,9070,3769,-9878
-2348,14800,3116,14980,4358,-16657
-12764,22712,7776,-9152,13276,3194
-8240,14256,5348,1832,-2426,-5034
-11696,12672,9184,1254,5778,-15067
-1856,15236,2940,940,-303,890
-904,12184,6428,-94,919,659
2584,18572,6956,-834,2178,1352
5832,18964,8560,1292,-6833,2451
7056,13776,3668,2852,-2852,-1884
8208,14276,8272,-29,2656,-1725
3740,13348,3940,700,2653,-10366
-1268,20240,4736,2585,-1665,-5623
816,17572,3380,1961,-3350,5328
1400,15484,192,603,1257,5131
-5636,15840,2880,-566,5442,2432
-5612,14388,2304,-352,10058,2196
-5744,14592,2572,354,9682,2517
-4424,14304,2956,2200,11525,161
-4880,15312,3804,3232,10610,-1844
-5240,16944,4288,5013,8343,-644
-5144,14412,4452,3003,2000,1625
-4560,14700,3804,2288,1826,2870
-4360,15688,5288,1538,2028,2357
-5052,14580,5412,2156,3172,2516
-4388,14904,5424,2126,2949,3679
-3312,13892,5400,87,970,3478
-3468,13552,5664,-1980,-264,1273
-2388,15412,5124,-2995,-894,1081
-1496,15700,3848,-1240,-2009,203
-2120,15896,3668,286,-1272,-330
-2316,15884,3232,728,-1741,588
-1240,15876,3100,796,-1981,746
-1644,15664,3100,398,-1719,-10
-1776,15808,2476,-120,-1231,-1100
-2224,16128,2984,-390,-320,-1512
-3024,16280,3276,-529,-191,-167
-2476,15932,2620,-605,-87,1391
-2100,15828,2880,-976,-201,1410
-764,15356,2672,-1027,-174,547
-1792,15652,3176,-924,171,-657
-1640,15932,3680,-1026,-456,-728
-2160,15732,3288,-841,28,-197
-2268,15744,3472,-633,182,477
-1428,15456,3304,-447,234,566
-1628,15736,3232,-352,335,742
-1456,15712,2964,-211,-75,898
-1124,15636,3792,-129,131,798
-1164,15548,2476,-226,-172,530
-1168,15572,3208,-169,-222,-22
-1184,15696,3612,-360,-90,-568
-1420,15592,3356,-455,-804,-692
-1488,15844,3328,-151,-81,-754
-1724,16084,3556,-17,201,-217
-1564,15616,3576,9,-69,268
-1404,15680,3060,-143,280,265
-1468,15676,3384,-128,253,335
-1576,16152,3256,-201,-83,271
-1444,15676,3168,-209,196,-115
