3596,-5968,12632,-76,353,1954
1472,-6532,13420,-3811,266,-2478
720,-7524,16668,-931,-1356,-887
-500,-7280,15288,-3043,-275,-2501
-236,-4888,13176,819,-5418,172
1472,-5296,15040,3519,-8872,6136
4696,-3416,12196,-4961,-939,1054
4668,-3236,12736,-4240,-5867,3808
6928,-4748,10856,-8054,-6255,8060
4728,-9252,11528,-15036,-10824,-3338
2936,-12752,13648,-23521,-2704,-5612
-2140,-11612,14368,-6702,-5295,8548
6192,-13104,9744,1810,-13633,14465
4460,-15372,13584,7874,-4888,8229
-2584,-7680,7464,4551,-49,14559
3288,-10392,3040,-12046,-2671,16424
-1784,-20428,19628,-5090,7794,7712
16252,-20660,6764,-9894,-7816,-3367
6284,-14620,7084,-14839,9267,-9053
8056,-13872,4448,-9457,9044,-16104
7256,-15312,3128,362,20031,-20731
1908,-15932,7432,5632,22455,-18434
712,-16540,8024,510,13417,-8806
-4452,-14916,7936,-2506,11974,-6656
-1948,-14504,9264,-4172,8678,-6924
-3940,-14072,8800,-3481,3917,-6043
-1524,-13804,8380,905,633,-313
-1124,-14752,9668,-1054,4596,-2221
-3068,-16340,9172,-5784,119,-609
-3632,-15736,6316,-4337,-4759,1392
636,-14996,5828,-4137,-2256,6245
5980,-14708,3992,-987,-3363,5950
2020,-15580,5784,-25,-1298,2806
3280,-14332,8184,284,-4699,493
3980,-16552,8024,843,6965,-1164
4584,-15388,5860,1182,12390,1180
2332,-11892,8832,870,13138,2408
-648,-11396,11748,-248,18243,1616
496,-15140,11020,-685,7675,1705
256,-14112,10788,-3979,15265,-961
-2436,-13208,12932,-3962,9748,-422
-2864,-14436,11304,-3392,7922,-1096
-2116,-13840,6948,-2575,7877,-1827
-2448,-15216,9236,3260,4297,-2232
-5796,-16876,13620,20092,-5385,3844
-1428,-13256,7284,16435,-9119,2229
-1716,-13096,10928,13088,-10405,1938
-3908,-15272,13000,19256,-15930,1041
1144,-7204,8816,12900,-11981,-3798
-188,-8784,15452,12925,-6588,1228
-824,-7160,10504,15074,-10530,-1186
2488,-5512,9336,2252,-7547,-1207
964,-8560,16984,4404,-7562,2686
