-1456,-12520,10228,36,41,-404
-1300,-12316,10224,-87,132,-233
-1656,-12728,10292,-28,193,-192
-1360,-12432,10444,-118,164,-351
-1244,-12384,10476,-243,54,-311
-1468,-12380,10264,-374,-24,-367
-1320,-12220,10208,-410,-103,-330
-1232,-12400,10504,-288,-141,-298
-1308,-12120,10252,-466,-44,-285
-1440,-12320,10380,-237,-246,-411
-1476,-12396,10272,-166,-117,-318
-1316,-12312,10424,-262,-296,-538
-1116,-12320,10376,-438,-291,-389
-956,-12356,10316,-279,48,-144
-1140,-12220,10448,-520,924,596
-1308,-12328,10448,-412,1586,1004
-1748,-12580,10548,-932,888,1421
-1780,-12520,10344,-2397,616,1482
-1724,-13112,10556,-2912,1071,1996
380,-12572,8776,-1382,4504,677
-708,-15348,3708,-5455,10220,349
-760,-14072,12976,-2009,5438,-2342
-84,-9596,6100,-1852,4919,-2231
-2520,-15960,10264,-2930,2109,-3691
-2128,-16668,13072,-2434,3387,-3353
-5512,-18172,13316,-2351,3340,-2020
-3016,-12396,7084,-3288,-4015,836
-2380,-13564,8648,-114,-449,-1402
-2208,-13384,9016,80,-204,-291
-2276,-13412,9088,307,71,-543
-2324,-13204,9152,297,-332,-851
-2232,-13104,9084,175,52,-484
-2208,-13372,9332,118,-21,-759
-1964,-13356,8920,325,-61,-697
-1916,-13120,9052,500,-236,-1023
-2296,-13616,8936,1168,-403,-1482
-1840,-13088,9348,1253,-439,-1178
-1516,-13032,9460,2093,-888,-1407
-1924,-13360,9640,3139,-1341,-2057
244,-12420,8640,4806,-700,-2104
-1332,-12356,10352,4131,-93,-1722
1620,-11900,4668,957,3698,-2694
-872,-9016,9544,-201,1319,-1901
-128,-13236,9816,-604,1389,27
-1596,-9260,7820,-312,614,-2480
-1052,-12940,10356,565,1635,-2623
-2060,-11560,9884,-545,1751,-2616
-348,-14924,9472,214,3223,-665
-2228,-13128,11052,255,2042,-961
-1832,-12256,10724,-358,1425,-1314
-1740,-12108,11840,-76,859,-387
-1276,-11824,10696,-1701,511,927
-1164,-10592,10084,-471,354,1246
-1532,-10300,13352,-1697,-380,376
-1772,-9520,12544,135,-109,426
-1772,-9552,13696,-439,-613,-637
-2284,-12468,11088,-2126,-345,-1197
-1528,-12332,10352,-941,353,-261
-1552,-12260,10444,-618,729,125
-1512,-12240,10536,-368,-141,-465
-1432,-12088,10480,-420,233,-73
-1388,-12108,10528,-671,573,224
-2044,-12228,10448,-433,-117,-308
-1700,-12028,10640,-551,589,261
-1968,-12224,10556,-585,-103,-201
-1524,-12112,10320,-637,275,-225
-1644,-12148,10400,-465,145,-247
-1732,-12384,10252,-170,107,-50
-1680,-12160,10340,-262,121,-183
-1444,-12220,10444,-230,-163,-202
-1700,-12156,10712,-609,-42,-186
-1984,-12216,10648,-903,62,-216
-1736,-12236,10524,-1036,200,-237
-1884,-12304,10488,-1190,496,-291
-1872,-12484,10236,-903,207,-172
-1544,-12460,10344,-463,97,-166
