-756,-9940,12504,-1073,-1117,1342
-560,-9972,13076,78,-4145,4602
-3868,-10688,16816,-926,-5367,4705
-2344,-10964,14516,818,-9059,5546
-1216,-9280,15896,5469,-15965,11596
4212,-5436,9544,2764,-12066,6225
4612,-6176,10640,1235,-14225,2307
4380,-4832,8504,4319,-18302,-2646
4380,-7572,8888,-2864,-7640,9800
5612,-14128,15400,-2192,-6816,11313
3080,-13776,15076,2248,-8820,8031
-540,-10652,10520,60,-10056,5815
4224,-11584,10536,121,-9757,8376
700,-10568,11964,-258,-4575,8918
2288,-10060,6188,-4186,-1003,13310
4196,-11092,3632,-18029,-4580,4699
32767,-24032,-19344,-3455,32767,7493
8988,-17004,6160,-5138,-5371,5192
11552,-16828,4664,-8771,11150,-11441
8752,-14008,4820,-9682,16851,-19027
5276,-13104,7780,-329,22003,-15610
7960,-15572,4372,-271,22518,-22097
-1132,-14740,7436,-4954,16581,-18342
-5520,-14988,9488,1547,9393,-7234
-8960,-15304,11144,1640,8979,5181
-4992,-15000,8080,823,6042,4522
-2236,-15060,8944,289,5288,-4587
-4760,-16316,10104,-4753,-1599,-4809
-3516,-15160,6156,-4301,-1378,7118
596,-15248,5596,-12,-4100,11230
4052,-15836,7428,-825,-4051,7438
6572,-13668,6052,2191,-4044,-1089
3896,-14576,8404,-715,2601,-886
1480,-14556,9200,-5767,7981,1720
1476,-13220,10780,-5345,5607,1585
4248,-12504,7856,-1572,7489,212
668,-14148,8984,-909,10184,-1986
-152,-13520,9700,-1078,11468,-2455
-1144,-13920,10144,-2739,8793,-3404
-2492,-13128,11664,-5763,7870,-3975
-752,-13804,10512,-6909,9554,-3292
-2520,-12660,11652,-7440,6763,-635
-2036,-10616,12552,-2082,2707,1621
-484,-16276,5360,330,270,3535
-4556,-16000,9944,-1016,922,-579
-7028,-16632,16056,13885,-9083,10976
4028,-14160,3864,17347,-14469,3638
-4524,-13412,9472,11600,-9536,-2074
