-2044,-12868,9508,-10,348,222
-2296,-12748,9748,-30,464,140
-2076,-12724,9680,-561,295,91
-2116,-12960,9680,-484,423,105
-2464,-12760,9696,-179,-23,-355
-2024,-12656,9936,15,22,-335
-2344,-12784,9840,120,172,-267
-1412,-13872,9892,1861,-123,-1435
-2092,-12548,9812,153,188,-66
-2384,-12768,9840,-84,-43,-204
-1896,-12432,9908,-254,-407,-81
-2288,-12556,9868,-1163,499,517
-2244,-12672,9940,-452,122,147
-2188,-12380,10120,-81,137,463
-2212,-12404,9916,-133,351,1289
-2480,-12740,10592,-614,115,1275
-2356,-12648,10448,-1691,-49,1678
-2424,-12904,9760,-1880,-167,1456
-2432,-12884,9480,-1578,6,1169
-3112,-12852,9972,-826,874,1373
-1820,-12404,8576,141,91,1017
-8436,-8588,12440,-1199,-13182,-1168
-6924,-14880,15600,-2149,1339,-1065
-2488,-12440,10344,-782,1407,-802
-3272,-16840,13832,-1036,-60,-2350
-1584,-11312,7912,-1270,752,-2272
-2156,-12160,8448,-827,1009,-2322
-3068,-10884,6208,-1132,2886,-2041
-2700,-13492,10532,-1331,2012,-2457
-3056,-13072,10072,-1326,1703,-1893
-5068,-10804,8444,-434,1657,341
-2368,-12556,8060,679,-1977,1633
-2564,-13176,9516,1038,-1085,-2388
-2312,-13208,9808,-776,-461,-3001
-2328,-12988,9412,-2519,-343,-2109
-1996,-13428,9212,-1910,-1641,-2200
-1484,-13152,8596,-244,-2496,-2852
-1560,-13524,9192,1766,-2743,-3901
-904,-13548,9204,2524,-4206,-3622
-496,-11396,6676,1213,-1898,-863
-1376,-9276,7856,-568,-117,223
-1188,-10184,8784,384,-480,-968
-1376,-15192,12788,381,706,-1672
-1724,-11368,5376,-1277,2249,-789
-1016,-12712,7684,2908,-221,-425
-616,-14576,11292,4562,-1798,-446
-1352,-11916,7848,2245,546,820
-748,-11828,7916,355,-440,-218
20,-13168,13684,-83,63,-278
-1328,-10416,9660,-2002,52,219
-1032,-13904,9860,-169,1153,736
-840,-11196,8532,330,848,581
-136,-11372,7476,-1157,1699,442
-1612,-12052,11408,-1506,1036,-739
-1508,-13036,10664,-1239,541,-1094
-872,-12516,7300,-2196,972,-233
-1164,-13816,9944,-1359,1397,-135
-1908,-12672,13276,-145,399,-348
-476,-10996,12528,513,523,-533
-1232,-10904,11972,688,331,48
-300,-11256,9104,3968,-311,150
-1008,-12040,10420,-1000,1243,575
-1892,-12564,10264,-3136,1204,554
-2128,-12776,9952,-3644,16,-1038
-2300,-13564,8932,-3541,-225,-1183
-1544,-13140,9376,-2656,-404,-1055
-1236,-13144,9340,-2179,-348,-738
