-780,-13104,9684,-424,-111,70
-1028,-13148,9464,-535,311,-33
-1120,-13320,9460,-481,5,-273
-824,-13280,9492,-502,39,-402
-968,-13236,9392,-493,232,-197
-864,-13144,9140,-399,130,-158
-1092,-13228,9416,-347,103,-194
-964,-13152,9416,-405,130,-146
-1000,-13300,9444,-396,111,-22
-1008,-13248,9428,-252,47,45
-940,-13264,9752,-203,-17,193
-844,-13232,9344,11,168,402
-1092,-13184,9396,-249,142,353
-876,-13236,9512,-30,491,927
-1416,-13148,9580,188,378,1516
-1156,-12720,9432,258,1088,2462
7420,5616,-5812,-1678,12133,-715
-964,-11820,8324,-1793,2748,-4326
1096,-22880,14792,-1958,1011,-4996
7224,-12800,4680,-592,2703,-4242
-7404,-10592,5256,-1357,6353,-1086
212,-19840,15900,-196,-766,-3600
-716,-18452,16008,4,1798,-2269
-932,-700,-312,1133,4365,663
-15040,-5532,3520,-1800,5946,2976
-4164,-11844,7544,1024,2163,-1365
-3680,-12348,10116,1735,-830,-1330
-1180,-13676,10228,986,-5694,-6637
1148,-12584,8404,754,-6964,-7788
816,-13160,9072,268,-5109,-5249
-1904,-15080,8620,-3119,-1177,1562
716,-13640,9128,-3045,-442,2775
-140,-16160,10896,-542,58,-135
-1616,-16208,8896,-3221,-804,1785
1212,-19140,12696,-7919,-1548,6649
4420,-20752,8784,-3612,737,7092
-3692,-13424,8928,-2497,-1647,3530
7212,-11712,12804,-2552,-2224,1435
7016,-16692,5808,-1193,-273,2402
16608,-29028,20712,3195,2809,-4580
11612,-22168,7756,87,1478,-2488
5220,-23076,10684,1193,1252,-1140
6164,-10500,5472,1812,-17,-1314
-924,-13992,8756,-232,1425,866
-884,-14144,7848,-697,989,1290
-1504,-14252,8000,-887,635,273
-1168,-14168,7860,-923,110,-821
-1024,-14168,8080,-875,-92,-786
-776,-14164,7660,-909,131,-31
-1000,-14092,7720,-780,308,391
-952,-14192,7756,-553,356,477
