-6976,-12576,7152,-383,16,-373
-7040,-12660,6848,-269,237,-297
-6804,-12832,7100,-263,129,-219
-6988,-12740,7108,-361,201,157
-6960,-12764,7168,-343,-303,52
-6568,-13024,7568,-29,-1071,8
-6568,-13012,8204,207,-2668,423
7656,-23428,7852,-538,-2651,-7442
-3324,-15192,8992,1744,-4871,-7558
-4136,-13128,6964,1495,-6287,-8132
-6192,-11340,6744,-1282,-3952,-3723
-7884,-11688,5348,-2061,-1176,123
-7828,-13032,6744,-862,-1482,-665
-8244,-11644,6168,-808,315,-2
-6836,-12740,6064,-1223,571,-508
-6732,-14520,6272,-2956,2646,769
-6532,-15556,3588,-7245,5584,1298
-5584,-15940,4044,-11802,8764,34
-5436,-16096,2808,-16044,11553,-5149
-4856,-13520,5212,-17263,4795,-2440
-3512,-12780,6572,-11817,2496,1505
-3796,-14572,8260,293,1316,-2303
-6400,-15460,4440,1774,-1074,-2425
-5140,-14856,3332,-1214,352,626
-5296,-15120,2588,-1187,-857,410
-5752,-15132,1656,-1422,-870,24
-5484,-15432,2044,-1052,-640,-415
-5156,-15424,2276,-298,-242,-491
-4992,-15076,2256,23,227,10
-5304,-15068,2068,-377,21,148
