1228,-9404,13172,-609,740,-147
996,-9520,13220,-939,385,-27
644,-9636,12804,-1073,466,25
1024,-9684,12964,-900,-12,-311
1376,-9536,12892,-1019,214,-431
936,-9632,13072,-1242,190,-614
1180,-9696,12836,-1433,-151,-529
1228,-9728,12984,-1633,41,-226
1336,-9696,12464,-1511,-21,-15
1280,-9980,12496,-1342,-276,41
1292,-9868,12636,-1263,-355,-31
1168,-10060,12748,-1061,-680,153
1364,-10012,12596,-694,-648,516
1164,-10144,12356,-294,-45,537
1320,-10084,12688,-112,14,555
1492,-10020,12752,-320,947,1100
1744,-9848,12976,-561,1597,2073
2276,-9844,12228,-410,2994,3847
1064,-11376,12152,-13,5593,3510
100,-10564,12980,-3251,-106,-6984
3224,-11064,10916,-5417,8061,-10305
1240,-11612,11944,-4227,7686,-7074
-8136,-6908,12724,864,3808,-2894
-8496,-9296,12920,3056,-418,2702
-4952,-11036,13880,4851,-4270,-6264
-152,-10556,13364,3260,-12642,-7620
-3804,-11780,13848,-2681,-3756,6855
1712,-11072,12884,-3858,-4740,13414
2328,-12248,12260,-2459,-5323,7271
1396,-11048,8748,-5008,-1604,6562
2008,-12520,10508,-8779,2017,6220
1512,-12880,13488,-11561,2060,3196
2088,-10220,8040,-8006,2924,-36
1860,-10668,11508,-5823,3054,411
1092,-11540,9920,-424,4690,-2231
2356,-10976,11312,3821,17,-3685
2000,-11904,9800,2740,426,-1982
464,-12112,10980,1170,1247,713
64,-12292,10112,323,658,1413
-468,-12468,10776,-116,93,250
