1376,-10196,12344,-651,-79,-167
1452,-10276,12360,-634,-119,-317
1208,-10152,12492,-593,58,-70
1260,-10172,12464,-609,-45,25
1352,-10236,12316,-536,51,53
1560,-10344,12480,-398,-133,120
1508,-10296,12284,-197,-12,22
1512,-10244,12248,-13,-78,-219
1492,-10188,12332,33,188,-186
1536,-10060,12288,99,59,27
1300,-10164,12552,88,217,174
1536,-10092,12456,41,115,169
1332,-10052,12716,-24,33,105
1400,-10160,12448,-318,-150,19
1616,-9988,12612,-583,73,299
1876,-10100,12528,-802,696,1109
2360,-9812,12384,-859,2509,2948
1388,-10468,11844,-1028,4571,4187
3764,-13896,12560,-1643,2195,-1111
4556,-10644,10460,-3004,1191,-8679
-252,-10488,11720,-2495,5265,-4201
2352,-11056,10732,-2366,4396,-5710
-1876,-9732,12144,-3274,4263,-7484
-5896,-9504,13504,-821,2889,-3480
-6476,-10312,14000,3100,-3222,-1462
-3664,-10972,13268,3815,-11280,-5872
-5536,-10740,14292,-684,-7424,8240
476,-12036,10760,-3038,-5272,12771
3712,-12100,10764,-3718,-5775,9535
1972,-11316,10400,-3204,-4382,6821
3576,-12236,10240,-3400,-4161,6116
4416,-11532,9960,-5006,-783,4834
3316,-12208,11532,-2783,-774,946
1240,-10636,10308,-2583,-66,590
2656,-12720,12424,-2901,2218,890
1676,-10604,11372,-1481,892,-241
1804,-11196,11884,42,354,-675
3584,-10460,11860,1350,-108,-714
560,-11796,11120,659,1744,401
424,-11864,11428,-618,1157,273
496,-12124,10680,-2188,929,-614
2516,-11744,8732,-2046,-177,-1706
1288,-12080,10396,-2747,533,-658
660,-12324,10452,-2094,568,-140
764,-12352,10400,-1772,674,47
664,-12396,10312,-1393,520,48
