-780,-11804,11108,-92,-347,-133
-592,-11936,11060,-231,-516,-452
-720,-12064,10936,-259,-110,-311
-384,-11440,10820,49,-389,80
-528,-11884,11340,37,-282,37
-1152,-12636,11140,-326,393,-75
-852,-12064,11388,113,197,-238
-828,-12200,12532,-165,-320,600
-2332,-12428,12852,-376,-315,983
-792,-11368,12044,4653,-5155,-519
-1892,-8304,10048,5437,-6907,-2035
-688,-8360,10760,4804,-9068,-2410
2880,-8272,8700,233,-8614,-914
3764,-9756,8476,-12409,-8971,-4760
10248,-12092,11036,-21025,1468,611
8236,-15216,13880,-250,-450,-3125
13448,-10892,10200,2173,-2971,-11087
4180,-11116,8752,-1784,7649,-9032
-1080,-14820,8216,-3664,9355,-8870
-8364,-19052,5872,-3482,4235,-2890
-9708,-21216,4396,-6108,-2980,3093
-4272,-18372,5292,-12764,-8415,13237
6516,-11400,8912,-12523,-13611,13882
13400,-9796,17264,-6665,-4125,7057
12168,-9404,17520,3322,-3058,-1975
5688,-13088,13004,-2163,3198,2809
1328,-14664,8628,-3789,11554,-127
1756,-15928,7664,7431,4573,-6358
2248,-21348,13952,9950,5158,3732
2784,-9236,4192,12918,14524,7266
-3408,-2584,3604,14094,8224,7242
-1172,-25512,13412,-4727,18483,-8341
48,-12024,9308,318,3306,606
-1824,-10364,10132,2187,3374,91
