1300,-9648,13028,-482,253,-556
1740,-9612,12756,-486,-102,-476
1352,-9584,12956,-826,355,-203
1664,-9728,12824,-730,-41,-133
1552,-9680,12972,-801,-63,45
1360,-9712,12868,-601,-129,-21
1412,-9868,12896,-386,-295,-19
1380,-9700,12736,-256,-45,194
1368,-9788,12524,-210,131,384
1604,-9788,12580,-212,4,585
1800,-9716,12824,-141,467,1122
1544,-9664,12768,-378,1724,1875
1956,-9632,12456,-544,1940,2302
1736,-9620,12384,-878,3826,3161
1044,-10756,12840,-746,3672,596
1732,-11604,14348,-2827,3654,-7671
-488,-10236,12232,-3816,6184,-4999
2496,-13376,13500,-3014,5982,-5591
-2028,-10688,13120,-3221,6269,-6329
-4360,-8948,11464,-973,1707,-1475
-4620,-10120,12616,2237,-1718,-947
-2616,-10756,13444,1711,-10043,-6466
-3212,-11280,7396,-1671,-5142,3338
-536,-10296,9388,-2918,-3668,14269
2528,-12080,10816,-2351,-4797,9537
1636,-11396,10372,-4648,-6644,6980
4688,-11940,9344,-7859,213,8401
1860,-13360,12128,-7860,392,4683
1448,-11956,10904,-5254,2498,1748
1068,-12176,12080,-3364,4488,458
1656,-11428,9980,151,2535,-1235
904,-10736,13816,2501,1882,-2182
252,-11544,11668,2446,188,-1557
48,-11628,11044,-102,1287,256
-96,-12044,11200,-1092,1220,706
-652,-12168,11056,-1672,565,-63
-296,-12232,10788,-1438,380,-809
