304,-15212,6024,-1477,151,-1188
532,-15144,6032,-1408,318,-681
752,-15212,5512,-836,269,-261
512,-15188,5920,-455,88,-165
412,-15440,5660,-337,259,-28
164,-15244,6160,15,50,-272
448,-15260,6000,74,252,-293
368,-15340,6072,268,461,-350
252,-15424,6000,493,-289,-325
520,-14940,6152,402,-286,-115
408,-15132,6280,71,261,-54
444,-15008,6300,-163,4,-238
312,-15108,6172,-169,156,-257
300,-15108,6344,-319,178,-332
576,-15080,6220,-490,1,-207
564,-15128,6136,-628,222,-161
408,-15268,5948,-676,265,-393
452,-15180,6012,-480,61,-484
544,-15140,6024,-328,113,-407
588,-15124,6120,-221,119,-222
316,-15212,6168,-134,177,-93
496,-15100,6112,-38,-105,-270
484,-15040,6436,-385,-17,-241
560,-15052,6092,-389,144,-199
392,-15068,6196,-242,151,-268
536,-15156,6192,-66,92,-533
520,-15104,6180,-279,159,-423
432,-15028,6336,-409,229,-208
628,-15128,6284,-323,107,-179
260,-15068,6372,-376,117,-253
