1920,-10864,11892,366,-188,-612
1948,-10888,12084,-120,-99,-486
1936,-10824,12004,-595,-304,-201
2128,-10856,11720,-799,-236,151
2060,-10956,11968,-890,-341,376
1804,-11184,11148,-769,-79,597
2200,-11216,11352,-392,-63,840
2220,-11056,11232,171,304,1159
2344,-11224,11440,1045,2180,1935
1964,-11212,11456,663,4231,3390
2460,-11868,11392,269,6585,3330
5212,-14016,11436,-4306,6221,-6394
3028,-11028,9836,-6791,7464,-9774
-580,-12048,11332,-5763,7338,-7233
-1936,-11544,10524,-4946,3974,-6789
-4748,-11328,10808,-2705,4735,-4110
-4328,-12484,12384,3448,-2928,-3384
-48,-12464,8904,4884,-10232,-5109
-2632,-12984,11124,-220,-6190,6688
-496,-12796,9800,-1470,-5736,11245
3412,-12808,7076,-1743,-5587,7968
1020,-12524,11052,-3345,-6389,8165
3164,-11636,8032,-6209,-5129,8999
4632,-13088,10536,-6767,-2926,7140
4528,-12604,10792,-3473,-1569,2636
3312,-13664,13072,-2714,-335,1010
2636,-11364,12764,-1203,1438,130
668,-12640,10412,682,824,-1239
880,-12504,9928,-370,2075,-109
964,-13240,9260,-513,1217,256
-500,-13356,9348,-521,1263,-294
