568,-13208,9396,-346,80,-210
416,-13328,9340,-254,130,-170
364,-12808,9620,-31,220,-93
384,-13312,9432,-160,113,-21
424,-13304,9692,-242,65,74
404,-13204,9420,-228,328,283
680,-13204,9408,-143,718,447
756,-13288,9272,9,1096,650
640,-12976,8704,494,2470,1219
-7768,-16732,11716,-2285,3263,-137
10164,-18292,9964,143,-5610,-6875
736,-15632,6404,-2200,6189,-5628
1056,-16844,9844,-1641,6903,-4659
192,-7616,-432,110,6254,-1480
-6436,-8648,-1008,-1932,10003,2850
-13972,-5544,3384,-48,6931,-458
-1044,-14668,15068,415,-2387,-3169
260,-12648,9340,-2511,2488,-3711
-6648,-14012,13460,-159,356,-501
-1464,-12624,11808,1671,-3543,-5045
-328,-12376,8028,-1091,-5042,-5846
-3476,-14520,8692,-5451,-1248,3533
-372,-12928,6044,-5285,-136,10925
2108,-15332,10256,-1512,-802,6934
3560,-17612,14604,-3654,-2935,3742
4916,-15492,-176,-3435,246,4292
1012,-22416,16480,-935,1897,1616
5604,-24880,12212,-2235,836,1402
168,-20584,12732,-1215,-1415,3565
-1008,-10356,-324,-4167,1763,1401
-544,-6084,-5916,-2339,6461,801
10752,-29772,19060,4162,6047,-2442
1680,-13376,7432,3442,-254,-1437
-492,-14160,8276,1247,638,380
-624,-14056,8044,-544,1402,1245
-2368,-13724,8720,-1188,134,398
-1612,-14248,8104,-1245,449,-462
-1028,-14288,8100,-1173,192,-958
-940,-14216,7852,-1065,155,-479
-972,-14108,7628,-754,201,-120
-1008,-14236,7840,-546,247,75
-1132,-14208,7656,-178,217,-196
-1080,-14204,7852,92,15,-447
-1088,-14072,7860,164,423,-444
-1092,-14148,7936,-26,898,-337
-1132,-14136,7812,349,1,-407
-1256,-14084,8164,485,143,-521
-936,-14044,8032,98,216,-351
-1032,-14056,8132,24,232,-252
-1040,-13880,8312,2,115,-331
