960,-15200,6036,-234,45,-314
944,-15120,6132,-211,65,-273
976,-14760,6024,-57,-122,-252
976,-15056,6008,22,-36,-168
844,-15216,5784,67,69,-101
652,-15036,6304,111,297,-122
856,-15132,6248,-25,404,-258
964,-15084,6244,-40,509,-394
1000,-15016,6152,-68,445,-468
944,-14896,6264,-235,501,-365
776,-15036,6432,-612,236,-299
764,-15036,6580,-1191,218,-116
912,-14884,6780,-2635,-177,242
1488,-14980,6248,-5329,-1397,1113
1264,-17064,10944,4492,-3358,1491
3640,-14568,3832,8148,-4496,1277
2188,-13184,6556,3732,-2144,227
764,-14464,8072,6720,-3561,-438
1284,-13364,7416,2295,-666,-118
1332,-13532,7196,1196,-494,-291
160,-14280,9188,-274,-940,-405
316,-13160,6028,-2880,-1274,1082
584,-14688,7204,-4904,-1629,-1074
-412,-15100,7748,-4523,-2197,-1266
568,-13608,6180,-4299,-2523,1748
1636,-14912,5264,-2563,-1569,629
696,-15640,7508,-537,-3629,-184
1436,-14308,6000,-89,-2736,1021
1400,-14720,4872,169,-1793,876
808,-14668,5416,156,-2630,117
1008,-14552,2808,-1651,-874,132
752,-14660,4488,-3955,400,968
1460,-14184,4664,136,1217,1026
1392,-15172,6052,93,524,264
884,-14720,6616,-398,781,790
1180,-14972,6708,-140,206,237
1044,-14948,6712,-32,254,-131
976,-14984,6444,30,149,-273
1152,-14848,6588,-8,105,-303
1276,-14784,6680,-26,1,-163
1076,-14828,6876,19,134,86
