-616,16052,2712,-331,-79,-407
-1012,16116,2940,-321,125,-218
-996,15988,2656,-301,234,-226
-448,15936,3036,-223,174,-197
-748,15996,2864,-141,-86,-366
-1312,16260,2804,113,51,-330
-804,15828,2584,331,179,10
-536,15592,2416,982,-95,-879
-992,16184,2968,740,46,-751
-900,16424,3028,1471,-52,-207
-532,16064,3160,2133,-1352,42
-320,15588,2424,3119,-2634,-548
-260,16784,2356,4443,-2611,-1590
-1180,16340,1560,5675,-1628,-2678
-2480,17456,676,6322,-500,-1245
-2460,17828,2708,4084,-729,659
-552,21188,2836,-2047,-2883,1068
-2812,19932,5180,-6191,1809,2621
1936,16152,3184,-19678,340,6334
-1084,12620,4240,-25181,-2808,6264
1252,11696,2596,-17436,-3852,2304
3084,16028,7780,-9555,-608,5758
-848,10508,4124,-8914,-4375,5249
2500,11716,3212,-7355,-4802,-886
2376,17712,8416,-207,1197,42
2992,13388,3380,-9,1523,2204
-1324,10248,8024,2790,-2700,-7385
-732,14868,4596,7136,501,-6403
-572,15264,3732,10041,2040,-3734
-2432,12396,1948,14627,1680,-4841
-3328,32767,3992,991,8835,11032
-16020,3896,-16,1054,8895,-2200
-8964,13420,5012,-3644,7545,-6797
864,19628,9352,669,-549,-7997
5888,20888,2636,-5193,438,3725
-672,13740,948,-6573,8086,1006
1560,20764,12844,-227,-538,-1889
6952,16608,924,-2686,-5104,4785
212,13992,7140,158,-2184,-1640
6564,14244,2232,8,1836,-4347
1064,17792,11700,-378,1430,3288
2032,13696,5764,374,1104,-528
1332,14036,4760,1394,1186,-6343
-1732,15068,4812,2415,-1853,-8888
-2344,15364,2348,2056,-1584,-8337
-1376,20504,2112,4000,2166,-2286
-480,17276,772,4947,1349,7318
-1276,14524,924,3828,3664,5961
-696,15132,-36,1982,6847,-583
-1056,17020,504,654,4125,-1075
-1224,16840,-500,-3,3038,699
-3408,15480,2564,-1874,5221,-1819
-2968,16620,3028,210,4010,239
-4524,16404,4140,815,2359,2645
-2124,14908,2048,277,1353,2480
-2288,15172,3180,-450,833,813
-2384,14772,4016,85,1241,1468
-3120,15692,4272,1154,904,732
-2364,15888,4352,657,935,318
-2920,15224,4448,-667,27,256
-3300,14876,4444,-1965,47,-189
-2636,16172,4244,-2133,899,-63
-1808,15752,3316,-125,-1453,1478
-988,15376,2912,1833,-460,325
-436,15372,2892,2521,-672,-1135
-1332,16060,1624,2251,-1088,-1797
-2596,16016,1752,1558,-661,-1574
-2644,16292,1700,1129,641,-661
-2404,16296,1484,261,-181,67
-1308,15796,1308,-135,-539,89
-1744,16056,1856,-445,-190,-221
-1720,16500,1480,-821,-648,-160
-1684,16184,1468,-934,-253,-75
-2112,15752,1884,-932,-423,284
-1984,15900,2180,-969,-506,50
-1936,16268,1716,-668,-33,-465
