748,-10316,12184,-515,400,-322
1044,-10392,12504,-511,64,-810
920,-10388,12516,-623,95,-524
1356,-10452,12328,-635,222,26
1056,-10456,12496,-432,284,229
764,-10512,12216,-210,123,85
872,-10404,12536,-120,26,-15
1056,-10392,12212,-120,54,-82
888,-10328,12416,20,13,59
960,-10168,12248,56,146,126
920,-10400,12416,169,9,55
808,-10400,12592,113,113,9
788,-10260,12636,71,-149,-93
968,-10144,12460,-181,-123,-151
1164,-10152,12316,-370,-4,118
1092,-10256,12628,-310,46,415
1544,-10264,12424,-305,726,958
2192,-10420,11860,-247,2599,2560
1028,-10452,12160,-484,4477,4382
3044,-11976,11832,-825,5553,2971
6060,-13812,12752,-4741,4948,-11021
-2528,-7856,8328,-5322,7559,-7258
-3748,-12392,13556,-1992,7133,-3880
-7048,-9740,12648,1553,1397,999
-3184,-10824,11736,3580,-398,-807
-3680,-10852,13584,2939,-9223,-8516
388,-10576,13320,2370,-8616,-6734
2996,-11208,9548,-493,-939,8520
-112,-11880,11352,-1033,-2396,10268
2048,-10724,11728,-687,-3687,4204
1588,-12424,10628,-2186,-1836,4773
68,-12232,11476,-5662,118,6175
1064,-11644,11672,-6744,484,4736
1392,-11756,11508,-4717,1115,2005
224,-11432,10668,-5294,2670,1180
2844,-11536,11760,-7704,3551,1042
1732,-10600,10628,-4815,2906,296
840,-10888,15036,-312,452,-1373
840,-10244,11788,3248,-814,-1131
68,-11728,10952,170,1201,-291
28,-12224,11004,-824,407,311
-1052,-12348,11300,-1405,416,-51
