-316,14456,8044,-164,159,-510
-844,14360,7516,-97,24,-344
-776,14648,7716,-121,-315,-99
-784,14760,7324,-320,-927,109
-92,14368,7036,-134,-103,270
140,13968,7304,-162,139,-709
-176,14612,6812,419,-178,-669
-1096,15232,8296,447,-138,140
44,14136,7752,596,272,-166
88,14148,7508,1061,-63,-963
-252,14336,7340,1940,-387,-1191
-1152,15096,8444,2965,-1153,245
-1928,15888,9000,455,-4012,1316
-4812,18596,14060,-7719,-6709,88
5748,7700,7184,-13555,-9329,626
5720,7416,8560,-14030,-8337,-2986
3512,9084,10144,-12604,-9053,-141
2180,8896,9088,1408,-4673,-2565
3592,12688,11036,-4140,-4549,-436
216,10736,8472,-6423,-3873,3084
2100,11740,7180,-468,-2976,-486
492,14924,9048,2733,1112,-2769
2088,17524,4232,3045,-4022,-15602
724,15188,1620,11512,-5140,-7239
-348,13980,1300,14271,6667,-3583
-9332,32767,32368,419,1468,-181
-14256,4016,-464,3277,7168,-2760
1296,26476,5572,3293,107,-2655
-7360,15492,10504,3410,12800,-4062
-8612,11924,15612,-1383,19147,319
10852,24528,12468,-385,1098,1622
-3608,3828,-4444,-1762,6392,-3510
18760,21352,7424,-2575,-8494,718
3544,17600,16268,-184,-8796,-4977
10660,14248,7720,-1490,-3736,941
2608,12036,7216,-1555,1752,-2900
1516,15240,7360,2178,395,-7647
3012,18664,6200,3822,249,-747
4520,18956,4852,3287,3745,10687
1284,11248,-636,-1197,-798,11992
-5712,7756,-1568,5185,9694,-3806
-10140,14552,3576,671,12388,-2072
-3160,12416,-1228,-1807,10279,1875
-3520,12844,456,-1753,4307,739
-7656,17596,12124,288,2009,170
-4720,12848,6780,-1839,-786,3875
-548,10596,6236,-1462,1105,-2230
-4332,14036,10412,-2903,-1380,-2360
-3812,13616,9000,-5470,-1061,496
-1876,15160,8924,-4207,1898,1466
-1144,14716,8204,-1348,-337,3567
-704,14188,7384,716,-421,3818
1076,14152,6480,2123,1772,1139
-320,14988,6692,902,-1264,681
596,14988,5632,968,-125,-377
