816,-10128,12568,-210,106,-307
728,-10244,12736,-190,-193,-290
860,-10060,12696,-373,-90,-264
584,-10084,13080,-525,-331,-91
1004,-10020,12416,-578,-767,40
1068,-10112,12420,-370,-417,293
1400,-10152,12432,-381,223,892
2272,-9920,12280,-404,1979,2417
1740,-10216,11948,-699,5641,4339
904,-12156,12356,-1163,7099,2656
4720,-13060,12168,-2797,6609,-11364
1276,-11876,10652,-4715,8669,-10500
-988,-9880,10932,-4437,8284,-6349
-6856,-9940,13440,-1672,2880,-5106
-9152,-9880,13200,1372,-604,-485
-3804,-10508,14096,4315,-10721,-5459
-484,-10668,10300,2018,-10491,-4903
-4080,-12612,10036,-3305,-7186,10146
3724,-13052,10788,-4369,-5217,11477
4984,-13984,8844,-4974,-5863,5997
3016,-12400,10828,-7269,-3458,5156
4320,-11656,10676,-8684,-434,7297
5576,-10568,11248,-3114,-679,1413
4444,-10868,10996,930,1820,-2550
496,-11640,12028,441,155,-1961
392,-12132,10748,-2049,2376,578
228,-12740,10104,-2188,1551,1449
-500,-12888,8964,-1126,985,1128
-476,-12860,9968,-143,277,-142
-228,-12580,10280,376,337,-476
148,-12516,10108,711,230,-511
-12,-12456,10392,481,613,-185
144,-12504,10364,870,461,131
-348,-12448,10104,727,390,262
-168,-12196,10544,558,274,46
