-1912,-10720,11924,-400,-121,-358
-1860,-10796,11864,-626,49,-236
-1928,-10836,11908,-602,-54,-366
-1840,-10908,11668,-527,245,-47
-1972,-10756,11884,-284,95,-163
-1968,-10736,11960,-251,-17,-236
-1988,-10564,11948,-271,114,-185
-2084,-10656,12020,-555,0,-240
-2032,-10636,11840,-404,-36,-284
-1912,-10620,11992,-533,-63,-309
-1684,-10784,11920,-367,98,-208
-1804,-10772,12044,-507,276,-87
-1920,-10692,11832,-348,207,-132
-1836,-10728,11796,-449,262,-26
-1972,-10688,11876,-505,141,-71
-1928,-10616,11832,-590,495,154
-2024,-10660,11968,-708,338,51
-1708,-10604,11616,-1017,786,510
-1664,-10684,11492,-1245,1024,1103
-3100,-10844,12336,-1822,888,1441
-2264,-10908,12544,-3126,57,1759
-2732,-10912,11432,-3283,369,1362
-2448,-11216,10968,-2517,344,755
-2304,-13080,11608,-198,373,451
-3292,-11508,10708,-1407,208,907
-1456,-10672,11404,-1124,1599,1620
-21252,-1080,16296,-1836,160,-1221
256,-13500,12772,-2489,5045,-1616
-5340,-11044,11288,-899,2687,-127
-4116,-10672,10752,-2477,930,-325
1520,-12804,11772,-3114,439,-4125
-4000,-8580,5668,-2444,5838,-1439
-3400,-13456,11984,-1638,3499,-4197
2092,-13636,9236,597,4533,-4696
-7612,-6592,2440,578,5533,-1711
-6416,-11376,12248,-1922,3309,493
-2836,-12652,9872,1625,-2134,-2496
-1628,-11564,10392,636,-598,-1580
-2432,-12112,10604,-170,107,111
-2576,-12444,10376,-90,-278,-558
-2212,-12044,10524,-396,-179,-656
-2060,-12204,10472,16,-142,-752
-2024,-12200,10464,508,-107,-455
-2212,-11928,10572,671,-613,-368
-2100,-12044,10520,1037,-928,-708
-1548,-11520,10400,1740,-986,-971
-1964,-11720,10904,1164,-385,-737
-1384,-11736,10528,1134,-529,-904
-1976,-11916,10328,999,-175,-1126
-2000,-11632,11564,739,-225,-289
-1828,-11904,10880,1060,38,89
-1100,-12264,9652,2552,-624,-199
-1324,-11432,9676,2559,-1257,315
-2316,-10840,11548,-889,1486,-1202
-1012,-13480,11516,-1303,476,-927
-1088,-11944,9008,-767,1842,-667
-1392,-12812,11528,-1608,332,-562
-2176,-10732,11188,-1334,1102,432
-1964,-11516,12184,-1258,1228,278
-2176,-11772,10956,-1849,1386,510
-2856,-10920,8820,-3653,960,782
-2024,-12124,12656,-678,1042,809
-1504,-12824,12356,-504,595,586
-2800,-9020,10552,-3083,326,1210
-3368,-7404,10536,-661,-1401,106
-2480,-11032,12192,-389,270,43
-2756,-11712,10768,-1535,204,-526
-2348,-11892,10408,-1459,-353,-1318
-2236,-11996,10348,-1198,541,-246
-2380,-12412,10320,-693,-66,-295
-2180,-12204,10376,-322,-193,-339
-2420,-12300,10152,-273,269,-37
-2584,-12036,10576,-394,209,-86
-2888,-12096,10424,51,-104,-182
-2620,-11892,10492,-372,-94,-455
-2384,-12164,10336,-764,183,-595
-2300,-12236,10256,-787,396,-397
-2284,-12160,10412,-938,997,60
-2556,-12468,10088,-845,439,-80
-2780,-12260,10284,-455,386,-17
-2800,-12264,10364,24,-227,-223
-2776,-12092,10520,-80,-54,-180
-2608,-12108,10336,-243,-239,-464
-2288,-12244,10164,-387,-20,-395
