-1300,-12580,9948,-283,232,19
-1312,-12652,9976,-561,224,102
-1480,-12752,9848,-675,187,-114
-1380,-12796,10228,-390,-17,-297
-1232,-12508,10064,-57,-72,-368
-1532,-12600,10156,-297,102,-222
-1352,-12536,10036,-381,-162,-284
-1272,-12512,10232,-240,100,-248
-1492,-12608,10112,-382,-329,-478
-1356,-12568,10132,-645,-137,-289
-1352,-12540,10092,-578,67,12
-1148,-12484,10140,-762,408,446
-1024,-12524,9792,-794,339,634
-912,-12176,9936,-545,877,1642
-1484,-12264,9620,-556,-38,1626
-1204,-12752,10272,-361,583,1965
-832,-12912,9396,-634,276,2088
-540,-13456,9300,-130,2017,1674
-1580,-12604,10296,-24,3133,950
4124,-12648,8268,-158,4471,-2184
-1832,-12092,6884,-3206,3652,-1849
-1552,-12688,10028,-2197,517,-2014
-3892,-12848,10408,-1889,2097,-1592
-3472,-12132,9268,-1079,2655,-2042
-4180,-15960,11776,-590,1346,-1519
-3384,-12020,8216,1131,2271,-226
-3200,-12952,9576,2283,-1836,-741
-1948,-12768,9832,1302,-40,-3140
-1796,-12552,9552,219,87,-3108
-1200,-12112,9992,-962,-441,-2567
-1564,-12988,9744,-1012,-895,-3355
-2044,-13568,9812,1270,-3089,-5885
-584,-12764,10096,2884,-4158,-5091
352,-13412,9520,4113,-1798,-1934
-728,-15784,14164,-3702,-472,4246
884,-16732,7148,822,1976,85
-1456,-12592,6884,-1680,986,216
-544,-12576,6864,-2255,-36,1564
-196,-14876,8312,16,-387,1185
-2196,-11768,6140,-1099,21,518
-508,-13456,8944,-431,1008,83
-952,-13664,10276,-598,778,-183
660,-14412,12284,-1937,1748,-6
-808,-11124,9064,-2576,1051,-270
-936,-11928,12792,-1221,2241,-653
-148,-10460,14096,-253,1747,-729
288,-10300,10008,1154,2589,-242
-336,-11128,11356,2241,1745,-151
-1924,-10392,7448,978,1605,858
-1960,-11836,11252,929,1088,517
-1540,-12228,6600,-2907,362,392
-1620,-13112,10044,-3839,-356,-979
-1628,-13508,9752,-3886,-709,-1883
-1088,-13068,9696,-3459,-1479,-1700
-640,-13420,8984,-2679,-730,-527
-948,-13556,9000,-1628,-7,-430
-768,-13420,9012,-407,-324,-761
-448,-13292,9160,-148,199,41
-1016,-13516,8972,539,847,639
-1288,-13416,9044,820,827,613
-1052,-13228,9164,1243,616,330
-1396,-13116,9448,1125,646,315
-972,-13044,9500,527,409,387
-1052,-12992,9656,73,523,320
-1392,-13152,9548,-444,232,-203
-1512,-13288,9692,-685,-510,-1264
-904,-12884,9568,-960,-584,-1207
