-1552,-13220,9404,-710,117,-176
-1428,-13144,9352,-787,-156,-599
-1496,-13348,9076,-766,-62,-769
-1544,-13280,9332,-635,-79,-737
-1164,-13068,9148,-437,-53,-550
-1200,-13084,9356,-286,79,-179
-1216,-13104,9240,-274,243,207
-1420,-13240,9452,-199,98,123
-1460,-13248,9240,-439,-33,-118
-1556,-13152,9408,-566,127,-113
-1644,-13340,9172,-342,-34,-428
-1468,-13168,9244,-289,-83,-503
-1200,-13152,9368,-267,51,-178
-1328,-13144,9340,-131,121,210
-1288,-13144,9336,190,238,624
-1476,-13032,9432,415,-241,766
-1564,-13104,9556,752,131,1057
-1752,-13068,9496,869,522,1341
-1376,-12848,9612,803,617,1609
-2248,-13252,9716,967,186,1664
-1836,-12716,9328,1590,800,1538
-1032,-11552,9848,1576,509,1881
-2504,-12304,10280,-387,-71,1707
-2292,-13456,9792,-257,1232,2148
-14620,-7752,10232,-1131,20937,2389
-184,-13740,10520,-882,735,-2423
-640,-12784,9600,-440,1477,-2269
-1584,-12592,10524,-2295,-708,-2189
836,-13012,10172,-3353,-1321,-2460
-1660,-12840,8124,-3538,893,-1767
2456,-13280,9868,-3660,-1198,-3366
-192,-15024,12784,-3268,477,-2982
-5024,-11612,7928,-560,2509,10
-3212,-14076,9672,664,-1112,-693
-4928,-14400,11748,1035,-3614,-469
-1948,-13404,9080,497,-383,-1079
-1768,-13292,9196,-1250,385,-1989
-1456,-13516,8800,-2574,372,-1924
-1144,-12952,8944,-2383,204,-1548
-1432,-13616,8800,-1369,-66,-914
-1368,-13704,8700,-1014,-50,94
-1468,-13704,8620,-802,-395,463
-1328,-13716,8468,-432,-509,-62
-1372,-13780,8624,160,-353,-713
-1232,-13500,8596,627,-97,-705
-1644,-13660,8640,1162,61,-523
-1616,-13596,9064,1711,-237,-718
-1152,-13456,8988,1210,-145,-525
-1760,-13508,9416,563,-225,-660
-1540,-13488,9024,1427,-370,-1460
-356,-13424,8788,1586,108,-1487
-1004,-13148,9692,1259,304,-1268
-636,-12716,9764,2066,-954,-1782
-1240,-13352,9712,1769,-1146,-971
-684,-13044,9680,3016,-521,-810
-604,-20116,548,-1063,-1265,-1598
-1676,-9616,13160,-441,317,-1394
-672,-14468,7264,183,1360,-1065
-536,-13352,10380,102,1963,-1323
-772,-15316,10768,1048,609,-507
-1268,-12388,8624,-1405,-394,-54
-1348,-12036,9696,-2779,1667,-440
-1856,-9688,10164,-3178,-752,-300
-896,-14516,13340,-2448,242,-1475
-116,-16060,11280,-1603,491,-835
-724,-12724,8892,-3580,1282,-115
-992,-13200,9216,-2120,770,-1236
-620,-14596,6852,-1209,1625,-838
-1004,-14396,8708,-5559,898,-795
-892,-13832,9332,-3931,145,-474
-368,-16312,6816,-3054,1245,-609
-716,-12108,8144,-4432,248,-943
-760,-9348,8184,-3402,-244,-858
-516,-13772,8976,-885,1788,-978
-508,-13556,9608,479,705,-621
-944,-13200,9184,1945,542,71
-828,-13696,8936,656,589,520
-804,-14076,8572,-276,128,382
-740,-14024,8308,-560,283,32
-776,-14056,8080,-602,349,-338
-860,-14112,8276,-642,268,-526
-640,-14056,8220,-467,220,-389
-720,-14032,8152,-241,179,-354
-756,-14000,8180,120,-40,-229
-548,-14048,7988,225,11,-127
-804,-13872,8392,336,204,95
-716,-13912,8340,213,-102,152
-832,-13968,8464,-184,65,278
-904,-13792,8492,-410,122,129
-676,-13872,8244,-133,-132,-387
-920,-13832,8516,-405,97,-396
-964,-13900,8388,-390,153,-409
-944,-13908,8460,-413,61,-459
-824,-13884,8544,-594,242,-77
-1144,-13844,8500,-27,313,282
-1140,-13828,8560,649,197,111
-644,-13792,8504,693,99,-401
-460,-13816,8492,26,-123,-759
-632,-13824,8340,-1133,34,-1073
-796,-13840,8688,-917,471,-812
-1372,-13640,8436,13,230,206
-1556,-13632,8604,1139,480,1467
-1084,-13000,8428,2216,373,1985
-740,-13764,9016,1637,273,236
-480,-13656,8684,-226,-394,-1825
-80,-13408,8376,-1947,303,-1947
-680,-13516,8716,-2680,182,-786
-932,-13704,8548,-1302,251,143
-1236,-13820,8616,546,370,476
-1180,-13764,8760,1335,230,570
-972,-13556,8848,947,289,746
-844,-13508,8868,-48,186,574
-832,-13608,8788,-705,-24,77
-1056,-13472,8964,-867,-244,-745
-940,-13544,8904,-822,-70,-835
