-2320,-7264,14164,-395,265,-113
-2516,-7384,14204,-761,-126,-229
-2156,-7512,14136,-1022,-104,-314
-1992,-7332,14156,-958,-509,-240
-1848,-7876,14228,-828,-445,-258
-1888,-7676,14040,-90,278,-220
-1948,-7480,14056,-599,235,-100
-2132,-7456,13952,-726,-237,-125
-2224,-7392,14232,-1086,-552,-197
-1904,-7624,14044,-1457,-559,-117
-1952,-7772,13892,-1332,-434,-298
-1760,-7764,13860,-344,-35,-191
-1796,-7916,13872,-577,58,-178
-1916,-7708,14008,-261,355,-137
-2132,-7744,14140,-245,85,-90
-1664,-7532,14108,-632,406,189
-1784,-7776,13936,-956,1401,712
-1160,-7284,14216,-4116,863,2221
-1924,-9444,13464,-5727,499,1530
-5628,-7504,13920,-7295,5298,-3430
-2716,-7748,11780,-4070,7126,-5065
-3152,-8248,12800,-4533,3666,-5908
-5240,-7132,8700,-4699,5346,-4243
-9516,-10268,14376,-2430,7297,-2164
-7172,-16224,20436,-2814,-5600,-5542
-4560,-9928,13852,-1023,-1179,-992
-1480,-10660,11488,-613,-398,-233
-1788,-10884,11892,337,-379,-439
-1720,-10536,11828,792,-642,-311
-2180,-10716,11964,878,-976,-559
-1980,-11096,11568,2663,-1461,-756
-2056,-10392,11128,4026,-862,-1167
-552,-11140,9876,3284,223,-2917
-1816,-12092,12200,-392,1654,-3941
-2316,-10588,14400,-1580,1929,-3482
-2224,-11500,11064,-6442,2527,-1457
-1900,-12916,11920,-3929,1552,-478
-1908,-12120,12492,-3590,1577,-816
-1608,-10192,12000,-2399,400,-33
-2816,-9196,14760,-1306,399,-51
-2892,-9240,12988,678,694,-152
-2160,-9396,14036,1005,763,178
-2252,-7500,15376,1091,-149,269
-1964,-8804,12836,712,-227,-21
-2056,-10760,11824,-3568,-425,-1662
-1932,-11392,11588,-1724,-627,-1446
-1484,-11264,11396,-1244,737,279
-1640,-11416,11368,-224,542,472
-1484,-11272,11804,773,-388,-403
-1464,-10900,11728,-78,231,-233
-1696,-11096,11748,-10,50,-178
-1720,-11016,11628,-147,416,42
-2196,-11316,11504,-301,626,-7
-1756,-10996,11700,-36,-77,-377
-1600,-11068,11568,-207,422,-288
-2284,-11232,11872,-191,496,-61
-1832,-11036,11680,-343,180,-10
-2268,-11344,11680,-28,-349,-266
-1816,-10888,11756,34,-182,-383
-1784,-10904,11740,319,-331,-213
