-1256,16000,2552,-478,-31,-279
-996,16084,3000,-388,35,23
-556,15920,3132,-90,212,-261
-740,15680,2776,-143,-79,-551
-1272,15816,2556,-96,54,-438
-1164,16036,2632,36,544,519
-580,15932,2972,324,565,854
-748,15796,3132,-29,-1153,159
-1220,16056,3436,879,-2200,-345
-1412,16324,3300,2002,-2767,-37
-1612,17408,4724,1354,-2742,843
-2560,18116,6508,-1802,-5473,265
12964,19344,-2964,-7087,664,6579
1628,18440,7608,-11647,-6499,3216
2676,13704,4496,-14384,-2179,3234
-1316,11856,5800,-14071,-3866,6860
40,10520,6560,-15996,-5692,7062
-936,9292,4412,-5838,-3980,3828
1888,12968,4884,-1044,-2530,2202
3324,16300,3972,589,5010,-1098
704,15992,6800,453,2140,-1995
352,13800,4732,2417,-216,-1998
1452,17688,5060,3168,-1099,-1920
352,14488,4680,4052,2098,-1064
-72,13580,4264,7102,3155,-3176
-1540,15688,4232,10761,2058,-4211
-824,19128,6116,1196,2971,3542
-92,14320,2676,1386,549,1221
-3424,12600,3100,670,5138,-3210
-1456,22076,9956,-1398,2159,-2378
-2616,20560,5028,-5102,2353,-853
-3880,20764,12588,-1003,2738,-4315
124,15560,2280,-1516,-2660,-3631
5528,24012,4604,-4360,-1104,738
-3732,10660,3276,-2750,4451,-4425
7852,24448,10968,-2,-3495,885
6076,26200,18268,1936,-1266,329
-208,20360,16136,586,-3448,-306
-3652,15208,11968,10,1371,-337
3008,13208,3760,-905,-1811,-1756
-28,14396,4236,397,-1933,-4796
-1668,15732,4216,347,-865,-5515
1056,18624,3968,2629,-494,879
1192,15844,2476,2767,-901,6119
1480,14076,1268,2069,2693,3815
208,15528,2332,916,2103,98
1016,16872,1972,1080,4002,1340
-704,14796,2440,-558,2766,2134
-2768,14424,4424,-2139,4834,-866
-116,15824,3316,-629,2794,-2277
-2044,16176,3860,1195,1855,-2412
-572,15976,3692,3690,369,-2169
-3140,16656,6560,4303,2275,-1804
-4064,14592,5116,3040,707,-860
-3576,15208,5120,2862,617,-976
-3300,15528,4836,2484,1393,251
-2832,14892,5036,753,774,1524
-2536,14332,4304,-1099,1071,867
-1296,16708,5000,-1859,-703,1050
-1316,15768,3324,-86,-1042,1272
-384,15096,4000,1184,-380,567
-608,15652,3344,1550,-1195,-485
-644,16140,2124,1278,-1005,-529
-1060,15536,2192,870,-431,-78
-992,16016,2592,356,-441,246
-712,16832,2020,163,-633,191
-532,16316,2640,-213,-744,250
-504,15804,2244,-346,-692,-178
-688,16484,2060,-518,-273,-807
-840,16244,2596,-603,-514,-37
