-1320,-13064,9792,-701,254,-152
-1004,-12884,9640,-1117,-312,-458
-1156,-13040,9332,-1026,139,-63
-1360,-13288,9732,-430,501,288
-1224,-13064,9292,6,409,288
-1296,-13072,9828,1,147,44
-1224,-13012,9612,-121,19,-182
-1392,-12932,9784,-847,52,-150
-1704,-13204,9632,-1155,-203,-153
-1736,-13080,9408,-916,6,-38
-1256,-13084,9492,-614,158,224
-1304,-13024,9420,-249,146,405
-1680,-13248,9404,-241,-68,142
-1208,-13092,9392,-443,212,329
-1884,-13432,9724,-273,433,473
-1320,-13416,9492,-377,597,931
-584,-12840,8656,-709,1806,1847
-8376,-10680,15044,-995,1498,-857
496,-14548,10204,670,4812,-3256
268,-13428,9516,104,1012,-1948
-1100,-13808,11852,-813,245,-156
-1384,-14500,9024,-1742,1203,-1188
-136,-12696,7684,-1487,1763,-1388
-1548,-11388,8272,-860,854,-818
-2636,-12788,8084,-1153,995,118
-1672,-12296,7548,-968,1602,-917
-3084,-12044,8700,-1411,1435,-27
-4272,-13628,10068,-1434,-285,-1430
-2052,-13464,9568,-624,-369,647
-1592,-13344,9184,-348,-367,-1119
-1352,-13232,9312,-527,-43,-736
-1500,-13400,9064,-569,-124,-255
-1376,-13592,9008,-475,-266,-765
-1184,-13508,9012,-433,-200,-1039
-1240,-13316,9140,-626,-329,-1174
-908,-13256,8852,-513,-275,-1208
-932,-13160,9004,-169,-533,-1242
-1268,-14012,9600,999,-1580,-2147
-1648,-12712,8964,311,-2913,-1447
-784,-14020,6236,-2773,-510,-50
-556,-10560,7148,-1248,-1028,-804
-308,-12028,7412,-554,-126,-882
-876,-14384,10732,-341,428,-526
-516,-13092,6440,-1661,1074,203
-776,-13412,8420,-102,1815,-666
-328,-14436,10028,-3,2035,-836
-1220,-14276,9392,-504,1017,338
-472,-13040,7824,-1781,-1330,2174
184,-14168,9464,-2372,1239,1753
-1048,-12956,7340,-1660,1731,396
-828,-14688,8684,-2644,3129,295
-868,-13584,7128,-2375,1939,-233
-1256,-13680,8640,-2116,649,-549
-1216,-13320,7492,-2304,688,60
-1488,-13736,8092,-796,87,-692
-420,-14236,8880,320,882,-104
-896,-15648,10380,380,442,-233
-560,-13604,7672,414,1355,-549
-1140,-13728,8220,805,1066,-1165
-1336,-13716,8360,706,813,-547
-772,-14348,8608,715,1135,-437
-508,-14124,8300,1164,142,-494
-980,-13228,9608,772,2226,-1098
-1300,-12704,8040,-8,982,-1178
-1500,-10636,12380,2319,62,-1040
-1124,-13052,9648,1383,161,-34
-1104,-13480,9184,-1102,89,379
-1400,-13560,8812,-1883,6,215
-1444,-13668,8800,-1585,-161,-285
-976,-13516,8816,-1307,-511,-573
-1096,-13812,8536,-1326,56,-282
-1168,-13612,8792,-1550,309,-35
-1204,-14132,8668,-801,-348,-198
-1248,-13604,8660,-801,79,-328
-1028,-14016,8496,-299,-181,-284
-1252,-13720,8792,-162,-143,-60
-1252,-13760,8420,-162,245,76
-1208,-13708,8680,63,92,-253
-988,-13648,8652,-379,151,-143
-1104,-13600,8676,-388,-68,-183
-1100,-13692,8572,-629,7,-67
