1728,-9240,12988,-137,256,-29
1592,-9228,13296,-137,160,-184
1280,-9148,13392,-153,63,-101
1632,-9108,13280,-130,85,-37
1400,-9124,13400,-323,123,-255
1564,-9156,13304,-452,-22,-253
1692,-9148,13084,-427,-116,-146
1580,-9128,13036,-464,-151,-80
1388,-9264,13200,-422,-206,-46
1396,-9180,12828,-346,-467,-147
2044,-9076,13076,-309,-455,148
1588,-9056,13484,-341,-458,238
1284,-9216,13156,-603,41,254
2044,-9296,13148,-580,1083,1248
2448,-9276,12508,-511,3250,2839
1612,-9416,12868,-768,4266,4254
1176,-9984,12988,-954,3553,2752
7548,-12340,10456,-1553,2962,-5952
1100,-13600,14320,-4440,6266,-8266
804,-9576,12000,-3750,6923,-4942
-3908,-9536,14012,-2127,4012,-5620
-5416,-9256,12992,280,1713,-1710
-2980,-10060,12348,2500,-2269,-1634
-2512,-10040,12408,1599,-12207,-6916
-1420,-10216,10872,-2063,-5255,6869
-2140,-11616,13124,-3249,-3767,13436
1200,-11584,11572,-1909,-6093,11020
2992,-11904,9220,-3767,-6604,10058
3204,-12552,13004,-8061,-982,8406
2332,-11068,10684,-8920,-1758,4894
2028,-11216,10780,-6391,2704,1344
1512,-11376,11904,-4658,2389,-1143
880,-12016,11736,-3526,3060,-690
824,-10596,7208,-2369,2858,-467
1608,-10668,11264,415,994,-1609
896,-11492,11276,2309,277,-1536
512,-11900,11184,1039,1357,-115
640,-11908,11004,95,1156,471
-192,-12088,10808,-533,871,281
-168,-12116,11136,-941,346,-288
276,-12068,10612,-921,341,-429
192,-12112,10668,-887,440,-119
