3880,-8060,12848,-227,425,-531
3268,-8040,13208,-2213,1671,-985
2896,-8128,12736,-2283,774,-567
3124,-8988,13780,-1130,211,35
2928,-9124,14192,-262,-824,416
2968,-8904,13720,-400,-990,496
2500,-8512,14048,-191,-1099,561
2724,-8696,14016,-259,-2077,955
3140,-8272,13944,54,-2128,1051
2892,-7120,12924,-6,-1511,2200
3256,-6524,12344,-1447,286,4812
3004,-7496,13680,-422,234,4134
3156,-5004,9296,-939,-2578,2786
1464,-8020,13564,-2584,439,7248
1312,-8156,14268,-2765,-1946,12074
4456,-8672,11620,-5760,-2638,6558
908,-10860,14936,-4022,-2273,5667
3204,-10348,7744,-6010,-4462,7060
7512,-13616,10788,-7648,1321,3158
596,-16020,14784,-2415,-6535,-3536
-2316,-11248,9892,-2207,-3689,5234
2908,-12924,9112,-5602,-1240,3647
3772,-10860,3724,-16496,-2030,1390
-5068,-15008,9640,-7788,7127,6187
4452,-15748,9012,-8366,-367,953
7012,-14640,7760,-12659,3900,-8007
7756,-11808,4472,-8359,11768,-15477
7604,-15324,5404,-3724,19221,-18359
5492,-14356,6544,-5821,19935,-22425
-3220,-13316,8388,-1862,17125,-10706
-1224,-15224,7224,-2375,11854,-2861
-2688,-15216,7792,-2774,4349,-4071
-2576,-14372,7280,-1247,2661,-4953
-2056,-15612,7576,1794,1519,863
1104,-15180,9652,490,1481,-2808
84,-15380,7172,-1618,-3608,-2565
-1000,-16368,5936,-1427,-2182,3858
1564,-15892,7040,-82,-4733,6599
4108,-14788,5012,1460,-5917,5767
2508,-15648,7168,953,-1248,6754
5120,-14392,6476,1494,801,7242
3964,-13216,6752,1376,1418,2519
1460,-14356,6812,-496,9570,1361
3952,-13556,10444,1067,12850,1403
704,-14824,9464,-1437,9836,-1531
-524,-15140,12340,-1911,9497,-3147
-3052,-13464,11100,-1886,10636,-2516
-436,-14236,9156,-3470,11440,-3088
-400,-13304,10036,-5139,11239,-2073
-1676,-13284,12300,-4224,6255,-2591
-620,-12976,12900,-4858,9775,-1463
-5136,-13080,10844,6162,11451,1730
-10364,-15516,24400,15209,-1066,8086
-1872,-15340,9648,18644,-11899,9547
-4176,-13148,8960,12732,-10447,5620
-3100,-12976,11320,9976,-9790,5863
-2668,-9856,9272,8054,-9864,1422
-2544,-8648,11496,4141,-7852,-1668
-1792,-9228,11536,6116,-7760,4145
4716,-6768,6692,2087,-8312,3720
-1384,-8756,12680,168,-7224,2766
536,-9300,13132,590,-6041,3000
164,-9752,12128,1856,-5136,2629
1216,-9588,12048,529,-4866,1147
1920,-10268,13640,3039,-3214,1133
508,-9464,12188,-527,-2718,1117
1336,-9516,12888,477,-3222,774
2740,-9988,12376,1890,-1706,1386
288,-8544,11860,1230,-43,1079
1204,-8992,12640,-62,-1972,280
940,-9200,13976,461,-704,361
956,-8124,12480,39,-440,1195
