-908,16224,2092,-828,-50,-200
-972,15812,2064,-583,74,198
-808,15856,1944,-278,567,292
-844,15992,2056,-257,258,123
-824,15940,1476,-291,-288,-375
-1100,16124,1852,-290,-324,-508
-1160,16076,1584,-92,54,275
-484,16184,1700,-220,60,135
-816,16168,2248,-455,-421,-32
-600,15640,1516,-442,-1003,-262
-304,16616,1508,67,246,-994
-1124,16612,2260,343,33,-570
-960,15900,1772,835,-247,175
-316,16080,1576,1388,364,-10
-828,16412,2136,1921,135,-319
-1216,16424,1504,2626,-161,-512
-848,16464,1656,3539,181,-1005
-2168,17544,2180,4206,-148,103
-1200,19180,4132,1071,-1099,-1159
1364,18824,3476,-4781,5957,10098
-2984,19856,10488,-13570,-4226,265
328,17456,7360,-31771,-4388,7020
640,7560,1904,-18931,-5197,4893
2452,11368,4476,-12052,-1610,-763
-644,12588,4012,-11611,-1527,4460
884,9000,756,1853,-3082,5076
5872,14800,1796,328,-1170,-2618
2204,17220,3996,341,3436,-2823
2112,14568,1544,2907,-2653,-569
960,16304,1592,6618,-2416,-1667
-996,15824,2296,8415,2631,-3051
-424,19536,5196,7881,10232,-4578
-2576,16868,3224,-4024,5710,975
-5900,20664,8448,26,5897,4952
-3360,15544,4536,3772,2338,4243
-8848,16752,7676,1296,4743,-1774
-5368,13940,6276,3420,14088,-13103
-2372,14568,4468,556,3416,-4825
3580,17400,5888,-1128,-1808,-4010
6656,18180,8464,-3621,-4185,-984
14976,18404,908,-4499,-7974,3212
4188,18776,10664,2044,-1760,-6822
4920,13920,5736,88,-1151,-785
3428,12996,4296,-102,-164,-7680
-308,16212,4140,771,-2932,-12546
512,19300,2784,2370,-2652,-1576
1668,17916,2544,1707,-834,5576
1040,18064,1716,1392,-462,7981
-4292,14824,1920,-67,4942,6920
-4644,14620,3356,-1186,8794,1890
-1940,15844,1412,-2052,5465,118
-2852,15852,2528,-539,4310,1518
-3244,17216,3604,1153,2490,4292
-1784,16048,3240,3032,209,3362
-1808,15164,4340,2479,1948,1493
-2012,14536,4272,2841,497,842
-3072,15740,5552,2218,1110,1355
-1416,14400,5332,1578,659,1882
-1344,15512,4980,259,88,1309
-2148,15068,5408,-1538,-121,2494
-1176,15252,5404,-2703,1745,1774
-784,16668,6240,-2643,221,2104
904,15464,4272,-559,-1402,2188
1712,15360,3620,748,-1373,-366
340,15736,3704,1194,-1473,-1384
-256,16460,3192,910,-1744,-780
-360,16272,2892,868,133,-1070
-252,15940,3076,572,-247,-592
-396,16196,2732,334,-1098,-167
132,16204,2572,306,-338,-370
404,15768,2996,525,-541,-470
