-824,-5584,16776,-654,494,-1096
-492,-4728,14940,-299,-358,-73
-864,-4732,15960,134,-144,391
-780,-4412,15236,6,-77,846
-1912,-4208,15756,2243,-1230,3543
-844,-3772,15180,-309,-406,3765
-3592,-3000,17272,-1921,-1059,2965
-3132,-3228,19620,420,-5294,7697
-648,-952,14512,-2338,-9656,11290
2752,-3492,16208,-3714,-9960,7482
1844,-3996,15820,-1226,-7225,7708
176,-3340,15744,-426,-6286,7643
1956,-4072,14000,-2504,-6864,8796
1908,-4400,12296,-4723,-5668,9795
560,-6496,12868,-6878,-7546,9797
2052,-7012,14188,-6012,-7736,8133
2708,-8972,15000,-4114,-6967,3956
928,-9700,14568,-5090,-5186,3352
1592,-10440,12520,-4706,-4506,5152
1636,-9056,13304,-7777,-4411,5128
1780,-8540,8980,-14210,-2724,5807
4192,-11492,4660,-31985,1193,5541
1672,-16408,14312,-3075,7302,3710
11424,-16456,11064,-5313,-1217,-1740
8456,-13660,6624,-5329,13398,-8138
8216,-14132,7216,265,17036,-16930
6168,-14660,9712,4849,22764,-21984
3692,-12852,10972,1901,14609,-13315
-2640,-10656,16252,-4906,11087,-12992
-2920,-11540,9556,-6244,8359,-13059
-10456,-10484,14752,-4367,4159,-6112
-4844,-11032,11340,-3984,4187,-688
-1880,-12624,10876,-1399,4446,-2071
-2412,-12364,11188,-1348,3115,-6369
-1172,-12500,10800,-4051,1830,-5739
-2284,-13200,10888,-5461,-2939,-1680
-1012,-14472,9144,-3970,-3471,6475
1104,-14440,7020,-4425,-2055,8673
2288,-14032,7704,-4195,-3665,5343
2384,-14064,8348,-2336,-334,4912
3620,-13572,8132,-211,1771,3097
2964,-14096,8960,120,2296,-2319
1592,-13684,9192,-256,6312,-3016
1940,-13360,10308,-2657,5720,428
2312,-12704,9348,-3166,8067,-2066
20,-13984,11744,-4715,15487,-1197
308,-13392,11148,-4843,15505,-203
700,-14156,11612,-1128,9339,-2210
472,-14600,8648,-2717,9208,-8411
-1948,-12536,9688,-3538,6815,-3841
-3512,-12128,12848,-3116,2956,-2679
-2960,-13400,11448,1515,2938,580
-3668,-14544,13468,4597,2579,6244
-2064,-11992,9728,16562,-4052,8387
-1568,-15288,9064,19146,-10765,7652
-2720,-12040,11224,16915,-7350,824
-3092,-9448,10416,9382,-7681,4054
-336,-9836,9608,3433,-7082,3754
-2668,-9608,12328,1659,-5370,1307
