-1680,-13048,9384,105,126,-515
-1852,-13356,9224,-1074,-142,-389
-1452,-13596,9076,-1137,98,-266
-1460,-13152,9696,62,-258,-636
-1508,-13136,9652,427,-8,-445
-1616,-13148,9428,1008,226,-142
-1816,-13076,9564,111,-409,-264
-1148,-12956,9260,-4,-212,-256
-1692,-12848,9484,-509,-402,-377
-1240,-12956,9508,-1145,-368,-17
-1268,-13040,9212,-1524,-346,391
-1364,-13240,9280,-562,-407,-238
-1192,-13140,9440,286,211,-41
-1524,-13160,9976,-680,70,737
-1628,-12932,9536,-1396,219,2212
-208,-13260,8004,-1221,696,2406
6096,-2700,-1028,-2204,5795,-3840
-184,-14064,10712,-239,-656,-1942
304,-15076,10084,-741,-758,-3146
100,-12940,9096,-704,277,-1488
-168,-12292,8348,-1006,2157,-1083
460,-12600,7128,-1018,3693,-1873
-1260,-13128,8416,-1632,1735,-3191
-2580,-14164,8404,-1650,2006,-1325
-4672,-13160,9252,-938,705,-1817
-4944,-13176,8568,-268,-435,-9
-2496,-14992,9880,302,-2383,-580
-1684,-13440,9588,-852,-2055,-3714
-1360,-13032,9656,-1882,-4818,-3290
-2516,-12488,7508,-1198,-2749,701
1256,-15332,9804,131,-3171,-268
740,-15024,9532,611,-486,552
312,-14684,8692,372,-858,-660
-432,-14544,8116,-446,1465,323
-548,-13664,8880,-1106,1183,264
-308,-14932,8800,-1991,2143,-128
-1280,-13268,6824,-5684,1435,16
-300,-14312,8392,-3258,-1077,742
-1008,-13128,6176,-2458,-226,212
284,-14692,8112,-2106,1117,841
556,-14216,6128,-1831,3408,382
228,-14520,7136,-470,4008,-558
-1176,-14224,7748,-1317,2735,-919
-328,-13488,8024,-1148,-153,-21
-2340,-12880,7848,-1602,2138,-2358
-1376,-14336,5844,-3158,2477,-1748
-296,-12752,7328,-749,2032,-1161
-1288,-12672,9040,2053,1379,-1462
-632,-13296,9192,3707,-82,-648
-812,-13808,8692,235,151,593
-1068,-13924,8504,-1059,125,480
-1212,-14176,8228,-1141,65,-269
-800,-13952,8092,-1540,-306,-833
-468,-13944,7856,-2065,-219,-360
-800,-14268,7852,-1732,-108,-155
-732,-14200,7828,-1143,-50,-102
-768,-14304,7556,-427,37,-200
-1140,-14272,7964,194,-46,-348
-1000,-14140,7796,252,-31,-194
-736,-14132,7576,-142,242,180
-908,-14208,7788,-135,327,-24
-876,-14212,8056,-184,-11,-443
-444,-14020,7772,-525,-100,-385
-680,-14248,7940,-767,165,-89
-952,-14304,7708,-38,-55,-331
