-848,-11960,10828,-735,699,20
-1736,-11856,10888,-582,890,155
-1720,-11312,10576,-294,85,92
-1616,-12012,10680,-421,-278,-248
-412,-12048,11064,-378,-457,-92
-1004,-12424,10512,-575,388,291
-1668,-12104,10492,-682,640,-19
-1920,-12144,10848,60,-546,-272
-1300,-11668,11088,7,-601,-547
-1176,-12388,11008,-379,147,-318
-1396,-11936,10952,-607,662,-59
-976,-12748,11076,-19,-412,-321
-1248,-12052,10896,467,-890,-850
-2728,-11268,10836,16,-903,-1573
-876,-11872,11488,-2410,-1214,-181
-1800,-11948,10872,-959,-2575,-2578
-2008,-10764,9268,-1117,-2656,-4942
-96,-13748,11608,-2093,-5170,-5526
732,-14392,11148,-1173,-5885,-4296
-396,-14168,12132,-55,-3975,-1729
1472,-10832,10700,1658,-709,1885
160,-9680,10576,3982,-759,1511
-92,-9108,9804,1395,-2020,1164
612,-9136,8924,-412,-1319,2177
4116,-5092,772,-14771,-5554,-4018
-8560,-26140,9796,31616,-32768,-7289
9296,-16948,16788,-1861,-3839,-5505
9260,-11772,10892,-2938,827,-6594
4880,-11032,9932,-1467,3799,-4133
-3476,-16308,7276,-2793,4863,-3288
-10076,-18664,5780,-2792,-51,-68
-9448,-18848,2988,-3814,-4423,9395
-1488,-14896,6092,-4081,-6187,14262
7696,-10868,13948,-726,-6569,11069
9088,-7888,16188,2702,331,4001
3356,-11108,11580,-43,4891,1200
2572,-13212,14116,-1969,6058,365
336,-13248,9268,1256,2956,-2241
836,-15556,8180,-815,2525,-5702
1252,-14876,7912,4680,9055,3018
-2260,-8944,5540,6628,10780,4617
-4388,-8188,7128,3690,3777,2227
728,-7588,8312,5754,-520,-1025
-4104,-22344,14664,481,2106,-8227
