1092,-9832,12360,-1437,-246,-399
972,-9848,12988,-1259,-216,-245
1168,-9736,12780,-1093,17,-258
1128,-9912,12348,-1011,-544,-233
1100,-9808,12572,-845,-126,127
788,-9976,12960,-786,-171,207
948,-9848,12504,-755,-262,1
1248,-9836,12616,-600,-128,-18
1100,-9820,12368,-392,-136,11
1000,-9960,12872,-259,-152,232
900,-9888,12872,-165,-220,379
852,-9916,12780,-166,148,457
1004,-9836,12744,-246,326,646
1592,-9992,12364,-237,1115,1262
1648,-9768,12804,-433,2319,2621
1348,-10484,12620,-1101,3329,2995
-11736,-13060,19148,-834,21065,-9046
2864,-12152,13212,-4250,6247,-9787
1604,-11040,10552,-2564,8495,-5448
-3952,-7336,9248,-1961,7747,-5283
-4684,-7888,12000,-249,2446,-2532
-5220,-9484,12428,1777,-1523,1222
-1784,-10152,13616,2428,-5143,-4784
-472,-10720,12028,764,-11433,-4999
-1440,-10592,11432,-2258,-3099,7726
-856,-9636,9948,-1909,-2635,11333
1972,-11820,11052,-613,-3004,4991
572,-11540,11300,-2197,-2655,3918
1460,-11116,11172,-4400,1204,5322
820,-10776,12192,-5787,1201,2837
1772,-11524,13224,-6147,1047,906
1392,-11060,11752,-5307,2576,409
1548,-11216,13028,-4511,2809,130
1524,-12488,14536,-1336,2901,-590
-348,-11084,13780,552,781,-450
-356,-11652,11908,-358,1429,-643
456,-10744,12772,625,1165,-742
72,-11348,11312,742,267,-331
-512,-11672,11580,-666,379,33
-676,-11904,11180,-1545,453,-38
-324,-11676,11360,-1765,573,-411
