-1856,-13356,8996,624,87,-72
-1828,-13556,9064,-945,153,-107
-2040,-13552,9116,-1380,18,-631
-1684,-13344,8924,-1106,-72,-983
-1676,-13612,8424,-416,195,-670
-1832,-13612,8808,220,129,-554
-1796,-13500,8648,324,-61,-411
-1848,-13724,8924,-170,-59,258
-1740,-13328,8772,-503,-70,557
-1532,-13380,8932,-357,-104,636
-1812,-13364,8912,-136,317,762
-2120,-13688,8856,-57,268,550
-2040,-13372,8948,-656,437,1144
-1616,-13572,8756,-1943,548,2505
-2204,-13372,8404,-1911,2453,2497
-1660,-14208,8540,-1451,3085,1962
-712,-15744,12756,-1430,2188,-4533
-1420,-12908,8052,-1860,2004,-2853
-3828,-15796,9256,-1375,1563,-3373
-1660,-15120,9332,-1722,3493,-4058
-4012,-14388,8336,-1461,2679,-3054
-8540,-14200,9136,361,-1248,-877
-4720,-14848,8516,4945,-3447,-2933
-2284,-13424,9196,5295,-1458,-6794
-2980,-12976,9796,2875,-11538,-8752
2016,-15600,8152,4751,-9139,-6590
952,-15356,5824,-1249,2079,2369
-1144,-16008,7860,-1201,643,1948
-1228,-15040,7788,-7037,-3168,4206
2560,-15792,8704,-6441,-5983,3427
480,-14124,7496,-1574,-3723,2858
2384,-13868,8112,-4263,-1837,2271
1276,-13784,6948,-632,2861,566
1828,-12024,9468,3498,1842,-1314
856,-14496,8056,3542,3402,-1147
720,-14708,9480,2827,1965,-1685
-488,-11744,9600,6533,1469,-1425
128,-13196,9892,1236,1579,1332
-416,-13608,8888,-439,1022,779
-504,-13736,8872,-782,227,-348
-356,-13632,8852,-1079,-156,-940
-120,-13384,8872,-1285,-90,109
-312,-13632,8792,-783,568,538
-564,-13884,8812,-139,353,-126
-540,-13600,8884,431,12,-586
-620,-13796,8872,352,252,-403
-360,-13592,9076,224,-273,-501
-472,-13512,9124,-500,270,41
-332,-13408,9040,-802,131,367
-580,-13520,8860,-776,291,435
-464,-13576,8720,-569,128,-30
-604,-13632,8988,-472,303,115
-356,-13592,8844,-816,133,32
-504,-13684,8984,-893,378,174
-508,-13740,8988,-552,129,-141
-640,-13628,8944,-278,235,-156
-448,-13644,8528,-12,555,-71
