2056,-10140,12644,284,222,-256
2152,-9836,12820,-203,371,-249
2208,-10104,12620,-697,-38,-273
2368,-10248,12796,-904,-197,-118
2416,-10068,12500,-954,-289,-49
2144,-10268,12184,-936,99,40
2392,-10220,12256,-893,64,-88
2176,-10256,11788,-710,-345,1
2408,-10336,12076,-450,-14,335
2664,-10232,12020,-3,-215,509
2736,-10276,11684,970,415,817
2856,-10260,11800,678,1240,1488
2744,-9756,12244,429,2744,3250
1732,-10464,12556,-365,4543,4235
14672,-9224,840,-2843,20490,-7643
7376,-10016,7828,-3727,3898,-7298
704,-10548,11288,-4902,8176,-5586
1968,-12852,11048,-6359,8287,-7955
-592,-11596,11160,-6819,9124,-7974
-4464,-10416,12756,-3139,5591,-4748
-8244,-10520,14532,1182,-6311,-581
-864,-9976,10628,3984,-9667,-5931
-6892,-12572,11768,275,-5533,4781
1896,-12072,8676,-2399,-5962,14050
3060,-12488,10212,-1712,-5344,12164
3520,-12208,10292,-2167,-8073,9558
1420,-11900,10420,-6266,-6082,11136
4448,-11396,11548,-5995,-5423,8264
3144,-12092,11000,-3094,-2844,3588
3552,-12608,10664,-3265,235,2757
4388,-11496,11028,-2181,888,198
632,-12444,10576,750,374,-1167
696,-12612,10028,-117,1477,-412
472,-12680,9972,-618,1364,-117
480,-12572,9936,-1054,1860,-383
580,-12724,9956,-783,360,-787
516,-12752,10036,-604,349,-527
