-2308,-13820,8076,204,61,-261
-2440,-13640,8292,68,119,-408
-2500,-13792,8196,-592,37,-624
-2820,-13588,8144,-322,404,86
-2432,-14092,7972,-230,-210,-974
-2056,-13956,8232,276,24,-645
-2060,-13752,8316,-110,-182,-916
-1672,-13376,8160,276,-1186,-1565
-2652,-14004,8112,1066,-576,-1219
-1848,-13616,8156,1226,-953,-1190
-2232,-13752,9012,1082,-786,-969
-1916,-13436,8788,631,-1102,-1454
-1440,-13540,8824,829,-878,-1087
-1492,-13396,8860,703,-672,-527
-1416,-13296,8908,20,-230,-192
-1336,-13260,8864,-1430,742,1299
1436,-11792,8924,-3799,4201,7203
-4232,-14528,9076,-2365,4037,5240
32767,-32768,32767,2850,-32768,-32768
-2672,-14320,7636,668,1018,-7195
-10156,-13628,10036,-671,8884,-3519
-1660,-14332,7600,1164,7833,-7005
-10504,-25052,15636,-89,-3108,202
-3268,-13928,8724,-1054,-291,-1601
-1972,-13796,8244,283,-297,-182
-1880,-13776,8420,800,-395,-470
-2088,-13792,8420,333,-236,-513
-2288,-13876,8456,1129,-799,-1363
-2028,-13708,8164,2314,-362,-855
-2376,-14088,8044,5286,-316,-1418
-2244,-15076,7584,10888,707,-2715
-1936,-13524,8600,13369,2665,-2657
-1348,-11456,6396,613,2782,-4395
380,-13524,9104,1086,6267,-1861
-900,-12436,10804,-4218,4216,1327
-2332,-13064,9552,-6221,2040,1206
-2024,-13544,8192,-7719,2617,-376
-2776,-12384,8332,-10974,194,254
-2068,-11860,6504,-11300,620,1434
-3120,-11080,10888,-8025,-1232,975
-2800,-13876,8204,-1874,847,-694
-2428,-14528,7592,-1453,-308,-1189
-2324,-14400,7144,-436,-30,39
-2068,-14216,7428,-431,22,-75
-2192,-14332,7196,-894,37,-154
-2724,-14480,7192,-1118,173,222
-2512,-14584,7048,-283,4,-108
-2396,-14008,7744,-403,114,7
-2368,-14204,7464,-809,-119,-143
-2580,-14396,7360,-1357,-141,-220
-2524,-14760,7008,-1674,-297,-277
-2228,-14592,6900,-834,185,92
-2412,-14624,7056,-414,221,133
-2592,-14392,7160,-405,54,-80
-2764,-14504,7140,-301,28,-227
