672,-10280,12448,152,624,-241
464,-10364,12384,229,54,-563
204,-10196,12116,-5,177,-827
972,-10180,12788,-65,235,-457
612,-10292,12464,-216,16,-314
912,-10184,12336,-295,77,-288
752,-10324,12524,-494,-223,-250
832,-10356,12600,-762,30,-55
468,-10272,12596,-593,-260,-12
756,-10264,12372,-442,-295,62
888,-10356,12364,-260,-264,294
860,-10440,12192,-141,-454,401
660,-10176,12428,129,-56,508
536,-10400,12424,336,375,873
1776,-10148,12132,200,1286,1685
1660,-10160,12084,-322,2890,3038
2620,-13672,12832,-793,2336,-540
4796,-14120,13732,-2187,1996,-7590
280,-9960,10968,-2931,5488,-5655
804,-8800,10836,-845,5935,-3933
228,-10708,11488,-457,5143,-5549
-2044,-10380,13492,477,2952,-2634
-5668,-9696,13792,1265,-566,902
-3244,-10808,13112,2310,-480,-1895
-2368,-10176,13616,1546,-9349,-7016
-14960,-15924,9452,810,6127,4194
-340,-10648,10212,-2834,-136,9282
2404,-10812,10248,-2657,-1866,6628
984,-11176,10148,-2149,-2292,3409
844,-10920,12680,-3951,-258,4629
408,-11972,12288,-4312,-375,4233
528,-11452,10596,-3182,-342,2453
-176,-10868,10996,-1942,65,690
1680,-10336,9416,-3687,2928,1716
2120,-11096,11956,-3771,2582,1036
2020,-10704,11920,-792,2962,-543
960,-11468,15804,1342,1348,-1211
1092,-10036,14748,2071,832,-1021
108,-10616,12152,1726,237,-393
-316,-11064,12112,-600,546,78
-380,-11308,11956,-2085,408,-153
-516,-11424,11516,-2557,797,-635
-876,-11568,11584,-2112,473,-890
