384,14016,8392,-611,-106,-149
516,13720,8140,-474,81,-37
400,13860,8156,-335,80,-189
444,13876,8624,-186,294,-550
152,14004,8288,-120,-41,-113
888,13480,8024,42,-109,-163
324,13872,8140,161,24,-348
372,13984,8356,303,29,-421
568,14072,7756,427,128,-385
164,14164,8360,470,247,-285
-68,13880,7872,691,19,64
468,13672,8048,840,-147,-45
1044,13828,7908,1190,176,-720
304,13776,7868,1419,-168,-868
392,14200,8184,2056,-524,-692
744,14388,8068,3347,-174,-735
460,14420,8328,4949,-416,-546
588,14288,8092,7279,-1786,-701
868,15460,7836,9100,-1054,-1219
-556,15764,6376,11169,-616,-333
408,16404,4412,6103,-299,1173
-360,16708,7236,1378,-1952,824
652,17000,10044,-7306,-1728,778
2632,15480,8320,-20844,-4343,2507
4292,11116,4532,-19711,-2496,-1403
2312,12168,6332,-13555,3735,-1041
-196,11208,8096,-6184,1927,3120
-2636,8344,7296,-1279,-4112,4314
-1656,10548,7240,-182,-4599,-1100
-3388,11056,6328,1699,-5928,-5106
1252,14376,4864,7522,4114,-9710
568,15460,4992,11903,3466,-10676
-2688,13860,1864,18453,5441,-7334
556,17288,5520,107,5644,-1604
-4236,15052,5124,1456,4233,1927
-6784,15400,6608,3247,1667,1457
-7048,15148,5944,3759,1907,-3214
-4248,15620,5620,2193,7141,-4375
-7820,9340,-1200,1456,2086,-4027
1952,16196,5064,-1399,-1076,-2444
400,15428,5936,-1591,-2881,1005
148,13076,6840,1569,-4396,-2111
4936,17768,9292,1035,-1872,-3474
4976,17344,9180,-2007,-2143,3303
2816,12020,4732,-42,-294,-2824
-16,12920,4876,4289,1328,-10728
-764,18120,5784,3977,-601,-7157
372,17312,3736,3695,-2555,3471
-1620,16228,3212,2562,-215,5242
-276,15172,2264,1357,4079,3186
-5696,14924,2252,709,7657,119
-4824,16112,2900,42,6023,731
-4976,16288,3072,24,5410,1215
-2840,16308,3304,1682,4982,2575
-3420,15452,2612,69,3589,4826
-2416,14800,2764,-57,2872,4386
-2376,16796,4580,1283,2597,3041
-2396,16472,4180,1439,-489,3491
-1536,14588,4096,181,618,1493
-1556,15148,4808,183,355,484
-1612,15600,5640,609,-1305,1103
-2332,13952,6036,-681,-607,494
-1500,13784,5940,-3783,-80,-1640
-2408,16196,6092,-2831,-949,-769
-820,15532,4372,-186,-2155,592
-1124,15380,4264,1384,-984,316
-676,15428,3860,1590,-1473,556
-1256,16024,2812,1171,-711,143
-828,16172,3456,914,346,-258
-776,15656,3040,107,-258,130
-980,15940,2988,-402,-872,452
-216,15924,3536,-778,-268,494
-1148,15572,3880,-1338,-617,443
-88,15696,3424,-1322,-467,288
-588,16108,3656,-1238,29,-231
-988,15684,4124,-850,204,-169
-872,15744,3908,-729,-35,207
-692,15640,4008,-780,-366,228
-852,15796,4320,-483,195,83
-672,15664,4248,-470,72,122
-1076,15920,4524,-645,-374,523
-648,15696,4656,-690,17,636
-200,15384,3900,-819,-233,362
-48,15564,3928,-369,337,-606
-828,15432,4476,-335,-323,-25
-872,15444,4252,-252,-26,-93
-572,15820,3732,-519,-68,-394
-360,15856,3776,-499,-11,-367
-832,15452,3936,-622,-120,-256
-456,15504,3700,-928,-156,-137
