-264,-11556,11516,-560,213,-209
476,-11284,11468,-359,12,-364
388,-11604,11192,-201,52,-321
-276,-11080,11864,-358,194,-135
328,-11372,11252,-372,178,-235
240,-11740,11380,-486,290,-300
-116,-11728,11356,-315,225,-270
504,-11308,11516,-38,-327,-67
124,-11740,11728,-363,-140,-299
-92,-12028,11468,-574,460,-524
-468,-11948,12628,500,-15,-482
-2492,-12260,12032,220,-322,32
-1056,-11856,12932,14,-1745,2182
-2728,-8540,10584,3817,-4943,-278
1224,-7896,11336,4957,-5717,157
-680,-12356,14008,1774,-3837,-1403
1236,-8100,10056,-1913,-6206,-125
4940,-8540,8612,-10352,-7375,-3943
14384,-5616,-9224,6082,-13246,-1503
10864,-11780,9396,-2179,-3366,-4818
9724,-11296,9624,-2234,4073,-7937
4628,-11444,9932,-3670,6678,-7588
-2532,-15600,8068,-4231,5475,-6626
-11592,-18200,5016,-6004,1713,-991
-10628,-18648,6524,-5543,-6495,4075
-3052,-15952,5868,-9822,-9082,12148
9248,-12112,7636,-8758,-11612,9685
10504,-11304,19872,-2128,-10516,2380
11480,-7828,14952,669,132,-2190
6884,-10188,11504,527,2408,-526
4244,-13788,8552,2080,6737,-1955
-44,-16568,6264,2377,6712,-3068
2468,-15936,8468,7034,8852,8663
-1864,-9336,4248,11545,11900,9629
4308,-12988,2068,3111,6857,-5469
