1052,-9380,13000,-189,501,-615
1488,-9284,13688,-504,759,-11
820,-9396,13004,-756,695,202
956,-9408,13016,-505,324,-122
852,-9356,12900,-543,257,-291
556,-9548,13088,-522,107,-265
924,-9488,12948,-489,197,-57
756,-9408,13064,-460,228,-55
1200,-9436,13092,-334,0,-137
1036,-9368,12888,-281,-45,-52
708,-9508,13120,-105,-155,-337
1080,-9404,13272,-274,-121,-309
956,-9488,12956,-300,-291,32
1076,-9492,13476,-542,-155,-21
944,-9352,12704,-1052,-264,-42
1252,-9308,12744,-1256,-371,8
872,-9692,12800,-1569,-477,-310
2336,-9496,12720,-1310,581,1011
2148,-10788,12496,-751,3297,4396
3524,-12976,12480,-772,2062,1242
5512,-11088,10264,-4388,2885,-9599
-872,-10372,10632,-5540,6520,-8206
-1232,-8312,11272,-859,6807,-4056
-6904,-9836,13188,665,2957,-784
-7248,-8272,13412,3769,-550,1426
-4840,-10112,14324,5155,-7078,-6680
608,-10276,10928,503,-9425,-6061
-2704,-10164,13044,-5258,-1884,8682
6096,-12024,13264,-5683,-3132,8551
852,-11860,10696,-9753,-1790,7037
796,-12192,13820,-10885,-2954,6297
3484,-11876,7320,-8270,-260,3624
1160,-12284,12060,-4902,2680,254
608,-11420,11328,-5351,2592,883
1436,-11332,10180,-4715,4416,821
2492,-13924,11660,921,5019,-724
908,-11268,13984,6694,1336,-2516
668,-11508,11344,4619,926,-1190
336,-11516,11592,1441,1273,287
-188,-11528,11556,-460,891,562
-148,-11796,11164,-1688,494,-13
-352,-11868,10588,-2158,436,-570
