-924,-15052,6236,-1341,1026,-18
-640,-15040,6500,-1101,329,237
-6308,-15200,1016,-1350,1863,506
5660,-14112,9048,3013,-1420,-3443
-1004,-15008,6640,-455,109,-777
-656,-15068,6232,-193,145,-464
-636,-14900,6268,-120,144,-367
-680,-15068,6356,-137,129,-151
-628,-15028,6336,-163,271,-32
-968,-15176,6408,-239,49,-213
-936,-15076,6432,-238,-37,-345
-776,-14988,6628,-502,98,-254
-564,-14924,6524,-676,325,-144
-1164,-15104,6768,-437,150,-288
-992,-15068,6428,-521,189,-276
-1020,-15104,6320,-436,239,-271
-696,-14976,6416,-268,45,-242
-984,-15152,6376,-236,319,-376
-892,-15064,6248,-220,359,-535
-1076,-14868,7184,-102,-88,-535
