2272,-11676,11100,791,78,-385
2152,-11432,11344,268,418,-89
1924,-11440,11280,-208,-2,-67
2256,-11496,11084,-350,-88,-225
2364,-11264,10904,-533,68,-245
2372,-11384,11340,-747,11,-132
2344,-11444,11196,-663,-324,-42
2328,-11400,11188,-522,-361,13
2352,-11592,11184,-251,-481,250
2132,-11572,11340,159,-913,162
2736,-11568,10884,973,-799,424
2656,-11596,10860,1807,462,1382
2720,-11544,11172,1716,1481,2038
3220,-11192,11264,534,3409,2977
2048,-12184,12032,-591,5754,3907
7200,-14404,8448,-4846,6980,-8132
3272,-12256,10036,-6547,7257,-9098
3388,-12388,9888,-6593,7367,-6615
996,-11660,9508,-6475,6461,-7395
-3768,-11452,11220,-3278,4227,-4052
-5384,-11080,12180,2067,-703,-398
-796,-12500,10876,4908,-6711,-4307
-2828,-11056,12580,1530,-7441,841
-2148,-12636,8236,-2411,-3534,9818
2888,-13584,10064,-3012,-6013,11270
1616,-12836,9696,-1763,-8057,9443
2756,-12452,9104,-3324,-8062,11082
4612,-12892,9736,-3617,-6400,9860
5848,-13136,10820,-1303,-3919,4537
6124,-12184,12168,223,-326,1241
3048,-12752,10264,-673,383,1446
3004,-11624,12144,1247,-92,-1097
708,-12932,10088,768,1371,-322
1212,-12804,10436,-232,1478,91
592,-12892,10216,-846,603,-127
656,-12936,10100,-1212,376,-510
1136,-12796,9548,-1522,1114,-822
1032,-13068,9572,-1380,1207,-812
