-1296,-12960,9696,-303,151,-92
-1236,-12920,9784,-341,126,-214
-1208,-12972,9896,-283,-75,-346
-1352,-12904,9668,-229,60,-272
-1076,-12816,9700,-239,3,-399
-1184,-12816,9832,-249,10,-248
-1280,-12724,9744,-515,-96,-350
-1372,-12928,9804,-644,-179,-360
-1032,-12688,9700,-130,-218,-333
-1716,-12960,10372,-496,-188,-312
-972,-12992,9628,-635,-440,-463
-1080,-13060,9732,-309,-296,-252
-1324,-12844,9824,108,-648,-270
-1140,-12844,9828,-7,-527,-177
-692,-12556,9700,-213,-292,-36
-320,-12644,9752,-955,847,701
-272,-12696,9956,-1303,1977,2004
-640,-12304,8772,-5292,11,4929
-636,-13984,9176,-6290,2555,3488
32767,-768,-32768,18240,-27463,-21685
-4256,-13444,13380,-1020,2064,-1006
-8692,-14496,7852,-4212,6371,-1858
2564,-15184,9656,-3359,4108,-5515
1408,-19016,12912,-1528,2539,-3860
-2892,-14988,12656,-1654,1272,-989
-10652,-8684,4704,-2839,6867,2632
-6540,-13796,10988,-1578,-3635,169
-2592,-14252,7652,-309,-754,-2575
-1556,-14144,7604,498,-842,-1218
-1960,-14444,7752,1821,-691,-1215
-2208,-14208,7612,4131,-2029,-4313
-952,-14188,7604,6836,-680,-4403
-1016,-13596,8824,8472,-1388,-3153
-668,-13552,9164,8834,-1339,-1486
512,-17128,10040,6508,5655,-2030
-1396,-15396,8480,1282,4611,-3516
-1060,-14544,9616,154,3139,-1492
-1616,-12316,8672,-3473,1525,-535
-652,-11564,8620,-2794,-187,-244
-996,-14024,9840,-1092,-76,541
-1336,-11040,11168,-4365,-898,-484
-1592,-12488,11256,-1585,187,922
-1524,-9412,10284,-1787,-1711,-903
-720,-12340,13568,3089,274,-171
-984,-10776,12412,2407,83,-283
-1012,-12204,10180,-2003,109,-27
-996,-13360,9244,-3239,-1048,-1367
-636,-13632,8948,-2186,-532,-548
-884,-13828,8996,-1464,295,580
-992,-13912,8572,3,-104,-13
-656,-13400,8920,620,357,192
-1096,-13280,9336,482,371,98
