1736,-8260,13408,27,-698,-253
964,-8200,13596,263,-1000,-1157
604,-8124,13116,-571,-1134,-527
1988,-7972,13584,-535,-1063,-547
1164,-7664,13568,-1056,-443,-3
1144,-8564,14508,-1271,-573,545
1312,-7796,14408,-489,-1989,1115
1128,-6592,14140,-303,-4001,3197
1112,-6928,13396,-1880,-2890,3293
2704,-8568,13388,-3658,-6277,1948
1484,-8964,13488,-5060,-5638,692
-360,-8904,13120,-2398,-4907,1811
1324,-7080,10916,-2237,-5071,5834
6288,-6740,9804,-5813,-2674,5720
1536,-9836,12964,-3763,-4990,3498
528,-10752,11992,-3551,-10807,8973
10412,-9476,6328,-3335,-4039,11415
5652,-14748,14836,-6707,-4785,2790
-1488,-14584,14044,-4378,-4501,138
4964,-13044,6608,-7463,7437,6131
5876,-16300,12288,-5099,6473,-954
-5848,6600,-15288,-10696,5521,-3638
-3252,-13488,14712,-4862,-69,-6732
-1484,-11144,13132,-4886,873,1445
-288,-9360,6384,-8534,1730,8610
7132,-14160,1708,85,-3203,4785
4112,-14512,9388,-1780,-970,6064
7316,-14808,8552,-8398,1124,1515
10520,-12988,6520,-8296,4623,-11697
5904,-13000,6992,13,15026,-16177
5992,-14284,8428,47,16425,-16161
1752,-14376,5728,-3464,15698,-20185
-3136,-13852,9036,-3129,14252,-11107
1264,-15308,8752,-4166,5835,-6232
-1900,-15048,8680,-1113,2296,-4533
-5072,-14216,10712,-20,3024,-1938
1208,-13472,7128,481,8339,821
-24,-14404,8452,-401,3354,-89
-560,-15284,8092,-407,-2400,651
-3384,-15424,8016,-1079,-747,6087
-2296,-14800,6680,1283,-4780,9512
3064,-15464,6188,2722,-3960,5518
2484,-15772,6692,1407,-1736,3519
3848,-14560,7680,-273,3067,723
4084,-14508,9480,651,4486,-618
2184,-13184,11000,-3815,12660,-49
2640,-13484,9148,-5476,8930,-561
2172,-12320,9720,-7240,13769,-6384
1652,-13192,11096,-4504,16330,-5263
1260,-11968,10696,-4440,14285,-4852
-2416,-13980,11560,-6777,12619,-7056
-900,-14000,10288,-10018,10217,-6021
-148,-12164,11760,-9008,8586,-2023
-412,-14892,9192,-4563,3847,-597
-4084,-14072,10120,968,1501,3815
-2672,-18232,12220,13252,-9914,9928
-1736,-11112,6116,19178,-21230,9576
2540,-12652,4964,14517,-14188,5238
-3416,-12624,11032,8080,-5908,-700
-888,-10320,8428,7458,-9703,2075
