-1544,-13404,9052,-509,110,-211
-1588,-13460,9124,-278,108,-136
-1600,-13336,9000,-195,191,-83
-1724,-13460,9056,-413,134,-157
-1524,-13316,8984,-345,37,-175
-1632,-13344,9360,-241,56,-247
-1568,-13256,9196,-559,77,-274
-1444,-13284,9116,-604,-73,-167
-1688,-13556,8728,-337,101,-182
-1800,-13448,9088,-336,-136,-190
-1416,-13440,8964,-104,93,-22
-1668,-13360,9172,20,405,96
-1192,-13084,9376,-22,1120,835
-2204,-13500,9588,-1075,1504,2131
-1884,-13180,9000,-2624,334,2981
-1088,-13856,8108,-2978,1150,2479
-568,-15504,10872,-1940,3069,2187
-60,-21524,10668,-1599,6437,-1425
-3980,-13540,6888,-1983,10510,-1092
-4136,-10284,4580,-1918,3959,-2507
-1384,-15592,10228,-3347,1525,-2957
-3712,-12956,6464,-2831,4487,-2011
-2056,-11548,4544,-892,2070,-2070
-7492,-11416,7740,-1811,5859,514
-6372,-14748,8316,-1091,-2379,-609
-2516,-14264,7628,434,-1108,-3089
-1700,-14076,7376,849,-627,-328
-2516,-14200,7808,1518,-784,-704
-2088,-13756,8156,1436,-1171,-1754
-2480,-14300,7776,806,-1524,-1720
-1916,-14460,7824,3551,-2064,-2734
-1532,-13988,8152,4919,-1730,-2200
-1944,-14376,8584,6751,-1424,-1856
-1476,-13964,7876,8018,-1640,-697
-2240,-16996,11208,5693,4323,-3606
-572,-13812,7348,-328,4280,-653
-900,-14524,4904,-1814,2918,919
-176,-15184,9412,-2685,2163,157
-1240,-12676,8872,-4407,-334,-357
-380,-13104,8124,-981,32,269
-1956,-12452,9324,-608,-1511,421
-1460,-11652,10860,330,-1032,-434
-2032,-14020,10524,2990,-1148,-635
-1656,-10192,11832,2131,-1309,-1060
-1168,-12192,10196,-729,-746,-826
-1412,-13156,9732,-3828,-640,-1306
-792,-13636,8568,-3262,-643,-610
-892,-14048,8648,-1247,-296,-207
-700,-13736,8720,323,-352,-267
-608,-13460,8880,404,0,-31
-832,-13476,9196,173,-151,-175
-1064,-13408,9276,-24,79,44
-1164,-13364,9104,-219,170,-23
-1272,-13280,9380,-389,-247,-149
