-1524,-12992,9520,-247,45,-153
-1844,-13052,9472,-392,199,61
-1796,-13032,9664,-446,-76,-237
-1436,-13056,9264,-410,-80,-268
-1544,-13092,9532,-289,31,-82
-1708,-12932,9456,-454,153,-37
-1672,-13216,9404,-491,7,-238
-1644,-13144,9324,-494,28,-212
-1440,-12944,9216,-763,183,-73
-1696,-13272,9424,-811,62,-163
-1348,-13008,9332,-873,-112,-180
-1660,-13088,9484,-708,168,37
-1652,-13036,9484,-680,96,-8
-1456,-13208,9308,-638,227,150
-1628,-12908,9352,-473,-318,6
-1540,-13232,9088,-453,172,226
-1588,-12948,10292,-466,-334,1100
-1480,-13480,9604,-307,729,551
-2012,-13888,10604,-617,1542,302
1408,-13744,5292,-731,-301,-392
-756,-11196,7464,-521,1683,-1086
-972,-12120,9220,-640,-525,-1400
-800,-14040,8468,-467,1950,-2327
-392,-15496,6728,-855,1659,-2252
-1468,-14444,10180,-1944,657,-201
1076,-15228,8400,-441,139,-2508
-1384,-11416,7772,-434,709,-1785
-192,-11632,6424,-1431,2534,78
-1628,-14252,10196,-978,227,-866
-1816,-14180,10484,-579,382,-490
-1208,-13152,8712,-437,516,-1285
-940,-13296,7796,-786,442,-479
-1488,-14440,9292,-771,-24,-2212
-2692,-12856,9980,-416,-86,-274
-2236,-12512,8976,-122,-490,330
-2788,-14176,10656,169,-217,411
-1204,-13452,9208,-204,4,-688
-1168,-13360,9088,-648,135,-783
-1140,-13456,9040,-958,1,-538
-1088,-13632,8904,-840,21,-718
-1204,-13608,8756,-608,44,-1149
-940,-13648,8816,-70,-139,-1653
-1052,-13436,8756,898,-627,-2217
-868,-13896,9404,1558,-805,-1904
-520,-13632,9104,2254,-1596,-2021
-1400,-13000,9488,-1009,-431,-1305
-668,-13652,8400,-1426,610,23
-1004,-11748,6656,-3683,984,99
-1052,-13420,8160,-3037,1495,-31
-988,-13536,8700,-2242,1589,-610
-300,-14356,9248,-1060,1105,-845
-540,-14032,7984,-284,996,-155
-1732,-12628,7804,-280,-94,196
-652,-14500,8516,-377,319,98
-844,-14232,8664,-752,1400,205
-448,-13836,9120,-1444,1980,189
-560,-13764,8096,-1224,1442,282
-1396,-13308,7580,-1376,1529,-10
-1252,-13884,8168,-1207,1137,-506
-844,-13632,8332,-964,802,-229
-856,-12356,7496,-1267,277,-498
-548,-14368,8320,-1008,1066,-151
-1200,-13588,8248,-707,1161,-588
-1960,-13736,8928,-682,1695,-1280
-896,-13052,7644,-711,1246,-594
376,-13180,7528,-1028,3017,-2043
-928,-14148,8428,23,2810,-884
-1764,-14232,10772,-115,473,-1139
-1740,-13080,9604,-581,1197,-1610
-892,-13712,9012,-472,1254,-1211
-1128,-13632,9128,321,1061,-599
-272,-12912,9868,2009,450,-695
-1088,-13672,8764,807,175,-242
-1200,-13712,8624,-1127,73,29
-1444,-13972,8456,-1817,-99,-23
-1020,-13828,8192,-1929,-309,-257
-1156,-13920,8232,-2033,-453,-176
-1160,-14260,7900,-1893,-26,-432
-1104,-14132,8052,-1213,-107,-359
-960,-14076,8036,-900,-31,-219
-1136,-14224,7868,-538,103,-82
-1212,-14208,7888,-384,153,117
-1216,-14260,7888,-355,260,37
-1100,-14188,7804,-339,98,-303
-1140,-14184,8112,-418,110,-254
-1024,-14220,8088,-491,-102,-203
-1092,-14164,7972,-354,144,-177
-1224,-13996,7980,-256,35,-276
