-1504,-13388,8840,-237,114,-189
-1556,-13344,9216,-585,-38,-13
-1808,-13376,8708,-628,29,59
-1840,-13540,8756,-528,657,465
-2056,-13600,8924,-231,168,8
-1868,-13504,8996,-54,-135,-340
-1556,-13236,8764,-7,61,-393
-1820,-13376,8800,-437,288,-121
-1564,-13420,8904,-740,41,-278
-1860,-13484,9128,-548,-247,-447
-1708,-13376,8920,-321,-55,-5
-1824,-13460,9084,-220,-6,-85
-1644,-13440,9056,-276,-73,-106
-1584,-13412,8776,-459,-71,521
-1476,-13288,8760,-386,191,879
-1760,-13840,8572,-277,896,1010
5516,-31768,22120,-4273,-362,-6766
-352,-12364,8948,199,3284,-2322
1844,-11760,7120,213,3418,-2302
-3232,-14476,8340,131,3269,-3130
-528,-13104,8192,-377,-240,-1769
-416,-11316,7120,65,1583,-368
-3624,-13096,9644,-1287,137,-3253
-3960,-13320,9356,-1122,1651,-1965
-4388,-13004,7476,-903,-806,-746
-4512,-12808,8884,-434,-767,-216
-2944,-13444,9400,206,-661,-1867
-1824,-13664,9024,-1612,-787,-3108
-2212,-13808,9228,-2288,-2540,-3492
-1064,-14220,8532,-1885,-4075,-3234
-1224,-13704,7780,453,-5181,-2900
-3436,-12216,6400,-930,-2801,3037
728,-14036,7284,-1724,-1456,1165
-944,-13384,7376,-1074,-284,491
-236,-13740,7024,-2314,-171,2170
-684,-14512,7680,-3325,1048,263
-264,-14764,7124,-2212,1533,-374
68,-13552,7824,-760,-889,-725
-1072,-14852,8008,-472,-541,-138
-1124,-14188,6552,-1662,455,8
-752,-14408,7524,-1426,147,117
-1160,-14484,7864,-1453,2144,302
-808,-14596,7092,-1610,2054,-387
1204,-14396,7548,-1448,5178,-2855
-1252,-14256,9492,-682,4807,-2466
-668,-14132,10420,-47,2998,-1856
-1140,-13768,8284,-1150,2475,-1613
-1184,-13648,8568,-1449,2478,-1352
2908,-15208,6000,7326,-7388,3482
-388,-14240,7708,1239,-2836,1400
-936,-14364,7944,-1443,475,1221
-1216,-14372,7776,-1387,32,504
-912,-14996,9096,-525,-127,-505
-724,-14348,7472,-974,66,-457
-932,-14308,7748,-517,-208,-414
-1132,-14580,7748,-363,105,-54
-1124,-14316,7528,-527,277,110
-1000,-14292,7844,388,309,-258
-1248,-14404,7392,873,516,-179
-1208,-14048,7992,1070,24,-337
-1160,-14260,8184,490,-147,-377
-852,-13992,8176,-196,-23,-612
-852,-14068,7980,-420,-210,-358
