812,-13440,9040,-241,73,-427
900,-13452,9088,-310,-37,-478
1132,-13328,8596,-589,68,-404
600,-13508,9276,-438,-200,-534
612,-13660,8996,-568,69,-457
912,-13424,8884,-537,74,-241
1052,-13472,8856,-422,147,73
1080,-13520,8964,-316,48,286
708,-13732,9084,-82,130,377
568,-13716,9336,239,272,439
1088,-13504,8996,449,616,954
660,-13396,8900,687,1319,1445
1036,-13236,9196,1111,1548,1839
1084,-13764,8976,1287,2774,1956
-10264,-30180,22144,-3503,337,-2127
6356,-6704,6704,-2603,94,-5042
8520,-19912,5444,-3704,-1053,-5065
9688,-3224,-7520,-155,3977,-2525
10344,-17060,14112,224,-327,-5184
716,-26508,24864,-564,1928,-6548
11388,-17668,11324,-115,-7269,-6272
4384,-15068,12648,106,-5362,-4118
8856,-19056,6204,596,-2986,-3872
-1732,-13180,9668,2342,-1935,-3546
-244,-13664,9840,1025,-4569,-6691
-4100,-17348,14068,-2924,-2239,-2594
-2484,-13900,8104,-4717,-1614,4970
-700,-13100,6876,-4043,-433,9463
-2944,-10436,7856,-4047,685,10066
-2104,-12804,11680,-5182,-1138,7844
1800,-14452,6068,-7442,564,6386
148,-12532,8952,-9010,-831,4269
3408,-28184,19196,-5704,-1853,-286
4424,-23792,26300,175,2023,-2806
944,-19564,13716,-1701,-503,-1545
-3272,-508,-1012,-3194,3394,1569
7908,-5644,7492,3840,-2806,-3988
-384,-14520,6804,1638,474,-384
-652,-14680,6968,576,503,669
-1012,-14764,6744,181,405,444
-1224,-14828,6888,-222,119,-441
-980,-14740,6860,-574,236,-678
-864,-14672,6988,-700,262,-369
-1112,-14948,6700,-712,237,-132
-752,-14872,6664,-641,167,64
-1064,-14728,6632,-385,376,181
