928,-9740,13200,565,446,-266
1188,-9404,12728,556,39,-524
932,-9380,13272,18,341,-360
984,-9316,13132,-474,493,-297
912,-9400,12972,-582,196,-442
948,-9568,13264,-622,-25,-261
1156,-9448,12936,-605,137,-83
904,-9664,12992,-470,116,-293
1128,-9532,13052,-202,-32,-341
1624,-9440,12724,-229,-351,-147
1024,-9588,13180,-332,43,-21
1100,-9428,13108,-331,-147,-95
920,-9388,13040,-18,-347,-148
884,-9720,12464,749,-687,-392
692,-9544,13440,1686,-1437,-457
1204,-9108,13480,787,-671,238
2064,-9052,13200,-67,711,1344
2172,-9400,12860,-647,3642,2650
1404,-9396,13432,-916,4271,3560
9404,-7204,5468,-4819,18597,-4921
5192,-11028,11928,-7713,3637,-8515
720,-10176,11520,-6512,7266,-6428
-1584,-10736,13568,-3140,5284,-5617
-5280,-10476,13352,-2037,2957,-1271
-4712,-9852,13132,1183,-3190,-325
-3384,-10868,13500,1994,-8659,-5625
-5684,-7696,12864,-671,-7622,3826
16,-11924,12028,-2237,-4124,11381
3544,-12276,11764,-1641,-2735,8902
1736,-12484,13296,-3111,-4755,5195
1128,-11728,12908,-7012,-1606,7963
2900,-11436,10900,-6227,-976,5878
2064,-10712,10364,-4134,436,2363
1648,-12824,13416,-5263,1200,2325
1656,-10860,10548,-4900,2236,941
2128,-9168,9440,-2591,3179,-249
1588,-11912,12240,1376,1296,-1761
656,-11252,11748,3251,419,-1146
216,-11672,11156,1039,1249,-55
-32,-12016,11192,106,796,-8
-648,-12024,11088,-602,1363,-447
