2652,-7136,14212,39,745,-281
2420,-7116,14632,-189,256,-396
2448,-7092,14004,92,-83,-553
2640,-7028,14056,-155,123,-264
2712,-7272,14264,-318,-283,-319
2460,-7148,14224,-559,-752,-356
2664,-7048,14180,-731,-588,-103
2672,-7300,14104,-549,-880,310
2388,-7260,14396,-201,-2662,457
3860,-6844,13272,247,-1615,664
3396,-7064,13852,293,-1691,574
4048,-6992,13432,53,-372,292
6172,-6432,11852,415,3307,1425
4984,-7460,13324,224,8232,2789
2460,-7012,14584,165,8094,2975
472,-7364,21444,-4362,9988,-22131
6032,-8044,14144,-3133,7488,-18506
-4224,-8084,17100,-787,4959,-8980
-2252,-7272,16124,-2492,3944,-8432
-9488,-7916,15036,-29,1667,-890
-2384,-8740,15396,-105,-3517,2063
1192,-8596,13992,-1246,-8779,1099
-4544,-9960,15080,-1809,-9333,8318
1484,-9332,11132,-3346,-7410,16894
6836,-10044,13328,-2929,-7746,14414
6412,-8872,11084,-4164,-6174,10097
6128,-8520,13000,-6417,-2931,9091
2348,-9360,12404,-6293,-2864,7132
3880,-8636,13372,-6136,-2486,5524
2260,-8732,12804,-5868,55,3897
3800,-11512,12044,-4589,-20,1688
3268,-9444,11828,-2882,-571,518
3052,-9012,11568,-1290,302,-107
2784,-9120,12916,1795,1453,-1432
