-1320,-10840,11496,-892,481,-577
-1112,-11600,11720,-494,-616,-670
-164,-11412,11764,-445,-904,-468
-532,-11348,11712,-772,-329,-150
100,-11076,11668,78,-237,-295
-256,-10984,11524,-181,122,-432
-844,-12228,13032,-232,26,-521
-1336,-12012,14080,1046,-862,220
1452,-8856,14612,944,-934,-387
-1260,-9636,13888,-841,518,-1720
-2204,-9248,10856,-25,-2814,-2757
-3176,-13300,14540,1515,-10570,-5120
-488,-10220,9436,-2217,-5821,-1111
744,-8556,8456,-5303,-10209,479
3320,-9808,8960,-4141,-11885,-3510
4712,-11144,10520,-7236,-10673,-3775
7016,-12716,8784,-10369,-7713,-5253
8892,-13156,8912,-7673,11084,4179
13688,-10168,12896,-1912,2424,-4385
9580,-8728,7064,3822,10875,-7285
-644,-14048,6484,-562,11356,-6843
-7016,-19480,8008,-3666,8884,-3792
-10776,-20320,6140,-556,1766,-4105
-7368,-23612,3740,-7418,-5686,7177
4168,-15140,6780,-15290,-14989,23276
11748,-8000,9232,-8353,-12130,11824
13884,-7152,18348,-598,1093,-246
4848,-12000,10660,-7612,6496,-5618
3212,-12824,10652,-1702,5435,5723
3236,-13428,9152,10253,11231,2241
-1316,-14048,10636,5248,15181,4338
524,-25868,12200,12087,15430,3115
292,-7908,5060,7109,9616,6228
-1984,-5924,6780,751,4299,2910
