-1208,-12880,9828,-245,0,-288
-1264,-12964,9644,-53,-20,-238
-1388,-12832,9844,-483,81,-288
-1308,-12664,9956,-466,117,-296
-1208,-12712,9896,-218,193,-90
-1424,-12840,9792,-220,136,-98
-1316,-12716,9972,-117,-48,-323
-1336,-12692,9848,-418,-7,-230
-1332,-12880,10260,-578,-59,-341
-1216,-12900,9876,-563,39,-193
-1272,-12848,9860,-283,-113,-367
-1316,-12868,9940,-567,41,-187
-1264,-12876,9856,-488,-43,-133
-1444,-12752,9708,-359,-217,-291
-1104,-12760,9868,-298,6,-170
-1124,-12784,9996,-323,-84,-194
-1432,-12868,9716,-130,-48,-172
-956,-12668,9848,-195,49,13
-996,-12720,9932,-342,280,428
-1040,-12672,9792,-458,1058,1481
344,-12836,9024,-1099,3313,4527
-912,-13460,9272,-4329,1565,4391
-792,-12404,9984,-2686,4395,2990
-6372,-7680,2456,-6040,10293,1999
-1468,-14740,9268,-2274,9715,-1574
-8480,-8356,3392,-1302,8331,-418
-1628,-15828,13180,-2794,2854,-4238
-3932,-11520,5636,-1581,4708,-2177
-1504,-11020,5940,224,7500,-4068
-5848,-13092,5680,-784,4027,-412
-13136,-6388,4488,-340,5515,6278
-1352,-13548,7036,1275,-1523,-4214
-1192,-13204,8728,-269,-151,-302
-2456,-13736,8784,-242,-299,262
-2472,-13528,8656,291,-1252,-1369
-1936,-13280,8804,191,-1475,-1557
-1780,-14164,8476,590,-2225,-2420
-1560,-14560,8332,2617,-3310,-3696
-1032,-13872,9008,4300,-1591,-1851
-1732,-13192,9540,5622,-502,-1330
-2672,-13444,10552,6947,-894,-473
-260,-15244,6600,1072,17,-2363
588,-12860,9280,-1339,-179,-2048
-2044,-15752,9980,87,1963,863
132,-15632,7080,857,3157,790
-1276,-13880,9808,-2766,2117,-212
-2532,-11164,9948,-2823,1924,33
-2348,-12764,11244,-2040,-1250,-79
-1596,-11484,10624,-3836,110,-401
-520,-12600,11688,-1469,254,-519
-1372,-10176,11956,-3039,-1519,-1227
-1928,-10792,11976,-354,-1261,-1298
-1588,-10740,12780,1189,-688,-2128
-952,-11180,11980,709,-785,-1055
-916,-12592,9604,-2530,-373,-257
-1344,-13628,9452,-2479,-930,-965
-640,-13580,8908,-1312,-691,-597
-404,-13504,8912,-170,-149,-100
-360,-13340,9036,273,114,71
-668,-13528,9360,375,247,224
-944,-13240,9360,53,270,-93
-928,-13012,9424,-322,49,33
-1060,-13136,9548,-586,119,130
