-2736,-15388,5016,-441,-3,-338
-2504,-15332,4996,231,30,-393
-2504,-15392,5180,-54,197,-84
-2476,-15260,5128,-642,74,54
-2624,-15260,5184,-330,56,277
-2756,-15224,5368,-378,-164,-269
-2608,-15228,5052,-279,-86,-334
-2828,-15544,5316,277,65,-227
-2856,-15280,5400,42,249,6
-2624,-15116,5264,-531,216,144
-2964,-15420,5084,-1190,225,240
-2644,-15316,5144,-991,86,354
-2916,-15164,5328,-1269,-74,740
-2584,-14896,5216,-3574,98,1929
-2384,-15008,4964,-4616,-722,2668
-2216,-17384,5416,-682,1361,1854
3460,-18300,-2648,-9496,1363,8032
-21700,-9424,3256,2683,24288,9236
8596,900,-25684,4096,29701,2132
-3836,-14856,4344,-319,-408,-3481
-5652,-13872,6320,-652,3776,-2500
-5332,-11676,1620,-594,5457,-370
-3624,-15100,6608,-1318,3307,-2133
-4356,-14392,4596,-1601,2985,-1490
-4996,-14420,4756,-324,1377,-1416
-5140,-12612,2936,-3394,-198,-4498
-4588,-14328,3580,-3713,2392,-1922
-6096,-13796,4532,-3105,1855,101
-4308,-13524,3876,-330,1071,997
-2972,-12464,2816,2221,-2492,-1451
-756,-12772,2788,2432,-3125,-609
-892,-15020,5808,-1285,-2626,564
-808,-14932,6100,-2772,-3532,1236
-3952,-15116,10648,-3462,-536,1268
232,-15564,3308,-5740,1991,4290
-1912,-15992,3884,-3413,-173,6017
-124,-3204,-7292,3889,5273,1247
1092,-16184,7684,-3019,574,1347
-2920,-13796,1516,485,1932,-124
-1212,-19472,10564,966,231,-3128
-976,-16800,7876,-241,607,-2627
-5484,-14084,4192,-370,1877,-1352
-2316,-16932,5116,287,953,-1516
-5008,-14744,3560,1886,2103,-1272
-4064,-16800,3876,1711,669,-1301
-4596,-14228,5528,-2026,1597,-1141
-3408,-15356,4052,457,2126,-340
-4436,-14668,4444,1347,2312,-606
-3364,-14160,2740,540,1654,-1982
-3612,-15616,5424,823,2504,-150
-5048,-12868,4280,-509,673,-1561
-4512,-13416,2576,-1136,800,-1501
-4040,-14620,4244,-1777,2436,102
-5040,-12704,3868,-1055,-617,-124
-5324,-12384,4652,-1668,409,1582
-3600,-14688,8212,-1625,-2491,883
-4728,-13500,4980,2491,-2888,977
-3504,-14020,5092,-1,-1460,112
-3344,-16096,7664,-2273,-137,957
-3872,-16464,6764,-1312,-1336,655
-2968,-14924,6476,-32,-2265,-621
-2812,-14704,3156,2846,310,770
844,-14108,4612,-2187,-389,3088
-1044,-19408,7788,-3782,-1716,1733
-1276,-16300,4556,-6599,-1832,853
-144,-16832,356,-10783,-3533,-3191
-3800,-15504,4096,-1201,-868,801
-4332,-14852,4432,2662,-981,1844
-3592,-15148,4140,4744,688,505
-4040,-14648,5376,4904,1336,60
-4344,-14460,6216,2691,654,69
-4460,-14168,6172,721,227,106
-4576,-14352,6100,-284,214,-135
-4340,-14628,5652,-1024,107,-512
-4208,-14824,5708,-1416,189,-788
-3936,-14568,5772,-1383,158,-850
-3916,-14960,5516,-1177,137,-724
-3904,-14700,5568,-642,84,-403
-3948,-14720,5496,-171,-101,10
-4328,-14720,5640,466,61,272
-4160,-14784,5572,828,43,601
-4256,-14692,5972,790,-41,394
-4192,-14512,6016,421,90,-237
-4240,-14556,6036,185,216,-253
