2500,-13876,10212,1288,-1001,1435
4568,-13396,8680,1514,-622,1094
4136,-10024,9004,2272,700,1419
9116,-9068,6464,4920,1752,-524
4340,-13340,8372,2547,2297,-641
-2344,-14356,12448,-353,4714,251
9596,-7696,6392,-206,184,-2188
-2248,-4004,-1068,-1837,8916,631
-9884,-19144,11080,894,9795,2002
5064,-13884,12332,843,-341,-4294
488,-13124,9264,26,3189,-3080
1200,-14452,10252,-983,2012,-3716
48,-13812,9636,-2360,3148,-3757
-956,-12236,10640,-3002,1405,-3197
-972,-11756,10648,-2008,-1638,-2536
-976,-12692,9828,-994,-2375,-1348
-864,-13292,10864,-2398,-2542,959
-500,-11860,10816,-2172,-4177,2088
-1340,-12748,10556,-3115,-4275,5397
1404,-12956,8776,-578,-3730,8970
9664,-13880,5336,4532,-2045,4497
11564,-14108,5840,-120,835,-9483
4216,-12352,8912,-1296,2666,-180
7212,-12232,7964,-61,8780,5139
8160,-11716,3424,980,5387,-6062
896,-12004,7764,-1051,3618,-4187
2252,-14064,10980,-2488,4062,-2062
1536,-8384,14212,-3910,-2938,-6967
-3692,-12332,6684,-1846,3308,-2351
-1684,-10720,8612,-856,361,376
-1136,-14964,9876,-2377,-1278,973
-828,-12340,11644,-3006,-1121,811
-108,-15060,10840,320,-2759,1301
-276,-13072,8812,532,-3213,2322
-1192,-15188,14024,1949,-4573,368
2780,-15492,9488,2819,-3152,160
10036,-16640,7448,2600,-2174,2072
2272,-11956,8376,819,-169,1880
10104,-10584,6716,-236,120,-2246
