816,-12392,10692,-471,-140,33
640,-12548,10624,-539,-402,153
576,-12540,10732,-573,-479,5
860,-12680,10412,-574,-649,48
640,-12616,10384,-631,-592,-202
504,-12580,10180,-609,-346,-129
752,-12680,10460,-484,-220,167
920,-11996,10232,493,-544,2
360,-12724,10840,452,-545,79
888,-13548,9596,249,-640,-545
2720,-12992,9676,1153,-1962,-909
8152,-11276,11972,4230,-3376,-6130
3936,-12196,9896,5713,-1651,-11199
412,-13424,8940,2008,4448,-9984
-2616,-15188,7272,-4888,1455,1001
-2576,-13292,11356,-8904,-462,1541
-5160,-13152,10732,-7686,-709,9093
-964,-12156,9692,-8568,3689,15181
9052,-11760,11716,-4338,3322,7870
8664,-11336,14976,4855,-515,-6781
8480,-15060,9292,4507,-1016,-16816
-5148,-15128,8996,-5051,3999,-11984
-4800,-14468,7736,-13329,-4420,-2171
-7156,-15600,6724,-10018,2862,3624
-2476,-13188,6256,-10745,3486,10870
376,-10924,11632,-9992,5507,13179
4544,-13532,12324,-2790,1778,5501
5256,-14016,11868,2175,-4146,684
2852,-15812,7952,-238,-3558,348
2252,-16020,8300,-1091,-2018,-5200
1900,-17132,7180,12404,-1638,791
-1148,-13204,6692,7945,3525,-2186
-544,-11240,6824,2733,-3349,-324
-972,-12968,8320,5483,-1061,-2060
-636,-12512,8056,6587,-1433,-500
156,-13684,7740,584,-1417,-791
-188,-14356,9408,594,-485,-566
