-2844,-13768,8544,-723,308,198
-3248,-13536,8348,-772,-77,143
-2644,-13860,7600,-903,58,148
-2800,-13544,8200,-1092,-98,-90
-2376,-13776,7808,-1625,-433,-215
-2624,-14052,7744,-1681,-322,-580
-2348,-13748,8012,-1173,-316,-474
-2748,-14128,7960,-1233,-326,-317
-2268,-14044,7660,-1309,-417,146
-2324,-13692,7948,-1871,109,1587
-2036,-13276,8248,-4094,322,3131
-2880,-14172,7460,-6630,-114,2294
-3080,-14428,7192,-9385,-908,2971
3136,-15368,8484,-7303,2222,957
18336,-14392,-16060,-16953,2959,11734
-4268,-25700,8976,-6000,1188,6448
-4532,-14956,8288,1462,9809,-311
-2272,-13612,2544,1992,5871,-2741
-4848,-14528,4044,3811,6136,-1650
-3636,-14128,5288,610,5852,-2286
-4160,-13488,5864,-1434,3311,-3488
-4976,-13904,6576,-2363,1766,-3404
-5100,-15044,7168,-6429,3047,-2422
-6828,-11872,5316,-4726,2306,-2472
-4716,-14176,7976,6243,-2347,-3751
-2980,-15372,12088,487,-7370,-3127
-2760,-14064,5564,-4541,-5001,282
-1376,-15892,8224,-4068,-6200,1390
1300,-16616,9508,1405,-8468,-2233
3284,-14644,6384,1640,-3791,-1379
628,-13848,8436,-4264,3197,-2216
348,-14500,5708,-4044,1926,6647
964,-15292,4180,-319,6958,10325
7000,-2468,-712,11091,-801,-3327
368,-16816,8784,3102,-19,-993
-3828,-14224,5648,1052,3952,-1452
-2836,-14996,6260,82,3475,-695
-5284,-14848,6480,1603,4106,137
-3292,-14588,5496,1281,1280,-1257
-2996,-14696,7048,819,2211,-1148
-3376,-15120,5804,465,2116,-1904
-4508,-15244,6296,2302,3550,-1549
-4240,-14244,4952,-2797,2859,-2577
-4400,-16044,6172,-2218,2142,-3726
-5300,-14088,5580,-5992,3439,-4270
-5256,-14676,5236,-4519,1271,-3343
-5716,-12940,6008,-7703,1248,-2235
-3776,-14836,5396,-7760,858,135
-3948,-12240,3968,-3422,-2166,1176
-2820,-13888,4168,27,-2101,623
-1040,-16216,6088,846,-2660,40
-832,-14560,4860,3382,-1243,-1691
2176,-17652,6064,4188,-1925,-2890
-2384,-13888,8080,-177,1373,-4308
-1344,-15088,5200,-1878,733,1306
-1876,-14988,5480,-902,-81,3298
-2544,-15680,4896,944,-723,2750
-2668,-15300,5292,2508,-76,2037
-3048,-15120,5672,2427,-33,513
-2824,-14820,6044,1265,-318,-257
-2844,-14916,6064,-864,-108,-421
-2920,-14664,6444,-1102,-108,-748
-2712,-15004,5920,-1141,-176,-831
-2392,-15116,5660,-789,72,-316
-2536,-15000,5760,-254,-106,-442
-2424,-15088,5476,234,100,-55
-2616,-15024,5972,237,63,72
-2292,-15164,5256,323,-226,36
-2676,-14956,6108,1103,-257,-238
-2644,-14852,6116,221,-277,-25
