3456,9428,12068,-54,33,-460
3508,9940,12476,23,-375,-601
3260,10132,12288,-551,-494,-318
3868,10220,12444,-135,-123,-100
4184,9652,11616,-1450,327,154
3556,9288,12232,-1303,-722,-507
2936,10444,13104,-1107,-776,-512
2964,9768,13696,-2395,-1628,377
4132,9228,12316,-1880,-1324,392
4964,8980,11064,-1831,-1436,-904
4700,10760,11860,-405,-359,-621
5240,9376,11288,56,-26,227
3448,9104,12792,117,1127,-162
3624,10012,13292,-2341,-359,-364
3868,8692,12196,-623,115,-514
4576,9276,11552,585,851,-370
4144,10384,13220,-1227,303,-120
3212,8916,13204,-293,265,-130
3652,9296,12732,-1023,311,-590
4180,9796,12068,-933,-799,-1049
4536,9832,12388,-661,-138,-683
3672,9292,13096,-1991,1472,-1877
3384,9632,12616,-900,495,-663
4104,8972,13140,-2042,-738,820
4032,8664,12884,-2253,-85,-703
3500,5916,11880,-556,1881,-1723
2880,8488,13256,-2369,3196,-162
1752,6896,13924,754,1469,-1289
984,6612,12056,2943,4687,-3032
4076,6792,11292,3519,6543,-1979
3172,10168,14516,3741,4949,-2955
5888,7596,8416,3328,4285,-4250
4384,9068,8272,12308,8434,-2972
-280,12288,13420,11040,18694,-10080
-5312,13176,11680,3120,1802,-6403
-7752,12068,10752,1831,-2285,-13447
-2652,17400,8912,2656,-7789,-6400
1860,14192,8276,2550,-3944,5217
2404,14884,11524,3663,-392,2271
4584,13292,9784,1928,-1108,2322
4944,14292,9156,2173,2365,2727
7448,12564,9536,2179,1241,4235
9968,10156,10420,2843,4373,9691
5588,10116,8712,876,7552,14876
-1136,12716,18260,2336,9590,12078
-5432,13232,14552,1037,11587,10992
-14812,11000,10120,53,6587,-517
-6960,14644,7884,-1127,1030,2215
-11032,21132,19028,1105,-7958,-11161
-824,17892,3636,-1003,2112,-3307
100,14768,10752,-1922,-1423,5109
7592,12044,11336,-817,-4940,-1055
8176,11756,10560,-139,-8937,-5878
6696,12476,12360,-1013,-7767,-5147
5488,15988,9816,-3684,313,-185
2700,7796,10592,-4342,2530,4095
5540,10700,11640,-4738,10032,7337
-4284,16192,23056,-5402,6822,9797
4864,8048,13192,-5077,10790,10734
-9092,7008,17852,-1966,1614,5572
-1168,11504,11360,-2341,4129,8497
-5564,12004,4864,-1760,522,3871
-4024,14872,9484,-1657,-1554,2064
4072,10692,9184,-3584,-2504,5748
5664,8940,11840,-899,2048,-832
508,11460,12388,-97,1274,-1803
832,11224,12432,-1257,-1347,278
2272,10048,12572,-686,989,-1144
1456,11168,12104,-591,288,-294
