-3236,-13204,9340,-2215,-199,-209
-3088,-13172,9640,287,-537,11
-2732,-12484,9056,376,-366,101
-3384,-12864,9764,-247,-143,125
-3436,-12936,9492,-207,-229,-195
-3504,-13368,9780,1086,121,-545
-4120,-14360,11344,3114,-719,-725
624,-10796,7316,7108,-2679,-294
-3572,-11164,12016,588,-1196,-555
-2924,-11800,11704,-2142,-2588,-142
-4868,-10952,8180,-537,348,1575
-3560,-13348,16040,194,-225,-1317
564,-13592,12400,-2183,-4277,1316
-4116,-11832,11908,-778,984,-561
-2116,-11564,10764,-1394,31,-850
-3128,-12488,10440,-2200,854,1156
-2992,-12628,9288,-3609,-1609,1518
-2712,-13444,9384,-9716,-310,1735
-1076,-14496,9956,-12163,-518,80
-1616,-15076,8868,-8212,-1124,-2348
-1632,-13360,8688,-6959,-1737,665
-1992,-13136,8292,-7731,-545,3216
10196,-32768,32767,32767,-9102,2613
-2080,-19196,8540,-14102,1879,8407
2328,-25692,9140,-10314,6324,9024
6412,-16048,9132,5804,5179,-6500
-3432,-14720,9056,1165,2822,-3156
-1520,-15876,7908,875,3361,-3578
-5388,-14532,4332,-193,5398,-3432
-3612,-14872,6068,-2669,4668,-3290
-4040,-15100,6820,-5981,3999,-2313
-3820,-14560,6100,-3704,3610,-2038
-3868,-14448,6408,-1434,2831,-996
-5412,-14748,7528,-1776,773,-1732
-5264,-14336,6660,-4440,843,-594
-7688,-14296,6976,-4261,-932,-1444
-5732,-14152,7076,-144,-844,237
-6580,-13560,5948,723,-810,327
-6520,-13084,7408,2294,-2354,608
-4968,-14684,7592,-1091,-4392,2337
-1840,-14372,8264,578,-5875,1892
496,-14408,8552,2843,-3891,629
636,-12944,6364,171,-2364,2122
2016,-15368,8724,-612,-2030,1953
1264,-15428,9520,547,-742,2926
120,-15800,7616,386,369,519
-364,-15012,5124,1069,1862,215
-672,-14952,4576,840,3863,-1315
-1632,-15260,4788,1198,5146,-2713
-2668,-14656,5392,-278,5237,-2835
-4144,-15332,6344,358,4388,-1800
-5192,-14748,5996,551,2207,-1567
-6104,-14728,6044,-94,1789,-2673
-5092,-13560,4748,-2020,1747,-2702
-5720,-14184,7436,-2042,336,-1924
-6456,-14044,7732,-1778,-160,-2095
-4304,-14484,7344,-1867,1214,-816
-6880,-14132,8452,-3164,-491,-112
-5968,-12780,7500,-2371,-2982,1476
-4344,-12692,7324,1402,-2746,1229
-2784,-13700,8124,3400,-3786,1359
-452,-13480,8848,3307,-3669,2260
1596,-13560,9832,5853,-2741,1228
1212,-13416,9816,-767,-801,903
-904,-14112,9700,1406,1476,3723
-892,-14212,8620,302,745,1610
-2392,-14936,9736,1287,804,1329
-1740,-24120,16440,7674,-260,867
-5320,-14840,7140,-13287,2571,1911
-4968,-25596,10964,-6064,12174,7337
-2648,-13844,6664,1155,592,479
-2712,-14712,6528,4270,-948,551
-3184,-13528,8476,4986,-168,578
-3360,-13592,8256,3081,-20,498
-3264,-13460,7984,1184,243,662
-3728,-13280,8412,-163,356,209
-3688,-13400,8108,-479,-606,-541
