-2956,-14884,5936,217,360,-350
-2764,-14916,5800,68,141,-438
-2812,-14928,5952,-51,37,-206
-2756,-14788,5748,-147,139,-174
-2788,-14848,5960,-346,121,-269
-2876,-15080,5872,-566,61,-82
-2744,-14924,5924,-845,116,-256
-2664,-14852,5920,-1048,159,-410
-2520,-14664,5996,-1629,-124,-122
-2928,-14996,6032,-2461,-88,437
-2860,-15056,5552,-3015,-143,475
-2588,-15084,5244,-2715,102,456
-3204,-15272,5676,-1612,796,764
-3060,-14896,5816,-3999,45,355
-3088,-15052,5280,-5927,-11,813
-3132,-14776,5144,-9059,-849,1595
-10124,-6728,-3856,-5537,10622,4064
-3148,-16652,7088,-16260,876,4239
15680,-32768,32767,32767,-18889,-16558
-13072,-10904,15056,-1560,-3653,1219
964,-21068,11460,1514,-4408,-1252
-680,-14496,2384,1150,-1420,-1317
-2900,-16244,8060,3096,1444,-2096
-5488,-12096,1416,2287,3579,-230
-1564,-16676,5852,836,1707,-3235
-1892,-15908,3380,1509,3441,-2880
-4804,-15336,5140,867,5690,-960
-4932,-15752,3020,1573,5793,-1259
-4328,-15484,5420,-894,5181,-2211
-4128,-15664,5276,-3988,4271,-2556
-2736,-15584,2500,-2908,6326,47
-4516,-14440,3724,-380,4138,-639
-4792,-16172,5948,2492,1715,-1184
-3820,-15064,7336,2240,2323,-1359
-4540,-14596,6292,-2455,1863,199
-6220,-13528,7084,-1619,214,134
-4856,-13356,5784,432,-15,-659
-4316,-15744,8408,1298,-1250,-260
-444,-17352,8748,2184,-4078,-2992
-3300,-15172,7800,-331,-2423,326
-68,-16648,9472,-2503,-3279,1625
1140,-15368,7476,-1722,-3121,-5
-1760,-14504,7164,-2153,213,1114
-2016,-15888,3860,-10645,-1180,2070
-2108,-16076,4228,-3013,-231,6239
-16484,-15168,11176,4955,7649,3070
-424,-13272,2232,1728,2374,1319
-2920,-15360,2816,-745,1744,-90
-3360,-16368,6060,-113,4845,-1570
-3060,-16792,5204,395,4518,-1812
-2644,-14504,2364,1227,3030,-2337
-5176,-13796,2412,711,2111,-1288
-5060,-15296,6076,613,2536,-908
-4772,-13488,3972,850,2319,-1309
-3796,-15656,5652,-778,3283,-1541
-5556,-13756,5628,-3355,1468,-1200
-4396,-15000,6612,1108,-402,-1734
-6388,-11220,3564,-1381,1548,-331
-5936,-13964,5360,-3211,-256,598
-4708,-13644,5432,-6059,-519,1994
-5092,-15212,7324,-3439,-2869,2217
-2828,-17332,9400,3246,-4930,-1109
-3384,-15596,7528,721,-1797,308
-512,-14804,7532,-1725,-329,1218
-424,-14960,8540,225,-1351,1302
-2016,-14232,5332,2431,-722,503
-1360,-15852,8780,-150,6115,6609
-1196,-16012,5232,1068,-1679,3828
-3912,-14396,5720,326,-870,3312
-4624,-15232,-1220,-3766,898,885
-1968,-14160,2516,264,158,-636
-3372,-9688,-3968,-3532,-346,-628
-5976,-16848,7120,-1252,-1911,-22
-4496,-16172,4160,-3247,-1020,803
-3908,-14988,4956,2977,625,-620
-4112,-14508,6160,4756,691,-1154
-4040,-14384,6404,3221,355,-833
-3732,-14080,6756,1640,361,-301
-4200,-14344,6696,21,160,-165
-4072,-14276,6536,551,336,-287
-4048,-14232,6520,982,367,-424
-3960,-14148,6712,584,302,-749
