784,-15068,6488,-243,259,-263
832,-14988,6344,-207,154,-174
896,-14884,5872,-53,232,-90
884,-14988,6328,98,264,-209
780,-15124,6540,317,253,-243
640,-14964,6556,186,110,-169
760,-14896,6572,51,83,-131
852,-14948,6608,-82,117,-83
720,-14836,6472,-64,246,-257
940,-14896,6576,-234,185,-197
896,-14840,6512,-369,183,-153
724,-14848,6576,-496,134,-190
856,-14892,6632,-471,45,-300
844,-14796,6684,-512,62,-144
888,-14984,6552,-518,185,2
1300,-14704,6608,-628,335,378
1636,-14968,8620,710,644,-136
10760,-11620,1960,6401,-235,-5072
1004,-10256,3024,4632,-1668,-4852
15420,-13800,1824,178,1887,-2947
-9496,-15096,5212,-4674,5404,2185
-4516,-17720,10088,-1756,948,-1416
-3924,-13160,11184,-1487,783,-360
748,-16332,7916,-515,3522,-320
-4344,-16700,-1576,-5179,2366,3372
-3728,-11492,13400,-1674,-993,1282
-632,-22964,12784,2412,-2481,200
5732,-21248,1680,2160,-1746,2277
3472,-19328,4288,1714,-4133,3778
-1692,-2300,11852,-981,-2369,4971
8956,-14320,12484,-1066,-3570,501
3684,-14728,6224,-179,-1193,-1005
-1108,-11964,5904,169,-402,1856
11580,-12624,1060,-214,3031,-4681
-624,-20672,5920,-41,2785,-8334
-316,-15580,6012,-336,4013,-2094
-3316,-17160,7488,-1507,826,-565
1028,-18348,4020,2317,1850,-602
3032,-18580,7564,2000,1509,-1500
756,-11144,5928,829,-41,-803
5032,-20040,4804,3180,-2459,-893
-5704,-15432,7836,1381,-3052,338
-4144,-15760,15300,3528,543,-193
-2700,-7756,8036,-3051,-3344,2833
632,-14612,3844,164,-228,3135
280,-16700,8848,2035,671,1257
-9948,-14892,3456,-2811,1706,3810
960,-7536,2848,207,-2668,2613
2032,-13476,6444,45,-1546,1188
908,-13624,8124,-986,-1174,-491
1848,-15196,6364,-1880,450,81
788,-14664,6724,-1078,-147,668
676,-14720,6976,-208,-209,516
