2496,-10676,11796,-712,-75,-190
2676,-10780,11764,-683,97,-246
2480,-10780,11844,-531,49,-497
2880,-10796,11976,-481,-3,-383
2568,-10744,11844,-318,72,-230
2580,-10776,11832,-413,101,-83
2856,-10768,11696,-501,-26,64
2360,-10676,11752,-440,303,155
2484,-10884,12104,-272,-1,101
2576,-10680,11980,-382,215,146
2636,-10592,11880,-463,685,450
2860,-10676,11656,-515,1252,916
2904,-10616,11464,-528,2426,1759
2280,-10744,11736,-1113,2954,2474
2112,-10988,11536,-1582,3628,2304
1064,-11336,11816,-1296,3742,1138
-14176,-15192,22168,-2076,18104,-10409
2884,-10892,9068,-3317,5128,-6467
1444,-13188,11896,-1590,3355,-816
908,-11188,9456,-2626,3399,-1911
152,-10836,10576,-2717,4236,-3863
-2188,-10764,11376,-1039,2926,-3064
-1280,-11136,11856,801,-336,-4285
-288,-10592,10444,-1753,-2916,-3838
-1064,-10412,11324,-2513,-1867,-178
-2636,-10236,12488,-1037,-4114,3085
292,-11192,11968,1708,-4901,6657
7620,-9736,12156,2370,-3808,5930
8880,-12216,13124,1908,16,1822
4532,-10412,12220,-871,1297,749
3756,-10784,8904,-1251,8463,7375
14584,-32768,31788,-4047,-751,-13021
880,-11736,8668,62,4608,-7550
-936,-12516,11496,-1330,4141,-4142
-820,-11368,9456,-3063,5103,-3582
-2624,-12048,10800,-3649,3599,-4801
-1452,-11652,11024,-1885,636,-2324
-2568,-11236,11924,-1471,-3602,-2134
-1460,-12000,11764,-1212,-2797,-2267
100,-11452,10484,-917,-1557,-1272
1252,-11668,13408,102,-2351,-1074
108,-11140,12284,-192,-2955,583
376,-10128,9656,-1020,-1474,2631
1816,-11532,11480,64,-2416,2173
20,-12024,13152,-20,-2716,3980
2420,-11324,12568,373,-1865,3988
4712,-10356,9444,1425,-1080,1337
5040,-11280,9716,418,1170,1069
6800,-11752,10816,-662,-436,-203
2620,-11572,10592,-1843,1136,901
1824,-12000,10480,-1058,1155,1629
1388,-12236,10548,-62,470,584
1364,-11896,11028,833,52,-286
1372,-11852,10828,882,484,-310
1836,-11484,11304,1369,581,230
