1628,-12648,10012,-530,-114,-447
1760,-12608,10012,-370,114,-268
1560,-12628,10208,-288,89,-196
1848,-12660,10284,-547,-115,-197
1888,-12596,10036,-617,-224,-206
1768,-12632,9952,-462,-27,-202
1620,-12712,10076,-511,-104,-280
1972,-12612,9840,-388,-148,-196
1616,-12528,9960,-211,13,-163
1720,-12560,9924,-56,149,46
1932,-12640,10172,-100,70,240
1728,-12564,9992,35,199,420
1980,-12528,9900,133,275,732
1960,-12504,9588,503,791,1325
1484,-12488,10296,349,1323,1818
2080,-12372,9612,653,2855,2377
1092,-12484,10548,1259,4857,2619
1016,-12984,9512,790,3118,1369
2332,-13192,9400,836,2281,495
7604,-10260,-292,1300,3692,-3029
-2036,-11992,13784,751,710,-1907
1936,-12608,11488,-167,1759,-1442
1764,-14100,11708,-1514,2137,-4100
868,-12888,10112,-1302,3845,-4066
1232,-11432,8664,-79,3197,-2063
-364,-12516,10092,-1163,3171,-3732
-1200,-13372,10340,-1344,1449,-3432
-2196,-11720,11416,-2377,382,-3140
-1068,-12300,11048,-1849,-743,-2919
-1760,-11152,11360,-1163,-2507,-2640
332,-13480,12108,-521,-3077,-2053
-12,-12604,11532,-1289,-1250,-894
268,-11212,10784,-2221,-1224,1742
-860,-11296,12116,-1689,-3931,2844
1036,-12036,11132,346,-4441,3813
784,-12220,11736,666,-2445,4401
4364,-13672,11564,430,-3648,4590
5788,-13816,10940,-597,-2149,273
3716,-12092,11056,-3687,1493,1272
4496,-13460,8700,-327,7874,5637
-1960,-13736,9116,2826,4618,-2874
1712,-14404,5804,-224,3670,-3311
5408,-9240,6096,-625,3096,-2029
332,-19980,16596,-1752,697,-4980
-6104,-11792,8556,-1258,6485,-433
-3240,-11088,8600,1493,3910,2154
-2236,-11860,10688,1402,47,-1103
-564,-13652,9608,-233,-3571,-2198
-856,-12620,10992,-1108,-926,-2165
-288,-11552,10648,-1586,-961,-1420
0,-12268,11508,-514,-1377,-1554
-452,-12052,9728,-1419,-1616,-347
-52,-12716,11076,-1560,-791,635
-312,-10672,8888,-1120,-1673,2438
1416,-12352,10880,-156,-2652,1752
2220,-13284,12696,736,-3265,2000
3012,-10748,6384,1031,-1095,2337
2656,-12436,9692,424,-851,1350
3116,-11764,9172,36,-640,1233
4080,-13740,8612,-1319,-182,-453
1560,-12628,9584,-1444,514,614
916,-12944,9892,-465,521,768
468,-12972,9840,356,390,475
868,-12716,10024,745,277,374
828,-12548,10240,789,150,146
848,-12660,10072,419,94,67
568,-12452,10420,-155,395,9
