244,-12520,10152,384,354,-97
-328,-12384,11320,-83,-1159,-19
984,-12460,10780,-369,115,8
72,-13036,11756,-84,2175,-718
1388,-12252,9772,-13,-777,313
84,-12528,11136,105,1823,-626
748,-12424,11136,-338,-731,122
888,-12264,9732,400,166,429
804,-11392,11028,-189,154,133
700,-12416,10400,-132,40,205
-1240,-11908,12156,-101,-2162,1215
420,-12248,10476,37,-931,475
-324,-10940,11400,-191,-2355,691
1336,-12816,9172,451,385,71
344,-12988,11780,-249,61,523
700,-11764,10308,-115,211,260
456,-12392,9544,-517,-475,252
1044,-12448,10664,-387,-62,122
592,-11696,11080,-225,-300,244
1276,-12332,10372,115,533,-494
692,-11436,11100,428,819,-609
1456,-11968,10276,-1197,457,-1877
2492,-12916,12244,2022,-264,-3421
780,-17740,22500,8409,-6552,-1777
2304,-12596,11860,3312,-3108,-5708
2980,-12796,10748,549,-1042,-5345
544,-13148,10956,-2105,-1631,-3833
1864,-13840,7672,-3570,4825,-2501
-3180,-13268,12232,-6754,-2935,-118
-4052,-11992,10060,-8243,1667,5202
-2096,-13128,9944,-7412,2005,12564
5476,-12660,13564,-5238,1127,11045
8192,-11972,12184,323,2262,-2489
8580,-13120,10356,1876,1032,-10975
2556,-13164,10608,2026,1577,-13350
-2652,-12592,9112,203,2149,-8727
-2708,-14416,4984,-3879,-2594,-1357
-3252,-14236,9508,-2597,1916,170
-1916,-12984,5912,-5367,4142,1206
-1528,-14312,7100,-5833,3137,4170
-2416,-13624,10340,-7223,3100,4455
-440,-14284,7964,-8163,6993,2129
-584,-13380,9724,-5178,5155,3987
1844,-13272,8920,-3373,5023,6403
2492,-13976,10700,-3352,2774,4860
4068,-12984,11396,-1782,-2044,2364
660,-14824,8432,-1602,-3798,317
1316,-15556,5700,-1517,-3070,255
-1352,-13652,7816,295,-2603,-1332
7716,-19416,6556,3162,-3449,-878
-4036,-16176,11940,4243,-3656,1303
