2420,-8184,13576,-345,-92,-348
2576,-8188,13728,-309,39,-132
2124,-8340,13764,-294,45,-188
2624,-8296,13700,-483,-251,-310
2632,-8124,13696,-579,89,27
2448,-8220,13688,-462,-149,23
2428,-8212,13620,-404,-169,-187
2580,-8144,13632,-270,-65,-8
2452,-8124,13648,-330,-59,55
2532,-8048,13536,-449,8,195
2792,-8104,13524,-524,150,416
2892,-8040,13640,-684,1273,1085
3356,-7896,13412,-999,3048,1959
2240,-8392,13484,-1100,4195,2440
1816,-8456,14004,-298,3059,485
2056,-10308,17596,-28,1125,-9299
256,-7340,11428,-1082,3970,-4461
1804,-7720,10272,-3869,4190,-4680
1480,-9104,13272,-3623,3693,-6731
-156,-9464,14276,-2601,4290,-5692
-980,-8516,12924,-2114,2839,-3389
-972,-11824,14196,-2391,892,-3995
-2784,-8496,14576,-2787,-560,-4234
-1480,-8900,13800,-1762,-7989,-2251
-2420,-9852,12080,-1633,-7035,5921
100,-8468,13008,1324,-6512,10383
1056,-9028,16280,4332,-7883,11125
8092,-9636,15000,7866,-5578,10262
11284,-7980,8948,5569,-3144,3232
9644,-8092,11180,385,499,461
5884,-8300,12320,-427,6641,5600
2624,-12040,14048,654,9247,1515
6308,-9656,12884,1403,6592,-16446
-288,-9712,11532,-1808,9054,-13305
-584,-9404,12508,-4526,7542,-13020
-28,-10256,13276,-6814,6052,-11645
-1820,-10576,13008,-5433,4210,-8460
-2628,-10004,13984,-4037,265,-6738
-988,-10052,13248,-6913,-1440,-6389
-2384,-10148,14456,-5627,-10085,-670
2440,-10192,10760,-6755,-8058,4328
1308,-9204,12408,-4526,-10471,8876
1576,-11324,12192,-1696,-8657,12550
2980,-10480,12404,4662,-8756,11693
3980,-8472,8632,8449,-4889,12350
7460,-12728,10412,11816,-4811,6021
3512,-12800,15416,5654,-2682,3532
7076,-11060,13200,804,-1813,1865
3984,-9840,10908,-849,710,1758
2216,-10236,12620,-1012,264,658
2356,-9756,12356,-1092,121,-34
2528,-9508,12500,-464,148,471
2364,-9132,13132,-448,125,1175
2740,-9328,12744,-667,886,2192
1752,-9288,14472,-1919,1455,2693
1576,-9796,16232,-3014,921,3154
-2820,-12808,18964,11685,-5184,-4451
3884,-6860,8984,3310,325,-3474
3592,-6596,13776,-589,1798,-4175
2760,-5868,12684,-664,2057,-5591
2704,-7284,12512,-1646,3029,-6045
1520,-7728,12192,-1509,1246,-5009
984,-8832,13196,-476,696,-2464
1608,-9672,12940,360,267,-870
1864,-10384,13516,-314,877,-579
336,-10720,13848,906,318,-1054
1680,-9332,12360,741,648,546
1648,-8872,12876,-593,378,-107
2668,-9144,13288,-354,609,394
2568,-8408,13448,143,458,304
3044,-8200,13040,-427,447,331
2956,-8712,14460,-216,686,-246
