1316,-13816,8492,-86,111,-276
1320,-13848,8448,-216,302,-320
1056,-13844,8696,-41,274,-644
1396,-13788,8444,-227,-30,-510
1456,-13652,8484,-447,84,-319
1588,-13672,8264,-602,119,-199
1304,-13868,8460,-532,46,-212
1264,-13776,8312,-549,45,-339
1484,-13728,8408,-385,24,-291
1336,-13984,8924,-424,8,-251
1284,-13920,8348,-513,7,-198
1312,-13748,8476,-513,84,-38
1564,-13804,8476,-425,269,109
1536,-13860,8496,-308,451,409
1484,-13968,8412,-124,869,764
1092,-13776,8576,222,1722,1228
7584,-14660,6240,878,4968,-1417
12972,-4804,-5908,1332,5221,-3769
8156,-16548,4264,468,-2417,-4153
-8,-20004,7604,-34,4042,-196
4216,-15208,7764,-1087,5017,-2091
5340,-14948,6428,-1793,1115,-3704
532,-13312,8516,377,3309,-1369
5980,-8636,13588,1773,-1603,-3313
-2472,-15324,16528,-1608,-1679,140
1880,-26688,15620,1059,58,3935
524,-7216,2492,-1596,-1468,5303
2060,-6404,3908,1896,-5428,370
880,-11936,13504,737,-2003,64
3312,-12764,9684,-13,1237,-874
1304,-13692,9052,-964,3470,4031
6452,-9900,-2456,1416,3526,-874
8220,-1160,10208,2386,-5448,-7511
4576,-9384,4500,-1425,2715,-3756
-8544,-14716,4612,-3085,5839,1420
-2164,-16528,9800,-1795,1460,-382
-2208,-13528,-6344,-4704,2258,-1672
-108,-14776,15208,-1412,-1901,-1304
-6276,-10244,7832,-2750,-524,3321
-2364,-6044,3664,-1295,-2255,2087
1544,-21104,5216,517,2135,1143
-7504,-6652,10336,628,543,3847
856,-20924,12064,544,-2367,2457
3728,-23156,5228,-1241,-482,2330
-5284,-592,820,2198,-3546,4168
7000,-1852,5880,1359,903,-2214
1024,-12848,9024,-2286,3902,-2433
1168,-14156,7584,-2761,261,715
824,-14260,7940,-2237,76,2285
-432,-14484,7412,-698,260,1993
-100,-14408,7716,413,-242,406
56,-14304,7748,1109,-139,-208
220,-13988,8196,900,-1,-447
412,-14056,8288,580,-35,-340
296,-14008,8076,-67,80,-172
196,-13992,8408,-576,172,-16
160,-14064,8156,-685,158,-139
16,-14252,7988,-659,119,-361
236,-14028,8064,-610,292,-656
