-3212,-14756,6248,-1739,71,-792
-3500,-14908,5856,-2106,221,-471
-3068,-15092,5704,-1334,-55,421
-2792,-14948,6096,-377,13,656
-2848,-14788,5640,85,2932,1397
-19204,-14088,12572,2472,7453,-1502
2880,-17368,10048,1207,3015,-2175
692,-16664,6468,570,3703,-2636
-3880,-14480,2444,-489,5065,-3205
-4412,-16156,5012,-195,4970,-3206
-4688,-14824,5880,176,3921,-2180
-3948,-15020,5836,-2176,2853,-3737
-5140,-14240,5072,-2877,2810,-2602
-4564,-13592,4320,-2147,2351,-2007
-4756,-13884,6268,-210,2178,-2337
-5584,-14804,7400,-2855,2039,-1125
-7188,-13340,5528,-1701,1192,2117
-3468,-15476,7892,4072,-2052,-749
-2180,-15468,7228,4385,-2514,-963
-2140,-16560,9844,-17,-2553,1242
960,-13740,4872,1488,-1269,835
8168,-13660,892,-2097,-1895,-5576
-588,-15228,5132,-1273,2314,4937
-1432,-14484,5076,481,6506,5220
3496,-19832,7140,2816,-617,-332
-1708,-16148,6040,2332,2286,-1911
-2400,-14932,4688,754,3685,-1546
-2556,-14720,4864,791,3730,-2831
-3596,-14940,6412,-526,4050,-3050
-4824,-14136,5160,-2332,4313,-2713
-6828,-14340,5044,-1998,2156,-1781
-5920,-14012,6448,633,597,-528
-4688,-16236,5556,4270,830,-1832
-4568,-12588,3248,-236,88,-4110
-4896,-14760,6140,-3682,2152,-3684
-3396,-16788,9416,-7432,1727,-372
-6180,-12104,4520,-3084,-932,-379
-4852,-13480,3796,2521,-2689,-945
-5484,-13776,4680,2815,-1275,-57
-1556,-16956,8352,-173,-2556,851
-1884,-14524,7464,1624,-2768,149
3028,-16968,9784,4869,-3907,-4319
3340,-16008,12136,34,-1915,-1333
-2224,-14196,8300,-2743,209,-1954
-1264,-14928,6176,-2661,2668,3845
-2252,-15236,6336,-1523,2143,3096
-3084,-15112,6308,474,1269,840
-2592,-14820,6296,1018,960,442
-2400,-14220,6840,596,583,270
-2892,-14408,6848,-544,277,488
-2852,-14612,6520,-1143,319,537
