684,10912,11804,-480,17,-133
980,10640,11320,-601,-175,-133
976,10808,12072,-950,47,-312
1000,10540,11632,-1253,107,-40
468,10560,12224,-907,427,-200
1848,10624,11824,-4220,1184,94
788,7412,11388,1398,3312,266
-1116,8100,12356,1745,3480,-1439
1064,9180,9632,4830,6064,-5048
-1668,12524,12916,6640,4011,-2890
-136,12332,11716,5044,1539,-2309
-216,12764,10280,3711,3699,-4925
-2068,13176,11252,5655,2995,-2523
-516,13428,10264,3292,2122,-2758
-2032,11644,9180,3738,1555,-2213
-1776,14132,8612,3484,2714,-1986
-2156,13060,8676,6145,3383,-2371
-3396,12752,7452,7443,2695,-1513
-2592,14724,7532,1124,3766,-2184
-3836,13976,7424,1678,4122,-2807
-5040,12904,7284,2253,4352,-3478
-4912,12780,7316,1270,1319,-5426
-4468,14928,7500,-14,428,-3072
-2072,14800,6260,1015,-2720,-2650
-2644,14492,7856,1070,1274,-1546
-2724,15176,7940,2240,-3705,66
-1548,15056,6136,3210,833,1890
-1848,13880,7188,4548,2266,3004
-1824,12912,6620,4180,3933,2218
-1432,14092,9072,2715,-31,2357
-484,13636,7736,1901,357,-446
-996,12148,8372,2561,-693,-4410
-8,16556,8108,4271,-1625,-7430
-2504,18328,9152,3844,-2301,-2202
-3208,13012,5312,2233,-513,918
-864,15372,6740,2357,-941,1737
-1580,15012,5272,-91,855,4772
-6520,12660,5600,-1020,1290,3957
-6596,13056,6928,-2227,812,2937
-6300,15780,6772,-2919,-851,6013
-4112,15532,4828,-2578,342,8349
-3332,15476,5192,-2835,1252,8157
-7948,14680,4256,-4572,3354,8005
-3664,16888,2648,-4122,1258,6203
-3632,15604,4248,-6005,3261,10715
-312,12924,2172,-3766,-687,1752
-2808,13436,1760,-2104,8543,-9226
508,20840,8532,935,2908,-3114
300,12080,4632,3991,-1699,-560
-628,13296,6352,9219,-2603,-9749
892,21952,13400,10438,-4262,-9105
3736,15288,5388,7156,-8510,-4712
9632,22528,11808,5164,-6203,-6219
3528,14440,4772,5742,-2389,-6489
-912,13404,4496,7726,250,-6768
-164,16592,4428,3619,278,-6067
-2956,16696,3800,1115,1879,-4596
-2780,17116,2964,-2197,1870,2156
-2516,15900,3384,-3149,2710,4866
-5132,15576,6192,-5660,4163,6040
-3352,12616,4324,-7383,2478,6166
-5776,16084,1236,-7024,853,7429
-9900,14968,5424,-5621,-181,9054
-5888,15360,5224,-5035,-244,7288
-6916,15452,4532,-8854,-1812,7074
-3228,16476,5836,-5582,-1584,4210
-4912,18720,6852,-8610,-3452,5252
-3580,11388,4212,-21113,-7886,2871
252,12320,6212,-14010,-821,-2776
-3012,12428,9300,-12699,1512,-470
-380,9424,9200,-10541,-6161,1224
3728,11408,9368,-6529,-5768,-797
4956,13672,9364,-6756,-146,-2793
1080,12172,12652,-9591,-4801,990
4520,7948,9296,-9396,-7153,610
