1464,-3844,13904,1414,-543,365
1280,-4176,14352,-932,1132,-375
360,-6244,17380,462,1220,2402
108,-4980,16128,4401,-1542,1406
840,-3020,15576,4353,-1750,2392
1276,-2264,12356,3522,40,6276
1420,-2668,13384,2478,3685,4330
2148,-3516,12876,2709,2298,5734
1928,-4904,14564,-1495,3931,4348
-1088,-5592,17992,-2103,2929,1627
1188,-4592,15948,5141,1087,-1799
-3612,-2024,14720,6292,4264,1240
-1800,-3964,16172,-4666,372,1326
-996,-5412,18504,-2771,-453,1070
-2140,-2108,13964,-4243,1588,318
944,-3580,13248,-11272,-1408,-3559
4092,-5996,9052,-32768,3161,-16901
7860,-12444,12568,-8107,6876,-20993
-6720,-7284,14200,-11900,8491,-22971
-1760,-10120,12404,-9567,5242,-8759
-5788,-10284,12916,-9906,8158,-4960
-7208,-8432,11256,-11525,5,-1753
-6984,-7836,15056,-9100,-10056,3684
-3264,-9424,12964,-3376,-8834,14282
-892,-9132,14716,184,-7106,18730
2800,-10944,13128,2058,-7113,13233
9296,-12240,13400,3338,-5236,9037
3416,-10892,10980,2763,-1936,757
5220,-12752,11808,-1892,10402,-16148
1640,-12160,7908,-3500,14169,-25689
-6448,-13208,9196,-5897,19055,-10826
-5716,-12124,7820,-6003,11095,-6954
-4920,-13100,8300,-5315,6278,-2279
-6684,-12492,9864,-6585,1567,-7092
-5356,-12052,11000,-4848,-1529,-7098
-3568,-10620,12048,-3448,134,1245
304,-11260,9540,-147,4354,7448
2128,-8972,13628,3401,-2269,14891
-920,-12492,15440,-1005,-10200,12090
-2752,-9152,13476,-1303,-12067,15088
2488,-13632,11060,2313,-15626,20034
4548,-14584,11484,3629,-9576,13564
3348,-16772,10992,9931,-4503,5699
1448,-15308,7796,30012,-4301,413
-1764,-8776,8744,24435,2267,-5014
-4076,-8852,13916,13405,753,-9032
-3620,-5340,15060,10933,182,-10211
-4280,-4596,13448,4633,-1404,-4784
-2576,-2388,14120,2444,-2218,-4049
-1092,-4316,15484,6966,-3069,-1437
-380,-1868,14124,5726,-1636,-26
-424,-2856,14148,-1274,1029,-968
-76,-5076,17468,2154,-1584,-1840
2100,-2560,14544,1795,-984,-1929
-2124,-2904,15248,1177,1161,-1595
-1984,-2836,15564,-885,-944,-135
