-3192,-13948,7644,-684,66,-254
-3224,-13924,7648,-506,4,-167
-2876,-13728,7336,-367,6,-296
-3200,-13964,7680,-447,-37,-348
-3308,-13928,7744,-279,95,-326
-2764,-13932,7576,-479,-309,-1178
-2692,-14096,7548,-110,-436,-1132
-2816,-14068,7692,-272,181,-97
-2916,-13956,7668,-1182,-165,-421
-2920,-13900,7980,-2388,-558,-1011
-2948,-14072,7520,-2777,-120,-453
-2968,-13664,7352,-3697,-110,277
-2416,-13752,6940,-4773,-784,1306
-2884,-14668,6824,-4077,-436,1758
-2780,-14684,6316,-4049,385,1979
-1772,-14224,4712,-3126,2994,2343
-3596,17928,-30252,7369,27790,-2427
-6208,-12276,3472,-921,-1884,-1524
-3308,-16500,6668,2279,1896,-1968
-3472,-14432,5312,932,3464,-2618
-5056,-12448,1512,1198,4183,-888
-4476,-16060,7708,-2308,2792,-2484
-5808,-14504,6116,-3951,3513,-1412
-5012,-14680,5628,-4488,3469,-1946
-5720,-14800,5088,-9139,2370,-2017
-5520,-13592,4276,-3927,-465,-1493
-5320,-15316,5120,-3368,301,-1099
-5388,-15628,6996,-7066,-959,847
-4984,-17048,7172,1068,-2883,475
-3952,-13304,6160,8333,-3502,-2012
-5164,-12784,5600,5381,-3673,-1589
-1172,-14160,5876,-20,-2547,2372
-1204,-15312,7108,-513,-3449,3450
-1068,-15656,6788,4960,-3966,-847
1512,-14820,4812,4681,-896,1497
-1732,-15792,5996,-6143,4625,2121
-1344,-15908,4268,-2381,681,6813
-2656,-14284,5020,418,4023,6905
7612,-19748,952,2927,-1492,-316
-780,-14072,3476,679,4628,-944
-2480,-16628,6540,783,4181,-2628
-5232,-15888,4828,1202,4979,-1414
-4172,-15868,8244,258,2438,-1222
-7744,-13964,4112,2808,2996,481
-6480,-15128,7180,161,2707,-1402
-5204,-14956,4668,1529,2762,-1225
-5748,-14988,6116,1560,1867,-1883
-3664,-14000,5136,-424,3470,-2229
-6732,-13808,6916,-4142,2001,-2773
-3836,-12848,3612,-4136,1819,-2565
-5772,-10804,4380,-6590,61,-1231
-6760,-12256,3572,-3008,-668,-179
-3680,-16320,7640,-1967,-1975,646
-5876,-12812,5592,-339,-2417,1179
-1368,-17812,10384,2121,-4267,-1061
-1636,-14132,5320,3071,-1970,-859
-1272,-15832,8596,-26,-1658,-79
-1684,-15048,6196,985,-1420,1405
-824,-14504,6484,1084,-1072,588
-88,-17356,6148,844,310,1181
-2960,-18208,6476,2994,1991,3433
532,-18180,7416,-21260,3528,-1945
-7896,-19868,6548,-22060,-4635,-374
-3580,-14552,3776,-7199,-512,2253
-3912,-15516,3652,327,-156,1093
-3608,-15500,4600,3405,-1186,123
-3400,-15068,5016,3680,-238,324
-3644,-14760,5660,3080,-143,785
-4384,-14592,6096,1549,-228,622
-4336,-14868,5708,692,-63,-229
-3884,-14572,5816,-196,-84,-641
-3788,-14532,5704,-661,52,-701
-3560,-14780,5700,-884,104,-592
-3856,-14960,5900,-526,111,-428
-3792,-14840,5740,-215,50,-162
-3816,-14756,5688,229,36,19
