2476,-8156,13568,-709,-85,-531
2700,-8176,13804,-419,92,-676
2724,-8112,13816,-412,-255,-751
2528,-8344,14044,-396,-340,-447
2664,-8244,13700,-435,100,-155
2516,-8172,13480,-332,302,-137
2756,-8120,13788,-381,-424,-182
2868,-8108,13316,-547,147,53
2724,-8188,13852,-395,-49,-202
2748,-8096,13836,-300,15,-265
2480,-8076,14028,-229,-341,-281
2804,-7996,13476,-314,-591,73
2728,-8016,13652,-276,-249,511
2864,-8152,13492,65,-356,253
3436,-7760,13312,416,857,189
3452,-7736,13400,766,2186,1042
3716,-5868,14812,3047,4488,78
-84,-7088,12624,2761,5456,-1289
2948,-7104,12780,56,2748,-3852
4076,-8176,14856,-1997,3315,-5232
3000,-8236,13872,-2254,3764,-6379
-2568,-7764,8920,-1830,2930,-4670
-548,-9196,16844,-1867,2211,-5090
-200,-9472,12452,-1247,4478,-4077
-1884,-8788,16064,-213,385,-3224
648,-10396,14800,101,1244,-2699
-252,-9468,15456,-1224,-175,-3006
-1468,-7676,14980,-2766,-2161,-2109
-868,-8444,13536,-3322,-2526,-2167
-376,-9328,13768,-2319,-5175,-1549
68,-4808,10488,-2081,-5997,3194
1412,-9460,15700,102,-6158,5418
1996,-8424,14384,1128,-4943,6245
2964,-6928,12176,1876,-3176,6760
5176,-6708,11068,3416,-826,4180
10036,-5168,10180,1052,1250,2119
7100,-6924,12036,-2992,4815,1484
4088,-8272,14456,-1677,11287,6151
11388,-6760,10968,3903,14254,-5772
2992,-8192,12588,4010,6224,-10010
-72,-9696,16844,1854,4330,-6923
-1376,-9040,17152,311,3607,-6993
-5600,-9052,19652,1252,919,-3027
-1120,-7056,14572,284,2396,-2962
-1232,-10696,15816,882,452,-3993
-1024,-5408,15248,379,-737,-3582
-300,-6120,13816,764,-1214,-2679
-1248,-5820,17160,693,-2987,-2994
808,-4908,13116,-703,-5398,-1565
-148,-3384,11920,-1347,-3137,1069
1700,-4776,12228,-171,-1160,2406
1804,-8092,12668,248,-853,3258
3540,-6096,14968,668,-1639,3801
1916,-7124,16764,1049,-48,1088
3640,-7460,17016,458,-3663,-925
4488,-6960,16328,-503,-461,449
3652,-6548,15312,-2182,-272,-930
2748,-7252,13780,-1734,1220,31
2984,-6980,13908,-114,473,205
2704,-6888,14408,562,1473,527
3156,-6460,13824,726,1397,1475
1812,-6856,14860,475,1088,1207
2144,-6684,14656,-292,1059,541
