-3456,-14932,5852,2203,-210,-257
-3288,-14788,6004,1204,-325,-873
-2952,-14532,5752,-543,-98,-390
-3048,-14980,6016,-1231,11,-147
-2948,-14864,6056,-1433,-244,-202
-2968,-15012,5928,-1041,-262,-417
-2660,-15028,5872,-581,-329,-736
-2952,-15092,6140,-1055,-604,-687
-2768,-14868,6060,-2326,-543,517
-2920,-14820,5968,-4504,-914,1286
-2732,-14956,4988,-5723,-1020,1926
-14480,-3568,-1600,243,15825,1749
-1512,-17228,7132,651,337,-947
-840,-18476,7284,975,2489,190
-596,-17832,3520,2183,897,-3620
-740,-17428,5904,1275,3314,-2895
-1052,-17508,5544,70,3434,-2518
-2076,-14528,1924,-4132,5283,-1824
-6040,-14600,5628,-1171,3453,-1855
-5920,-15100,3992,-3469,2762,-2730
-7556,-11896,2012,-5515,165,-882
-6264,-13600,4776,294,-2862,330
-3504,-15612,7572,2322,-3406,1057
-1904,-13964,5196,-328,-5146,114
-624,-11872,3852,1640,-1727,78
4276,-15004,3348,-3621,73,-1107
-2788,-15708,5116,-6080,-186,5258
2084,-24756,8216,4173,3173,2669
-2356,-11604,-644,5008,1710,-131
592,-18096,4828,1683,1497,-2621
-4152,-14420,4632,-1176,4719,-1234
-996,-11608,-1320,31,3313,-2219
-2968,-16528,6256,544,940,-1958
-6680,-15000,4264,1789,2383,-658
-4280,-14656,4172,-1784,1817,-2764
-5404,-13584,4424,-2966,816,-2051
-4620,-13680,4852,-3107,-510,-1720
-4388,-14364,5484,-870,-337,-994
-4876,-12292,2164,-838,91,-511
-3672,-15504,6832,-947,-834,233
-2352,-14140,5972,-4043,-1754,717
-2560,-14672,7176,-138,-1685,-215
-1460,-18152,7528,1422,-1796,-33
-2936,-14964,6040,-105,-1339,1343
-2128,-14296,6596,1139,-1529,-318
616,-13764,4228,4105,-1189,-333
-312,-13408,7308,200,-2065,414
-992,-14544,7372,1252,9,1800
224,-14728,6280,-1339,-575,1501
-144,-15968,4520,-245,-209,2082
-1856,-17820,9396,3095,-1546,2750
-8140,480,-12256,-29071,3632,3248
-2848,-15280,2540,-9314,-1236,1924
-8684,-22012,9184,-5985,-676,590
-3108,-14908,5216,171,1441,1218
-3148,-15136,5500,3279,502,512
-3360,-14996,6436,3807,-328,-15
-3164,-14676,6436,3118,-329,-229
-3200,-14472,6580,2445,88,-435
-3452,-14536,6816,1154,180,-338
-3424,-14144,6596,202,291,-333
-3452,-14328,7000,-1175,338,-337
