2028,-9184,13448,-296,-347,-503
2940,-9024,13100,-233,-215,-135
2196,-9052,12924,-561,-335,-66
2728,-9080,13160,-650,-376,180
2632,-9088,13256,-546,133,174
2760,-9036,12900,-398,974,354
2924,-8960,12756,-78,1945,816
2212,-9228,13392,62,3174,1220
2172,-9344,13272,601,3801,671
-14256,-9428,30512,3262,798,-5448
5240,-6620,10200,1957,5272,-5172
1580,-11276,15612,1037,3696,-3234
4064,-10192,15316,-1482,3025,-4126
1884,-12068,16512,-1870,2323,-5769
-972,-11360,15256,-1654,2395,-2206
752,-8852,11452,-2492,1101,-1439
-2624,-8700,13356,-3147,-74,-2248
-1476,-9676,13212,-2070,-3253,-1984
-1996,-9852,14452,-2934,-6463,-1782
-432,-10872,11736,-2464,-6299,1236
-584,-9528,15256,-1084,-5634,6493
1920,-8124,11232,1115,-5646,6390
4256,-7404,11568,2731,-6172,6320
9700,-9456,12852,2739,-2192,3037
6332,-7816,13932,-492,3926,-1094
6180,-8508,12020,-1707,8576,6599
2032,-10496,13756,-236,9485,6781
5160,-10132,12868,983,7176,-7106
2332,-9808,10628,-1594,6739,-5647
1820,-11200,12604,-1878,5257,-7543
-544,-11904,13876,-1758,2641,-6361
556,-11012,12252,-1895,1350,-2988
-1136,-11576,12520,-2360,195,-2652
-3012,-10548,12256,-3501,37,-3538
-1164,-10968,12076,-4072,-2921,-2467
52,-9460,13088,-2227,-5693,-335
164,-10656,13072,-756,-5695,300
-532,-9864,12724,-854,-5878,3091
1740,-10700,13156,201,-3495,5692
1408,-9872,12460,2190,-3841,4066
2236,-10188,13948,2506,-4454,5675
4608,-8252,10408,2268,-1852,6847
8160,-8828,11940,3427,-2639,901
7036,-9280,13044,1267,-1345,-415
6040,-11144,14728,-851,1051,672
3224,-10080,12128,-2195,1815,649
2140,-10200,12348,-803,1279,1399
2324,-10288,12044,841,533,1119
2168,-10112,12296,1897,791,685
2120,-9740,12748,2097,724,603
1560,-9568,12896,1127,411,288
1968,-9476,13444,219,462,388
1432,-9452,13156,-547,252,-319
1648,-9728,12800,-1091,480,-1248
