1932,-10668,12192,-304,-340,-580
2356,-10568,12048,-415,-42,-359
2344,-10388,12268,-264,-55,-312
2112,-10508,11764,-228,39,-265
2428,-10468,11916,-183,191,-179
2272,-10424,12160,-416,71,-355
2164,-10616,11972,-308,60,-385
2268,-10604,11992,-272,218,-228
2368,-10480,11888,-246,156,-168
2372,-10440,12164,-407,154,-134
2208,-10456,11920,-500,-96,-292
2232,-10508,12096,-461,-182,-315
2304,-10492,12040,-377,132,-184
2540,-10500,12124,-96,-61,104
2904,-10424,11976,17,637,920
3304,-10392,11304,-36,2511,2698
3252,-10292,11076,-415,6889,5136
4,-11192,11544,-1044,7070,5263
-26392,-7204,28672,-1504,2787,-5857
2048,-10504,10376,-3030,6087,-6770
-348,-13020,13040,-1333,4724,-2315
-1916,-11152,10420,-700,2416,-3099
-1720,-10412,11460,-1216,2532,-3787
-1328,-10348,11436,344,330,-3870
-876,-10412,12084,355,-2313,-4040
-900,-11180,11648,-3001,-2897,-3608
-1008,-8812,12032,-3212,-4181,-1863
-896,-9988,10960,-360,-4421,550
-1460,-10744,11852,187,-2797,2995
100,-9776,10696,-295,-2304,6536
2624,-9104,12236,894,-2541,8782
5568,-7712,10344,3204,-1988,5707
8088,-10604,12124,2557,-632,903
5088,-10556,10700,-2258,1755,3533
2992,-10660,10880,-1854,7756,7990
30288,16216,-13732,2088,4541,-9444
1616,-14120,11400,-538,3612,-8475
-1380,-12176,11172,-2693,3170,-4599
-852,-11640,11336,-5415,4489,-4448
-900,-12508,11292,-5072,2544,-4469
-1936,-10316,8168,-3721,2356,-2305
-1092,-11532,11080,-3229,127,-3013
-1380,-11992,11620,-3081,-1343,-3651
-1676,-11224,9532,-896,-3324,-3314
-12,-12572,11020,16,-3139,-1706
-920,-11796,10976,-287,-2584,821
-1048,-11080,10208,167,-3113,4228
528,-12088,12112,1548,-2498,5228
700,-12124,12696,1870,-3426,5761
-1328,-13592,15584,2105,-6574,8187
7460,-6640,10400,3873,-4370,7368
9836,-12844,9044,2497,-1067,2655
1632,-2948,12244,-1517,-1181,4848
1932,-11240,11520,-1756,365,623
140,-11676,11148,-890,1311,1588
280,-11744,11188,-34,286,477
420,-11712,11192,780,-16,-102
404,-11212,11500,910,97,-130
