3628,-10796,11604,-788,-238,-243
3648,-10880,11228,-624,-99,-269
3380,-10936,11600,-468,57,-287
3592,-10888,11652,-364,-97,-154
3552,-10896,11596,-201,159,-229
3760,-10648,11612,-281,42,-153
3392,-10928,11484,-128,336,-275
3696,-10728,11664,-82,319,-451
3832,-10712,11648,-197,250,-498
4000,-10656,11596,-479,216,140
4240,-10592,11216,-687,545,1189
4052,-10568,11436,-478,2015,2519
3508,-10848,11296,211,3775,3374
2252,-11092,11476,804,3744,3648
2912,-10892,11280,1619,3412,3447
2516,-11100,11064,3181,4587,4075
-16848,-8084,27512,-869,-3700,-9356
148,-11752,12704,-1143,5244,-5102
3284,-10552,10448,-756,3182,1695
972,-12316,12260,-2258,2624,-3526
-1912,-11900,13644,-2071,2830,-5557
-480,-11272,12164,-436,-1081,-5242
428,-11852,11844,-1123,-2954,-5787
-360,-10344,11960,-3316,-1979,-4275
-8,-10852,13204,-2419,-3478,-1380
-28,-10480,12140,-1678,-2057,2748
3284,-10216,12528,972,-3612,5336
9176,-9280,8576,2610,-2639,4035
12016,-9696,9744,837,-1048,-1315
4964,-9448,12588,-2360,3778,3960
2880,-10772,11032,-1817,8424,8572
2812,-13572,12116,-796,5771,6418
1168,-13072,13044,-1478,4219,-8011
-3168,-12360,10884,-2148,4120,-4262
1704,-13056,10788,-3068,2963,-3166
-744,-12292,10316,-2713,1778,-2751
-1000,-12352,11180,-1670,1122,-2152
-748,-11992,11360,-306,-1780,-1725
-1280,-11096,11804,-503,-4222,-1351
1304,-10336,11404,-861,-3313,237
1376,-10512,11672,208,-2272,-97
396,-10028,10468,-833,-1924,-16
1412,-11344,11456,-2023,-1559,742
0,-11776,12148,-2668,-401,2067
872,-12032,12996,-1685,-1859,2397
2144,-12144,12664,46,-1906,3647
3476,-10956,9832,1307,-1888,4032
4616,-10756,8792,1496,-2821,2861
5240,-9956,7324,-370,-1173,1226
8716,-12044,9524,-322,205,677
2312,-11804,11632,-1057,-150,-775
2204,-11664,11040,-318,434,908
2012,-11812,10740,371,65,1115
1356,-11932,11196,947,413,504
1344,-11808,11032,912,877,134
1804,-11524,11340,1065,285,-8
1812,-11280,11588,458,444,37
1732,-11440,11648,-118,385,-69
1848,-11332,11440,-535,492,-358
1616,-11388,11368,-543,128,-579
