-6064,-6268,16828,-4313,-2675,-1533
3180,-4344,4624,-6121,664,116
440,-7836,14848,-6128,6977,3375
796,-7340,13180,-1795,4869,1789
64,-5128,10488,-4114,2715,-8
-1160,-11040,21040,1907,2397,528
384,-5840,10344,947,3399,145
828,-6136,8180,-13141,4602,-1120
-468,-11084,18104,-5344,2357,520
2392,-7040,6256,-15470,-2217,-5477
11424,-16104,2104,2267,13105,-1436
5676,-13484,10180,-2647,4970,-14742
1120,-12544,10776,-6273,7764,-14632
-340,-12996,9952,-3961,12607,-10614
-6756,-10544,12196,-419,8638,-6596
-5344,-12588,10384,1161,8926,-4316
-7024,-10732,10952,-924,5711,-656
-10444,-11056,15200,-4344,-169,-1952
-7144,-7748,15176,-1942,-420,2569
-10780,-6780,15692,320,-5068,8348
24,-8524,12532,2988,-2265,9480
10796,-10900,5328,848,3984,11765
9916,-7620,9752,-2774,-4088,7869
7140,-11956,14532,-3702,-4215,4416
5644,-12440,11612,-81,1101,4782
7912,-13972,8996,-235,-308,-6821
4292,-14596,8128,-1401,7650,-9967
-2236,-13968,10228,-798,9446,-9943
-7376,-12260,11388,-1377,10083,-12351
-11508,-11072,10024,-2409,9114,-6699
-11652,-10920,10792,-1562,1971,-3279
-11272,-10684,9768,-2991,-798,-5370
-8004,-9136,11108,-3605,3458,-993
3120,-8676,-776,252,17291,7642
1272,-7112,9168,466,9711,7791
2888,-10324,14600,-203,7662,8408
-4560,-7472,18128,-4869,3655,7442
4172,-9680,12920,-6082,-2853,13020
2780,-14204,15576,-2205,-295,5571
-5360,-18280,22520,13243,-17420,5122
-1692,-12768,13532,8608,-20592,1593
-1104,-11364,12968,5530,-11867,-1293
-2560,-6868,14568,16447,-13137,1039
-3100,-4952,10428,17189,-15593,3428
1100,-3904,9664,12349,-6111,211
76,-3736,12588,11574,-10555,1018
