1964,-10972,11844,35,126,-233
2140,-10988,11832,-68,136,-237
2248,-10896,11804,-240,134,-365
2440,-10768,12060,-466,3,-431
2120,-10848,11940,-891,13,-491
2036,-11028,11536,-789,-135,-472
2028,-11288,11536,-571,19,-456
2196,-11056,10840,-201,515,-426
2484,-10828,11764,-94,-28,-491
2548,-10900,11496,10,228,-186
2300,-10916,12056,-106,118,-95
2412,-10824,11760,-373,-139,-80
2188,-10840,11860,-471,-218,-66
2424,-10860,11816,-467,-218,-32
2260,-10856,11712,-495,-180,-130
2116,-10884,11660,-655,-121,-219
2456,-10836,11736,-468,-211,-126
2352,-10724,11668,-249,331,245
2836,-10716,11764,-521,1207,1196
2340,-10840,11820,-846,2322,1845
1800,-11072,11828,-1086,3266,2232
1680,-10952,11520,-1021,3356,2888
896,-11224,11344,-974,3345,3045
30604,160,-14532,-3895,17300,-12350
2916,-9432,13156,-1095,4290,-6948
1364,-12640,12456,-1543,2702,-2694
152,-12672,10996,-2978,4315,-3257
264,-12132,11212,-2931,3431,-3494
-820,-11256,11512,-2292,1984,-2207
-1000,-12116,10616,-992,623,-2156
-1604,-12380,10920,-1778,-1852,-3039
-56,-12052,11380,-3419,-1785,-1658
-1720,-12356,13948,-1032,-3986,-804
-344,-11540,10596,1094,-3197,1594
868,-11064,11124,138,-2966,6125
3560,-10316,8756,410,-1916,6071
3436,-10808,12060,1725,-4279,3408
7224,-12796,14768,558,-3240,1308
4804,-11176,12200,-2088,1911,844
3844,-11760,8220,-2401,6473,6368
1744,-13792,10500,-236,6691,4914
4684,-13932,9512,333,3795,-9659
-2148,-12028,10332,-1049,5286,-5130
92,-13836,11272,-2418,3720,-2680
-428,-13084,10584,-2539,2171,-3422
-1052,-12880,9640,-1709,1457,-1950
-1652,-13264,10868,-2478,-839,-2517
-2188,-13088,10836,-4005,-5886,-3058
496,-11544,11084,-3033,-795,-1409
1860,-11340,11060,425,-905,-950
984,-12240,9648,317,-1080,-258
376,-12240,10780,-814,-954,1007
2136,-13156,10608,-1115,-463,2161
2008,-12752,12348,-296,-1074,1145
1156,-11744,11504,-189,-1575,1999
2304,-11756,9492,167,-987,2822
6344,-12392,9768,262,-1546,-1213
3216,-12024,10444,-1006,403,-2468
2356,-12068,10176,-1505,536,672
