544,-12956,10060,-47,-2565,-520
828,-12656,9340,350,-238,-562
-1132,-13052,9996,705,-1683,-174
704,-12892,9416,-185,-20,193
124,-13168,10064,-407,277,183
1200,-12656,10180,-276,840,488
1152,-12740,9396,-345,-57,197
124,-12432,9540,-1235,807,2616
44,-12400,9892,-1094,753,2262
1592,-12596,10068,-682,791,461
936,-12200,9932,-1056,-374,834
1432,-12540,10028,-1396,-37,346
844,-12660,10296,-216,-1770,-194
784,-12256,9084,652,-1537,-1088
2656,-11740,8940,844,411,-1229
3480,-12884,10296,3224,596,-4577
6656,-11436,1100,6804,-5897,-4657
-1104,-13596,9628,-2102,-1814,-4747
852,-13712,8868,-2893,1823,-1142
-3004,-13244,11140,-6057,-1375,2497
-4868,-13968,8728,-7714,1785,6193
1916,-11568,11944,-6361,2564,9380
5800,-11684,11812,295,3045,3173
8328,-13944,12724,2188,671,-1652
3424,-12932,10364,1177,-2280,-10622
-592,-15584,7200,-4280,-1475,-8616
-3368,-16152,5812,-6531,4036,-1788
-2756,-14788,8500,-12605,-1795,-318
-2792,-15288,6104,-10698,2591,392
-1288,-14344,11148,-6306,650,4076
3104,-14856,7484,-5280,3739,3963
4564,-13480,10332,-2896,2283,2619
3856,-13856,12028,-2081,1865,-350
744,-14812,8220,-993,-1420,852
1148,-16404,5140,-647,-2438,-1151
1696,-14800,5924,1582,-800,-3793
992,-14992,6060,545,-240,-2502
-2748,-17012,12144,1260,-2314,2459
3888,-15924,5608,5012,-771,2232
1160,-15292,9628,4799,5060,-1218
