-4040,-8464,15408,-2502,-1137,619
-3664,-8920,15560,-538,-1832,486
-3300,-6928,14664,-75,-205,-244
-3184,-6900,15024,-1555,-320,395
-3292,-5840,13896,-2167,-344,456
-2772,-6544,13276,-2639,624,-278
-3876,-5268,13372,-4036,538,-365
-2432,-4496,12580,-4632,-1607,728
-704,-5308,11696,-4366,-2583,186
1220,-4068,10516,-7661,-483,-1757
2184,-6224,9632,-8923,-1420,-7045
172,-7976,9836,-10092,669,-1192
-1748,-11992,8852,-7687,1077,-4554
-3128,-11816,6664,-11336,13567,-2547
-1712,-11908,10336,-6314,1459,2227
1004,-12316,11344,-3648,3282,-4394
1228,-13484,7824,-7020,7816,-9014
-15852,-24528,18892,27337,2484,6173
1632,-16128,2612,970,15820,-20534
-1312,-16556,7676,-8515,8492,-17227
-7144,-14432,5488,-13448,14224,-14325
-7184,-12556,3804,-13125,5080,-7851
-16544,-13032,3112,-5355,-4459,-4053
-14792,-12184,8180,-3656,-9272,5022
-10752,-11696,10228,-5952,-22384,16469
2792,-16180,7536,-15113,-23842,32767
17328,-17676,13236,-602,-9348,-7385
14812,-21832,2508,1788,-2266,-5472
13396,-20056,112,464,13953,-15901
2728,-18284,-2676,5591,20516,-31441
-9084,-23172,7752,-1287,20423,-9660
-13144,-13724,7252,-804,18178,-8191
-12900,-16276,-384,-2233,11821,-10325
-9128,-15372,7124,-2033,6443,4488
-12792,-10972,3884,3381,1488,996
-16312,-11524,12352,5074,2728,3402
-9368,-11988,16480,1097,4478,18338
-8664,-12832,17652,-4384,3102,27967
7728,-19188,16032,-5688,-1794,9450
-3308,-23824,14172,10791,-32768,13133
-2072,-16756,4900,17104,-30499,3814
