-2476,-14564,6764,-817,-12,-151
-2600,-14580,6816,-1114,76,-179
-2308,-14752,6472,-740,-348,-530
-2260,-14736,6868,-364,-185,-256
-2276,-14512,6976,-382,105,-185
-2336,-14600,6832,-157,-386,-486
-2344,-14572,6892,-54,-180,-240
-2860,-14612,6976,-384,-114,-321
-2280,-14608,6816,-467,-25,-152
-2520,-14612,6628,-463,-62,-312
-2156,-14588,6780,-611,-324,-642
-2268,-14616,6848,-470,-56,-112
-2284,-14640,6884,-541,45,156
-2484,-14572,6868,-541,-238,-233
-2260,-14560,6688,-576,7,310
-2064,-14524,6900,-1257,985,2142
-2540,-14488,6776,-2858,1333,4096
-1768,-14904,5900,-3774,2407,3982
16396,-5444,-17816,9483,5844,-14346
6324,-15852,-632,6421,259,-7921
-2392,-16020,5864,1027,5287,-5521
-3152,-16900,5396,1410,9274,-5071
-5236,-15304,4300,2374,11440,-2752
-7736,-15172,5792,-1374,9850,-2863
-8576,-13936,5884,-4917,6733,-4205
-9692,-12836,5276,-11834,1832,-3699
-3964,-15756,7628,-11572,687,2758
-6160,-14036,8012,-7325,-9093,2481
-7452,-13836,5708,-848,-13847,4651
-1964,-15500,4628,6782,-12071,2840
3536,-16504,6152,6537,-12666,1090
1268,-14156,2496,7555,-7459,2513
7216,-12376,-5112,-2106,1944,-2925
-116,-13328,6016,-2590,2719,6749
-2228,-15864,4004,-4726,8707,9516
4788,-18796,-1280,6768,11481,-9704
-2204,-16824,1588,4246,7539,-4782
-2096,-16048,1260,4026,12251,-5058
-4724,-14352,2700,3617,10539,-3927
-8464,-14212,6448,3092,6271,-2897
-4124,-15196,5040,1947,4732,-2867
-4732,-13296,3948,-840,4687,-4073
-4804,-16980,6608,-1681,3951,-2611
-5540,-14392,3872,-4382,3716,-2893
-5336,-13712,6128,-533,2314,-1565
-4192,-17388,5548,-6803,2153,-995
-4720,-16012,5952,-5508,-1531,-1059
-5028,-13696,5544,-2982,-1686,-1075
-4708,-12932,3104,-5036,-481,338
-1964,-20432,6552,-3331,-1437,-279
-4468,-16436,5964,-1486,-609,-535
-3624,-12420,4160,-1845,-1164,975
-3948,-14296,4360,1459,-2834,589
-2508,-17032,5252,-2459,-721,1613
-2504,-12852,6008,3179,-2720,517
-240,-15856,2932,4360,-2380,86
-1880,-18796,8664,192,-874,-398
-4044,-16628,5996,2073,-129,1138
-2988,-17872,6112,4491,308,2360
-664,-21332,4956,6708,2,1444
-1824,-15204,1680,1304,981,1303
-3064,-13988,7452,5907,2803,824
-6588,-17636,5388,-4721,-485,-1599
-2940,-16632,1332,-9600,543,-2059
-3476,-15060,3984,-41,-590,153
-3820,-15060,5176,3091,-1062,387
-3928,-14568,6096,2972,-436,892
-4028,-14652,6064,457,59,-25
-3956,-14620,5820,-1072,221,-747
-4096,-15024,5400,-1401,323,-544
-4036,-14904,5584,-648,154,-221
-3900,-14852,5336,224,-94,-434
-3780,-14924,5200,398,72,-557
