1500,15544,5268,-705,-243,142
1424,15540,5868,-394,290,-148
1608,15336,5088,-400,-166,-220
1296,15632,5744,-260,-257,-348
1904,14780,5836,-404,-684,-665
3780,14228,5628,1048,4199,-6219
-1432,18932,11012,-4245,-2944,-6071
252,12176,3272,-7695,-13270,-788
-4048,12256,9308,-6508,-7874,1483
-912,11840,8752,-8599,-10323,3423
-3044,9412,9376,-4787,-8595,-1608
3424,13048,7672,-6368,-2616,-6678
2284,12448,7416,-6350,3014,-936
-2044,11468,10748,-9377,1252,-9115
5600,15532,4700,597,-1377,-6610
980,12028,4484,8247,5099,-8084
-4464,9256,280,6180,6167,-12123
-1716,20900,4048,18375,11928,-16126
-9016,13160,4992,-6776,-20,-1955
-6648,18932,2672,-1260,2448,-7747
-6664,15804,7604,5111,-3655,-14522
10272,22552,3720,4159,-4306,1414
3920,14656,5904,5536,7,2201
3528,17244,5320,3421,-4171,-584
3804,16732,4824,2500,-4598,553
3716,15020,7084,72,39,-21
3760,13732,5632,-1889,3216,-2346
4432,16716,6436,-5286,2185,-3104
-2368,17560,7368,-12125,9025,7665
-8952,13652,7252,-5125,6787,10646
-13104,14112,9096,-1530,9467,12695
-20072,6484,6300,-910,6141,29
-12864,16500,8152,4303,3128,11895
-2892,14576,428,803,-16713,-3162
-1724,17696,1832,2037,4895,-6568
5040,18592,3272,2856,-6522,-4814
-1012,5920,-80,5273,-3464,-10135
7400,13472,-184,2504,-6193,-6075
2012,16380,5108,940,-3024,-6405
2104,16276,4792,-146,2268,-8095
-2404,17192,7712,-645,4273,-3549
-488,14908,7676,-2454,3812,1979
528,14032,5380,-3704,2617,1388
-3408,12940,4856,-7000,764,1136
-4864,11684,5696,-7352,3125,-4445
-6712,17460,8428,-5248,6663,2199
-5644,16968,5636,-3781,4265,15167
-6808,8872,3724,-2398,-1570,13151
-9192,12756,9436,-2527,-3474,2212
-5940,16948,5760,3198,-1270,-3126
-3524,15888,4520,2462,1579,2691
-2360,15164,5716,840,7,4811
-2416,15700,6424,662,-1592,6787
-652,14380,6952,-422,-1522,6303
52,14332,7224,153,2957,2323
-284,14948,7200,-366,385,376
-648,14992,6676,557,334,-237
-1200,15336,6520,1019,-309,189
