-2816,-14648,6520,-313,88,-59
-2752,-14624,6416,-164,-133,-110
-2820,-14676,6360,-603,-18,90
-2772,-14596,6492,-907,-39,143
-2812,-14640,6528,-1775,157,547
-2536,-14132,6676,-3981,619,1743
-2976,-14792,5964,-6633,528,3542
-2772,-17564,4808,-4429,812,3362
32767,-32768,32767,24276,-21483,-32768
-1444,-20512,7996,300,-3976,2714
-1712,-21256,10548,53,3955,154
-1168,-17056,6120,468,6964,-3071
-2580,-15132,5320,1441,3728,-2682
-3116,-15048,5436,-78,2946,-1575
-4124,-14912,6308,367,3202,-1191
-6216,-15244,7056,-1515,2325,-444
-4880,-14116,5144,197,605,-566
-6444,-14564,5856,-371,2098,-3309
-4892,-14676,6568,652,-8,-4693
-6072,-11148,2328,-4487,-699,-3335
-5164,-12116,4904,-3646,-836,-506
-6152,-12700,4896,-1916,-3456,432
-3884,-12328,2424,3393,-5911,-1612
-4248,-14540,6632,331,-1940,2894
-4024,-13912,6072,178,-3362,3055
-1940,-16324,8232,2230,-3083,-710
4592,-17032,8912,2535,-5770,-2688
2036,-13812,3588,-5229,3313,165
-688,-14012,6016,-3076,781,7225
612,-14620,4452,-1243,8649,11794
24580,-5292,-6776,16944,-10082,-10813
-4232,-11892,2092,3894,1007,-937
-3588,-16376,7044,919,2298,-3103
-6356,-14216,4752,1085,2982,-2116
-5176,-14336,5752,738,3146,-829
-3672,-13244,5912,265,3087,-379
-5348,-14712,6764,-2162,2341,-1547
-5432,-14392,6324,-1882,2923,-1195
-5336,-15028,4044,-3692,2426,-2707
-5280,-14608,5128,-5718,2777,-2694
-5724,-14272,6084,-3090,1410,-2912
-4084,-16968,7196,1864,-469,-3755
-6044,-13828,4816,-5363,130,-2459
-5304,-12824,2352,-8603,-772,850
-5352,-14468,3500,-6704,-1682,1343
-5216,-11788,4440,-2498,-3049,1251
-3420,-15656,4780,4310,-3956,-737
1036,-17428,5828,1433,-2659,-1503
2816,-18508,9384,-1731,-1461,-1696
-728,-14380,6120,-1593,-505,161
-980,-15236,4076,-3123,1623,368
-2700,-15760,4328,-1237,1051,3441
-3792,-15596,4348,1513,53,1596
-3560,-15664,4352,3409,519,122
