1312,-12592,9980,-176,16,-588
1276,-12612,10184,-295,-81,-534
736,-12648,10280,-276,-575,-877
1248,-12776,10448,-463,-93,-365
1320,-12636,10156,-398,-29,-228
1248,-12732,10304,-315,121,-222
1876,-12260,9976,-458,2,-156
1188,-12684,10132,-435,98,-140
1404,-12536,10168,-381,-44,-191
1456,-12544,10004,-277,114,-168
1332,-12676,10124,-388,57,-190
1528,-12600,9956,-488,-141,136
1656,-12360,10272,-592,221,802
1804,-12408,9720,-467,1413,1559
-3600,-14192,13516,-497,1339,1424
-1648,-10056,12360,651,-1466,737
-4824,-7792,9608,-249,3404,2022
28472,-804,-6408,1258,-2824,-7409
7408,-6624,6228,-3673,4401,-5387
8852,-24504,17672,-2822,152,-7576
6696,-9052,-716,-3928,206,-3876
-1020,-14028,17104,-3283,-2407,-5004
4192,-12488,9560,-457,-5079,-558
-4000,-13520,10896,2883,-3265,-252
-308,-12032,12868,4149,-6513,-5165
-2944,-12252,11488,-2401,-4013,2290
976,-11760,10760,-3756,-3732,8730
4264,-12708,10528,1060,-2926,4491
5248,-11116,8128,198,2193,317
4624,-12620,7272,-1740,5199,3387
5960,-11576,6900,-192,5201,-3123
4416,-10976,1684,-658,6116,-7393
-3500,-10216,4012,-3170,5338,-3694
220,-11704,276,-3392,6032,-3104
1692,-8312,2116,-4002,5661,-1864
-2060,-15096,8852,-738,2921,-2023
-3496,-9656,10648,-3787,-2910,450
5712,-14484,2372,-756,-1322,-166
-2440,-11732,12732,-655,-943,-176
-5584,-10536,7328,-1206,398,1434
-1372,-12232,11600,1502,-2593,-241
-4384,-9072,12404,356,-3616,3280
2192,-15704,9336,-88,-2812,3123
-4328,-12076,10812,-529,-1953,3907
3904,-13388,10828,2070,470,1830
4612,-8244,4904,-1361,1490,3052
2476,-13588,10936,-87,-3016,908
2628,-12484,8272,-866,-496,223
1892,-11984,8788,-716,-301,854
1116,-13220,8884,-1285,187,681
524,-13280,9348,-534,226,289
684,-13404,9060,52,159,51
808,-13168,9220,654,-278,78
496,-12792,9628,543,814,410
408,-13104,9948,135,187,335
960,-12916,10168,-201,360,886
632,-12848,10116,-632,500,1687
