-2640,-15188,5560,-624,-12,-318
-2636,-15168,5480,-394,166,0
-2732,-15220,5460,-108,111,-98
-2976,-15048,5688,-61,-40,-276
-2904,-14904,5804,86,103,-207
-2764,-15124,5668,-354,31,-191
-2508,-14976,5692,-697,67,-291
-2772,-15184,5804,-577,-87,-405
-2572,-14960,5616,-758,95,-147
-2620,-15012,5704,-346,-30,-257
-2840,-15092,5544,4,-42,-397
-2764,-14976,5724,-210,35,-277
-2876,-15156,5572,-352,-449,-724
-2576,-14988,5804,-625,-634,-756
-2472,-14968,5780,-1074,-906,-848
-2344,-15164,5692,-1490,-714,-527
-2204,-14916,5652,-2358,-211,809
-2408,-15184,5528,-4571,-513,1402
-2624,-15620,5080,-5398,576,3656
-2724,-15464,4612,-4929,595,3925
18784,18836,-26064,32767,1449,-23100
15728,10900,-20968,12116,5194,-15300
-3064,-11940,1156,2266,6191,-6646
-3260,-17288,7756,1068,5990,-5519
-4528,-15124,6192,698,8282,-2827
-4672,-15784,5320,1160,4743,-3707
-5884,-13624,5628,-1629,2531,-3860
-7816,-13992,5844,-4225,1057,-4825
-5828,-12892,6216,1114,-6221,-3288
-3340,-15300,8260,6038,-8336,-1621
-2660,-12484,6580,-1915,-7834,5571
-2228,-14848,9372,1326,-7324,1497
1584,-14604,7836,3416,-9126,2731
652,-13316,1676,6001,-3074,4535
2280,-12896,5224,-4771,6837,3
-1192,-14800,6032,-2972,505,3244
-1592,-15300,5916,-887,888,5298
-524,-15268,5172,-1330,7842,8293
4364,-7452,500,-995,12209,-4509
-3152,-16036,6156,-1340,7345,-5286
-4680,-15020,4872,299,7181,-745
-6432,-13636,4520,443,10001,-4992
-3624,-13656,1844,-1504,6246,-4235
-6028,-15332,4600,-1811,3330,-1540
-4908,-16096,5564,-2338,2007,-2909
-6344,-13900,3384,-4189,998,-4786
-3244,-17048,8348,-3479,-977,-1836
-4424,-13348,3356,-8428,-3351,-907
-6216,-12740,2980,-5138,-4299,282
-5424,-13760,3220,-4422,-6311,1849
-3320,-14348,3164,228,-6141,-754
-3200,-14684,5092,3768,-3804,-102
-6672,-11692,6672,2728,-2830,2369
-428,-14736,7456,1495,-308,711
692,-15224,5848,-223,-2377,1845
-392,-17468,2036,4564,1923,1055
-1888,-15140,6484,1727,2405,1442
-1188,-14560,4900,-17306,6907,-405
5376,-3944,-3320,1818,-3245,-2140
-5148,-15092,6224,48,2083,835
-3420,-15220,5772,1335,1086,1001
-3928,-14380,6048,2304,808,261
-3712,-14340,6272,1019,-279,-569
-3348,-14292,6548,-1225,152,158
-3624,-14820,6472,-1960,60,174
-3468,-14408,5944,-1901,104,-77
-3564,-14844,6008,-916,253,-21
-3724,-14772,5844,-1242,213,59
-3628,-14868,5928,-422,104,-83
-3684,-14564,5740,-766,79,58
-3932,-14872,6036,-407,-41,-55
-3552,-14596,6076,-948,-41,-227
-3616,-14620,6044,-403,-56,-181
