1040,9872,12484,-414,-58,-38
1076,9580,12636,3,25,29
1308,10108,12468,-317,121,-75
1088,9612,12632,-514,208,-58
1992,9896,13216,-261,42,160
2204,8436,13356,604,1044,-1152
1396,9336,13876,473,2819,-1383
-500,7124,14656,5953,3043,-194
1104,8136,12620,12389,802,-211
640,15404,16484,14720,-504,1576
764,12160,12756,3262,700,1864
524,10000,11340,2036,1247,3224
-1508,7684,9412,3960,1336,3774
-2856,5168,9464,6117,2064,-2152
-2732,6832,5812,8247,-1456,-9006
-788,15336,6880,9072,5646,-4211
-88,12552,5092,5032,7497,-5186
436,13728,4316,11560,9631,-9346
-5312,16660,6712,8625,11205,-6252
-6820,15760,3268,-3681,9014,-1942
-2780,19808,-228,-4014,4146,-567
2872,23232,3388,6550,-23317,-8585
-1524,25648,856,3929,-574,612
3620,13356,10928,6814,819,1977
3940,19400,5032,2198,693,7932
9624,24480,16152,-3485,-2921,3467
11864,17848,15416,-4422,-2726,441
11616,22724,15144,3725,-3243,1588
4940,17664,12476,5,-3962,-1283
2688,18948,12280,-931,3066,2728
-3752,9688,10084,-4251,-3531,178
-5332,9940,4460,-4730,2426,3481
6912,12244,-2316,-6734,-1850,6398
-15548,12224,11208,-1798,3842,-728
-8580,14208,3596,-489,5194,3813
-11048,13628,5644,-1625,3571,5315
-5632,17428,4336,-2974,1728,5316
-14192,2992,176,-3135,2098,2006
-2268,18968,8268,4042,10285,-5697
1388,21472,10652,1672,3893,-4582
-5652,9704,5228,10194,-2653,-8199
2004,13336,-400,11345,-283,-9321
9640,30368,18248,3574,-12694,-1517
2540,12792,7756,2528,-6754,-7611
2584,12456,4864,3834,-222,-7288
1528,12960,7964,16,-469,-3929
-960,7488,5484,-670,3237,-2882
-4540,16768,5112,-2684,8090,5020
-5364,8620,9520,-5158,1190,6750
4848,16568,12436,-1398,832,4796
6212,19348,7856,-3313,3281,9518
-13004,9676,14416,-4851,2861,3547
-5840,13864,68,-4959,1879,3614
-12984,15872,8428,-1524,7746,8252
-8056,15996,2920,-54,-814,6267
-8016,15740,6144,-819,4312,599
-5904,16864,8196,-9758,-5938,-4065
-2244,14360,6980,-10648,-8765,-5177
-1772,12720,8108,-7594,-4599,-2610
-2248,10752,8500,-12685,-5055,-285
-516,7440,7508,-13247,-1387,-4976
-1952,11492,10636,-7365,-961,-1966
