44,10880,12256,-269,216,247
224,10964,11760,-761,-8,506
84,10664,12048,-1105,-96,1151
316,10408,12068,-615,-59,1054
432,10908,12260,-632,-10,1054
1096,10104,12896,-2526,-963,471
3284,7984,11508,618,1391,-300
2788,8288,11900,3996,4618,23
1544,9252,13092,5402,5891,1212
876,9264,11924,8730,4867,1455
1208,10532,10732,6576,5866,2160
-1912,11180,12068,4919,8244,2166
-2440,10772,9900,4728,6509,3500
-1804,12088,12852,8185,274,-4996
-1200,13812,8784,3420,-1984,515
-2248,10560,8592,4400,129,145
-564,13640,7432,4164,1597,-1479
-1768,14992,7272,5454,3150,-1275
-2288,13876,6804,4557,1367,-155
-1952,11640,5704,4270,3205,-3908
-848,18004,7404,6488,4485,-3855
-3400,17884,6780,-2989,2845,126
-1632,15692,5120,-971,3231,-3788
-4464,15212,7508,1042,2492,-5118
-5172,13228,4528,389,4100,-6870
-5712,12304,4728,-1744,4989,-4783
-5124,14528,4556,-3378,-4287,-4974
-884,13932,6384,-2051,-3484,-5359
-1556,16632,7992,-416,-6444,570
-852,14000,4376,1833,-4685,-629
1068,17460,10124,2000,-1420,1179
-256,14780,9652,2985,-2790,3875
60,14020,8044,7303,-205,-449
1008,13628,8692,8009,-1236,-2989
1504,14924,8008,7780,-2742,-2646
-2632,14576,7796,5295,-3273,-1155
-1744,14124,7412,3282,-1484,1035
-2724,13808,6352,2204,-375,603
-3912,14608,7760,2180,-3026,-520
-4088,14512,6284,693,-2805,2182
-6192,15472,7192,-473,-953,3777
-1920,13644,3948,-1746,-93,6996
1972,16856,7028,-1936,-1790,5087
-11332,10472,-680,-3925,5236,5413
-7340,13424,5424,-4043,329,7639
-2844,17756,7476,-4409,2931,5400
-5320,15644,3436,-3436,4494,5888
-2636,15088,3968,-5475,1573,11523
2436,8332,-4552,-4000,17411,-9175
-4404,24636,13592,-3120,6386,-8302
-4612,10264,6168,-2878,-626,-2115
-3892,11516,5292,7070,60,-12570
-4100,12544,6560,8438,-2546,-11315
3336,16340,7012,6852,-9022,-7473
884,17280,9632,8929,-8763,-9833
2192,17528,7288,8301,-7028,-7215
884,16400,3732,9285,-5182,-6989
-372,16468,4552,3627,-4031,-4354
-3092,15196,4464,1378,-1362,-3501
-1648,15440,3512,1955,-28,-3304
-4680,17000,5556,1232,689,-2082
-4596,14908,5632,-1145,-1540,873
-2408,15484,4720,-2132,-113,3722
-5512,13364,6396,-4164,50,3759
-2308,14792,-400,-5105,4488,5893
-13500,14428,2740,-4559,7919,3068
-10828,16584,1200,-3857,6694,2041
-6676,13504,6216,-1821,-2815,946
2200,19084,11424,-2199,-768,7460
-5220,11648,-432,-7766,-1547,8715
-10964,19784,16288,-8966,-5948,9850
-7208,15576,6472,-20932,-4271,13170
52,9844,4328,-25876,1072,5333
204,10124,6160,-17615,8523,1874
-280,10132,9716,-11641,5026,4270
2288,10788,11116,-8139,3683,-563
2276,14272,12468,-5286,1863,-678
-620,7768,12356,-9119,-4462,2454
4248,11132,12812,-3243,-2592,-2022
1916,13240,15076,-5129,-1482,93
876,7968,10324,-5254,-3458,745
2128,7668,10924,-734,-1477,-1851
3988,11244,12704,-237,1249,-3577
