1556,-15016,6448,-684,20,-300
1624,-15032,6272,-689,66,-142
1488,-15068,6496,-521,90,-149
1616,-15104,6320,-487,71,-274
1584,-15076,6244,-420,28,-287
1572,-14912,6212,-404,13,-161
1688,-14948,6348,-563,136,70
1612,-14976,6424,-534,-35,-17
1760,-15020,6228,-492,-126,-326
1624,-15096,6292,-445,10,-188
1692,-14936,6264,-461,-104,-92
-1376,-16812,9240,1744,-3232,850
4924,-17332,3472,-515,-1524,42
1420,-14920,6436,-1554,78,1026
3472,-14900,8344,-491,-2470,367
232,-16832,4784,1922,2772,-1401
10088,-10272,3972,872,442,-1399
-1000,-14056,4604,-884,4333,-1040
1076,-14296,7972,159,1496,-503
-672,-14872,1364,-2448,4681,-831
3364,-19088,17168,1945,2371,-2340
-3284,-16772,5168,-2158,3983,1929
1460,-31460,19204,7267,4106,396
268,-28060,4316,4760,1958,765
312,-15548,14896,2274,-1279,1400
-4532,-13784,11772,37,-532,1892
644,-23544,5552,1880,-1759,2749
3876,-15836,12056,2728,-5129,1641
1976,-10056,7568,460,-3547,866
8256,-15084,3428,-247,509,-2496
9728,-12520,3412,119,599,-3624
2912,-20124,8652,-169,2697,-3551
3944,-12432,3844,-46,2910,-5646
4600,-18464,1840,-703,1664,-4952
1932,-14772,2892,-3467,2944,-1150
-4380,-12944,2984,-4448,3510,-1712
-3836,-22052,2952,2674,1626,-1665
-2704,-9732,-3008,-5516,1880,1349
-2116,-18204,6628,308,-113,2783
-4444,-8540,-272,-3330,-749,1921
-2796,-16936,6080,295,-827,410
4736,-20720,12564,3728,-871,479
2072,-14552,6672,1780,251,3211
4060,-15288,18848,751,-1246,-538
5652,-22828,4684,542,-3896,1801
13880,-10156,9248,772,-3139,-2321
