-4372,-14216,6840,-566,75,-575
-4600,-14040,6860,-696,-26,-593
-4380,-14200,7272,-1544,-493,-772
-4576,-14680,7832,-2461,-2526,-2263
-3388,-14996,6936,-1743,-2219,-2923
-1296,-15424,7804,821,-3733,-6746
308,-14820,6492,238,-4067,-7288
-1512,-14300,5716,-1704,-6595,-3837
-1284,-15988,3804,-2957,-2359,-2673
-2904,-16048,3508,-4530,-1042,-2061
-4408,-15272,3972,-5826,-232,-2631
-6960,-15376,3816,-6022,1188,-2978
-7756,-14024,4556,-6295,3989,3745
-5796,-14040,3772,-4985,15861,13073
-4044,-13824,7888,-3534,10886,9646
480,-15852,8452,1936,422,-100
2824,-18972,6400,1953,-3832,-3493
-8,-17064,5584,983,-2868,1035
1960,-15752,3684,1487,-1621,156
292,-16000,5504,3396,-8814,-8328
-2016,-16280,1144,3957,-7965,-10443
-4536,-15512,1548,109,-3464,-7347
-4136,-15664,3380,-1578,471,-4657
-5028,-15728,2684,-3407,4112,-4718
-5568,-15672,3376,-4653,6726,-4245
-6168,-15436,3796,-4366,10969,-2548
-6568,-15736,4912,-5922,11723,1208
-4840,-14828,4836,-7929,5925,9343
-1256,-14392,6328,-6459,2478,9561
-296,-15612,4888,-1608,-2434,6143
-144,-17140,6380,1432,-1948,2346
248,-17848,5220,1388,-1633,-1382
-568,-16728,3460,813,-147,-107
-1796,-15308,2260,-345,-105,572
-3020,-15424,2332,-541,386,1789
-3880,-15888,2744,-192,322,1405
-3952,-15744,2708,290,235,543
-3696,-15680,3104,282,691,274
-3880,-15548,3452,-197,601,126
-3756,-15600,3412,-472,-169,-139
