-2304,-13812,8176,-351,24,-242
-2472,-13792,8324,-386,133,-119
-2700,-13916,8172,-536,104,-249
-2504,-13600,8292,-400,243,-127
-2680,-13852,8224,-326,-51,-262
-2692,-13796,8180,-308,-104,-235
-2812,-13884,8364,-220,-533,-916
-2496,-13872,7960,-706,-815,-1098
-2124,-13764,8060,-623,-307,-38
-2236,-13992,8064,-786,297,486
-2284,-13740,8144,-1286,141,412
-2380,-13308,8088,-2815,390,1514
-2956,-13812,7856,-3273,104,2019
-2672,-13536,6840,-2867,2,2111
-3108,-14000,8040,-2979,335,2038
-2164,-14900,7096,-4004,-1025,2934
-2816,-16424,7792,-1872,984,1480
768,-16456,11688,994,1535,-5633
-2784,-17424,13276,-879,-560,-3262
-2944,-15016,5924,-304,2251,-1849
-2744,-16064,8376,-1019,3558,-3229
-3740,-13140,6196,-79,4103,-2737
-2292,-16132,8220,-805,2591,-3562
-1820,-14276,5712,-1438,2893,-3369
-3324,-14220,6540,-1825,1717,-2196
-5316,-14176,6436,-6842,1345,-1507
-4948,-14268,5532,-5599,1413,-1776
-4728,-13988,4200,-2026,43,-1247
-5124,-13484,5044,-3892,-863,-964
-5040,-11660,4220,-1503,-837,187
-4312,-11876,4200,-1440,-1254,351
-4184,-14388,5544,142,-2593,645
-3580,-14628,7148,522,-3921,1135
-936,-15388,6844,1159,-3931,-806
-1392,-14160,5264,-472,-2684,-321
276,-15344,5508,191,-3542,-599
3624,-15852,7328,525,-4581,-2744
11268,-17780,2552,-3845,-3535,-7781
-720,-14872,5152,-4686,887,4257
-244,-14984,5620,-1618,1981,5876
-2320,-3196,-8716,3458,10989,268
-1136,-15416,5508,289,624,163
-268,-15972,5744,-1937,1347,-1541
-1456,-16728,7380,-2321,2709,-994
-2908,-15164,5224,2,4283,-761
-1508,-17068,7220,-475,1853,-1453
-5248,-14556,4368,391,3266,24
-5364,-15140,4528,3788,3067,344
-4616,-15332,6600,2463,2215,373
-3092,-14884,4660,510,1058,-949
-4116,-14500,6180,-828,325,-1948
-3804,-14340,6036,-2662,2019,-1868
-4808,-13908,4840,-6785,1204,-889
-2780,-14976,6444,-4692,396,356
-4184,-15116,7924,-853,-798,-364
-4188,-14608,7032,-657,-2310,-509
-4792,-13700,4868,-1793,-1821,640
-3536,-14320,7336,1675,-1752,1073
-760,-15812,7712,875,-3388,224
-1692,-14660,7228,1703,-2265,44
-1388,-15012,6936,1261,-2367,663
-1504,-16296,5624,4509,215,422
1420,-15936,6284,734,-809,-389
76,-15236,7208,-1159,414,866
-12,-15232,6704,-576,707,454
-680,-14496,4616,-1902,245,1023
-2836,-15240,6008,-9950,1146,1099
-1052,-16944,1804,-16712,3314,3372
-1896,-21116,2988,-12772,2499,1971
-3152,-15780,4688,-1480,1318,-702
-2632,-15084,5000,1668,20,-334
-2848,-15068,5340,2345,-66,333
-3080,-15152,5344,2440,-14,461
-2856,-14996,5752,1959,6,204
-2836,-15068,5976,532,-165,93
-3512,-14696,5896,2,73,-142
-2928,-15096,5472,-369,68,-406
-3120,-14864,6008,-590,95,-741
-3020,-14956,6104,-553,-143,-688
-2688,-14956,5912,-1045,-201,-616
-2736,-14996,5740,-918,99,-90
-2824,-14952,5660,-436,102,92
