-3084,-14784,6304,-778,-174,-86
-3112,-14800,6300,-489,-55,-198
-3024,-14968,6196,-713,-269,-536
-2912,-14764,6364,-565,-409,-682
-2864,-14676,6192,-810,-448,-595
-2876,-14684,6544,-2240,-1037,4
-2796,-14460,6136,-5108,-1792,691
-2344,-14772,5536,-7371,-2008,1708
-2776,-15460,4828,-8096,-1014,2467
-3244,-15528,4532,-7279,-1598,1717
-3048,-14640,5068,-8827,-2684,870
-1480,-22224,4724,1412,3394,159
7148,-13676,-9300,-14806,-2952,7065
-23624,-7128,4660,969,6996,3840
-348,-13924,1332,5595,3147,-1947
-3652,-15900,6956,3610,703,-1011
-2316,-17544,5796,3691,2802,-2574
-2900,-17084,7080,2550,2342,-2440
-2068,-15500,2848,2016,3796,-2697
-4408,-15784,6368,630,4599,-2792
-2004,-14844,4256,521,5812,-2786
-3736,-15272,5796,539,4901,-1906
-3260,-14704,3896,318,3286,-2309
-4572,-17336,5960,-2129,3993,-1539
-5000,-14388,5732,-5553,3335,-1863
-4668,-15944,6492,1112,2012,-1978
-4180,-16260,8180,3031,1392,-3049
-4032,-14920,5936,2061,1173,-3093
-3552,-14520,6872,2490,699,-3016
-4548,-15968,7516,-1634,468,429
-5024,-13400,4732,-2715,-1447,1961
-4244,-15136,7212,897,-2234,784
-3916,-14580,5128,3664,-2382,228
-1904,-13644,5452,3025,-2313,-405
-1784,-14700,6812,-1813,1545,2907
520,-15304,5420,113,-472,-1236
2048,-17132,7932,-373,-2547,-2998
-1152,-15296,6296,-3165,1180,-286
-1560,-14872,5720,-3005,-793,4079
-1052,-14988,5140,-1823,464,6992
-4460,-14756,6568,-1733,3188,7480
7304,1052,-2884,1925,7720,-4108
-4492,-13608,2548,684,-1621,-649
-1620,-12572,1672,1604,1329,330
-4184,-15188,4172,1575,1789,903
-3200,-14936,2484,1989,2584,-1976
-5480,-14896,5180,-468,2957,-1071
-4008,-13856,3904,1200,3185,-700
-4120,-14896,4976,2382,1662,-1560
-3652,-14992,5536,2604,925,-1832
-2964,-15432,4408,1328,2091,-1063
-4332,-15460,6468,-448,2281,-918
-4344,-13544,5412,-1177,1632,-229
-3980,-15572,6652,656,2377,155
-5220,-15328,6460,684,564,-2681
-4240,-12444,3280,-1758,-598,-4667
-4168,-14240,5260,-4807,1067,-2925
-3628,-14860,5528,-4911,573,-826
-5340,-13552,4168,-5234,-571,-299
-4156,-15976,8020,-2300,-1744,-187
-4260,-13964,4288,-1027,-341,406
-1952,-15812,6704,-82,-585,-219
-1548,-16004,6916,739,-702,-1116
-1792,-15172,6352,1680,-803,-488
-1648,-15404,7164,4472,-99,-1071
-292,-14768,5480,4629,54,-2199
2172,-16380,7088,1241,-2406,-2555
1692,-15260,6464,-3435,1094,-1772
-608,-15104,4408,-8333,-942,-260
-2056,-15464,5120,-5147,-1370,3071
-2048,-15876,4300,-747,-397,2722
-2836,-16100,4528,2459,-86,1008
-2372,-15588,5116,3937,527,-105
-2536,-15464,5180,3095,630,-31
-2696,-15284,6120,1097,283,503
-2640,-14872,5796,92,211,382
-2992,-15080,5796,-457,-191,-416
-2328,-14948,5900,-1198,-108,-749
-2484,-15164,5776,-1679,115,-545
-2444,-15180,5608,-1511,35,-476
-2368,-15308,5424,-869,121,-332
