-4464,-19712,6628,-1718,-715,1270
-2900,-15384,3868,905,247,1019
-3252,-15376,3996,1508,128,-191
-3304,-15468,4696,1216,-147,-731
-3124,-15240,4768,1178,-151,-505
-3048,-15192,4904,1362,-152,-393
-3288,-15152,4892,776,-17,-248
-3492,-15160,5228,497,-255,-640
-2968,-15224,4908,-14,-19,-143
-3216,-15176,5212,-462,-203,-337
-3208,-15020,5436,-1119,-1020,-947
-2520,-14776,5312,-2529,-820,254
-2916,-14860,5152,-6461,-899,1627
-3200,-15616,4512,-7628,-1711,1811
-1892,-18696,8204,-2303,-1221,1471
-15864,-30392,18620,-12995,-1490,5886
-20008,-620,-2248,-9234,11643,13550
-21968,-4068,9484,565,5171,1392
1088,-17204,4444,4149,4534,-2645
-4128,-12132,-1228,2585,8874,-2555
-5656,-14256,2700,1735,6246,-1487
-1848,-15732,2872,1616,4302,-3330
-4908,-15496,5104,246,4280,-2087
-3400,-14396,2608,-856,5741,-1111
-4872,-14704,4924,-77,2796,-1646
-1160,-14688,3876,-3610,2618,-3473
-2324,-15964,6200,-2907,3036,-868
-3528,-15096,3396,-1223,1780,-1095
-4740,-13304,3036,-4055,3265,-900
-4260,-14128,4068,-5199,1967,-1149
-3988,-17204,7848,5758,1371,-1753
-3924,-15920,5020,3654,1132,-3444
-4092,-16424,9304,-1407,1868,-986
-5176,-13088,4520,-273,-1727,16
-4152,-13584,4644,545,-2888,315
-3472,-14292,4100,-1414,-2218,1273
-2760,-14124,4296,2459,-3775,-638
-3720,-13208,5504,2210,-1294,1020
-1392,-14836,3848,40,-459,1588
-1596,-13676,4064,-793,-1195,514
-12,-14264,4572,1770,-2126,147
1424,-15376,4612,977,-819,554
9888,-17760,-1120,-5768,-4417,-6021
-712,-14732,4624,-4098,966,4630
-1688,-15476,4052,-691,3603,7692
18704,-4764,-7860,17339,-4720,-12485
-368,-12804,2244,2697,-1819,-187
-2012,-15136,4528,235,470,-1271
-2536,-16148,5224,-142,2188,-2379
-4900,-14724,4160,-649,3239,-1847
-4356,-15552,2872,-956,3194,-1396
-4776,-15596,4796,-463,1798,-820
-4768,-15592,5500,2066,1961,301
-3080,-15396,3724,711,1697,-1596
-4980,-15392,7236,-264,1032,-1432
-2528,-15268,4500,-1294,1997,-1321
-4272,-16388,6284,-2817,1468,-1599
-3624,-15948,6984,-1402,1775,-863
-4596,-15120,5360,2023,-424,-2128
-4480,-14176,4288,2450,1379,-2682
-3144,-15328,4920,-1341,2171,-825
-4668,-12748,6804,-2164,-524,-84
-3196,-15004,8892,1898,-1552,-362
-2920,-13824,6304,3341,-986,-1094
-4156,-13420,5248,117,720,1657
-2240,-12952,6148,-446,246,1265
-4092,-15008,8424,2233,390,1301
-2656,-12172,6812,3393,-276,144
-2096,-14244,8424,1627,720,-879
-1188,-14040,6292,1340,1254,-530
-552,-14976,6300,394,1387,-1457
-1416,-16132,6176,2883,2658,-1383
-1448,-13900,6492,682,1920,-1865
-1280,-14680,6132,1109,1947,-1194
-1004,-16916,4604,-2298,542,-1091
256,-19104,4944,-9850,939,-2301
-2460,-15256,5348,-5411,611,481
-2668,-15364,5204,-933,116,731
-2764,-15264,5824,1382,9,595
-2676,-14956,5928,2963,-45,370
-2836,-14788,6424,2809,-120,444
-2788,-14340,6604,2137,32,452
-3144,-14828,6516,1453,302,284
-2936,-14580,6580,747,-444,-810
-2808,-14432,6884,691,-567,-1281
