-12356,-20000,9872,-7566,7131,8244
-364,-10776,7672,1040,3270,1172
-1776,-12660,8156,-1789,1630,807
-2976,-14444,8732,-794,231,-75
-3680,-14696,9540,1067,-999,-560
-2172,-13348,7880,1218,-1327,-264
-5000,-13592,7448,-924,919,1867
-2964,-12096,7528,-1179,-3220,1051
-1928,-13108,8112,-3343,-2555,2185
-2824,-13968,8984,-6847,-668,3242
-1140,-13216,6932,-8346,90,3322
-2764,-15004,8120,-9682,1317,3208
-3072,-14312,6780,-6141,1287,2185
-2168,-14660,6980,-3710,1362,496
-3616,-14660,6468,-1132,-545,588
-3868,-15012,6280,-1058,122,563
-2892,-14152,6660,-1434,-1583,-170
-3832,-14236,6060,-5137,-420,1166
-2588,-14640,5664,-7637,-2079,1941
3952,-20728,14544,32767,-11123,-12045
-6292,-17904,9396,-8319,-1998,-453
-3424,-14984,6328,-6802,-474,-564
-3636,-14976,5432,-7426,-275,1879
-18728,-32768,24964,-10790,4537,5609
-2992,-14260,6060,-12157,-2235,3159
5860,-18316,-2916,-13430,5738,6819
-32768,7152,-10560,-18138,32767,24304
-21116,1532,-4096,-4362,25129,12587
-3948,-8208,736,1350,8350,-2080
-1668,-15152,4500,477,1743,-4801
-4960,-15548,5988,310,2571,-1935
-2824,-16680,8456,-1610,2805,-3838
-3316,-14748,6652,-1839,4672,-2472
-2664,-15072,6176,-3088,5251,-2395
-4760,-14408,6600,-1752,5450,-779
-5176,-15204,5816,-3305,2622,-991
-5148,-14436,4452,-5564,1548,-541
-5464,-15092,4972,-3428,186,-893
-4908,-15960,6376,-1838,537,-1673
-5248,-16788,8120,-6295,348,1899
-5564,-14544,5936,-1655,-4189,292
-4508,-13072,5540,1505,-4436,617
-3992,-14664,7108,1071,-4508,543
-3616,-14216,5304,809,-2973,2327
-2000,-15900,6696,839,-2570,1597
-1696,-14760,5612,1862,-2770,1255
356,-14280,6064,1614,-255,443
-56,-16484,9640,1548,-1541,817
1508,-12888,5020,417,3020,-3457
-2964,-14692,8424,-7637,-658,-227
-372,-14396,4392,-6425,-1226,10270
3996,9612,-11356,11168,3616,-3926
-3660,-13888,4944,4640,-4187,-1458
-4204,-16388,6496,1969,2421,1996
-3056,-14564,4232,1453,6733,-3247
-4376,-15880,3896,1570,3854,-5192
-6740,-13852,3928,225,4353,-2790
-3792,-15596,4656,1872,1941,-1700
-3692,-13672,4308,-1085,3279,-2406
-3720,-14808,5204,-65,3965,-1827
-6328,-14572,5536,-725,4861,-1204
-5472,-14508,3876,903,2066,-2787
-5396,-13416,5256,5535,1768,-2662
-5036,-14816,7496,2623,2615,-2747
-3388,-15056,8340,-4840,2239,-2151
-3000,-14188,7064,-4908,1093,-897
-4828,-14248,6612,-1821,287,-1130
-2756,-14320,8872,743,-1669,-1588
-4044,-12908,6172,-3539,337,717
-3900,-15264,8828,-4307,563,2836
-2120,-16384,8564,1720,-3110,-1843
-3272,-13696,7344,640,-1066,77
-980,-14720,8600,-1340,-364,369
-2636,-14156,5860,-394,1004,-515
-1716,-15224,6520,-625,1789,109
-1836,-15844,5804,704,1232,-1183
-216,-16388,6004,578,530,-3153
-36,-13400,6620,-1101,2354,-1605
-1132,-15404,6844,-4310,2088,-1192
-4460,-15656,6516,-2917,-458,2476
-3456,-15796,5856,-2007,890,596
-3112,-15504,5164,1267,210,999
-3116,-15252,5524,3320,-224,545
