1792,-11808,11004,-574,55,-407
1552,-11920,10848,-387,38,-549
1740,-11784,10880,-193,35,-481
1644,-11740,11124,-126,356,-146
1748,-11684,10880,56,274,-344
1788,-11704,11080,33,-35,-420
1636,-11660,11036,-202,117,-294
1644,-11684,11044,-209,174,-266
1636,-11700,11260,-252,-37,-225
1760,-11688,11364,-367,-32,-116
1852,-11724,11028,-253,163,-80
1720,-11636,11116,-311,116,-250
1800,-11592,11080,-437,109,43
1824,-11528,11200,-528,170,431
1980,-11632,11080,-514,715,787
1752,-11752,10976,-600,1623,1442
1400,-11696,11032,-610,2102,1969
1608,-11892,10892,-400,3294,2380
264,-11996,10872,-325,4699,2348
32767,27160,-19200,5961,-9781,-17270
1572,-11072,10848,749,3299,-4463
4624,-11856,6504,-389,3518,-9
4224,-12824,9680,-2326,2678,-3887
184,-11576,10356,-3150,4948,-4607
-1044,-11600,10348,-1633,2106,-2256
-1072,-13056,10864,-1756,2599,-1891
-2760,-11852,10836,-2446,1115,-3450
-2376,-11024,10772,-1115,-3489,-3310
-672,-12248,11768,479,-4485,-3581
-1376,-11456,11612,-1539,-3843,26
-1000,-12168,11148,-1530,-2786,5108
1668,-10744,10176,278,-3283,4244
2080,-10740,9656,1543,-3918,3688
5884,-11160,10824,976,-2685,3953
10476,-10888,9924,-590,-2196,87
6624,-11056,10504,-2648,1692,1738
2320,-11808,8924,-1641,7967,6411
28300,6692,-12092,-595,5604,-7920
1812,-11688,8068,-356,2674,-6135
-1544,-13160,9916,-1060,4256,-1595
312,-14336,10244,-2526,3132,-3760
-1360,-11884,9348,-1138,2446,-2128
-1928,-12584,10856,-107,1206,-1231
-1528,-12624,10244,-1664,-1030,-1150
-568,-11860,10324,-2163,-1247,76
460,-11692,11300,-1082,-424,-387
508,-11888,12016,669,-2015,-1492
1320,-13448,11756,-813,-342,-116
-696,-11384,10712,-1412,-367,1834
88,-12020,11728,-414,-1976,1001
1160,-10952,9492,9,-2697,2009
1108,-12484,10960,101,-1381,2382
1360,-11644,9728,323,-1246,1706
4316,-13064,11236,33,-1199,-50
7052,-13456,12168,-616,-1880,-1976
