2612,-7312,14192,-184,144,-227
2620,-7316,14064,-390,213,-162
2684,-7464,14100,-477,6,-127
2576,-7448,14268,-416,-121,-181
2552,-7432,14284,-530,-261,-152
2560,-7448,14380,-486,-439,-239
2824,-7372,14008,-493,-714,-343
2536,-7408,14372,-590,-624,-162
2432,-7560,14708,-379,-814,162
2928,-7432,13972,-542,-320,252
3836,-6736,13664,-868,590,746
4388,-6800,13196,-618,2045,2205
3976,-7128,12892,-337,4844,3569
1488,-8508,14164,293,4876,2334
2204,-8364,14600,229,3543,-207
10972,-7820,8848,2321,4319,-9134
-48,-3528,10696,-728,7502,-7424
2588,-10008,16828,-1594,2087,-4320
1636,-7016,13152,-3208,1495,-4756
1088,-6676,10536,-2052,1075,-2449
1216,-9460,13536,-1270,1268,-2753
-2028,-8448,14716,-2034,-1464,-2814
-224,-9328,15156,-2843,-4385,-1100
-700,-7976,15340,-1785,-5288,-119
852,-9512,16924,-1506,-7403,2195
-1260,-7828,13120,-1605,-6089,6667
3580,-7784,10652,549,-6064,8760
3700,-6428,13460,2278,-7748,8442
2236,-8772,17388,3252,-4512,9846
10484,-6476,11244,2911,17,7381
11188,-7304,9896,552,-1876,650
6224,-7452,12404,-2195,1934,3312
6612,-7988,12888,-2043,9671,8638
32767,-13536,17928,3777,-19069,-17931
3816,-10912,13072,1606,1335,-8817
2348,-9764,11992,-1419,6010,-8288
-2500,-9800,13364,-3545,5064,-8434
-4960,-7860,13488,-1633,4015,-3454
-1640,-8876,12960,-136,1407,-797
-388,-9740,12168,-2036,1198,-3844
-1652,-8664,13940,-3883,-247,-3362
-1660,-8360,14380,-4692,-3218,-1561
784,-8324,14780,-3941,-7391,-368
708,-8368,13272,-3454,-6794,1464
-932,-9572,15732,-1383,-4015,3696
744,-9152,14172,1450,-4640,6075
3128,-7572,11796,2621,-3863,6825
796,-8376,12992,3314,-1854,6238
7048,-8496,10780,2833,-2365,6278
7064,-8024,13564,4173,423,4958
1548,-13436,12688,4068,-1102,3148
3892,-5600,11612,464,473,3231
3024,-9512,13944,-661,1391,1494
2276,-9056,13376,-1373,297,619
2284,-8484,13236,-559,-38,584
1560,-9084,13348,475,282,538
2332,-8540,13232,1095,537,536
1716,-8580,13896,700,354,188
1616,-8408,13752,69,627,136
1800,-8184,13836,-567,56,-163
1708,-8360,13748,-1044,109,-512
1900,-8376,13628,-1338,467,-856
1900,-8616,13456,-1237,320,-928
2292,-8616,13380,-624,-153,-636
2032,-8516,13640,-378,146,-390
2020,-8460,13596,-420,368,-501
1812,-8500,13528,-326,165,-442
2084,-8416,13456,16,135,-117
1892,-8476,13420,97,305,-75
2036,-8324,13772,-113,215,-186
