-5780,-13684,6240,-405,180,-494
-5860,-13876,6424,-350,18,-581
-5816,-13740,6288,-491,54,-486
-5836,-13808,6104,-598,-119,-530
-5648,-13876,6296,-404,172,-697
-5772,-13836,6304,-512,-174,-737
-5696,-13764,6248,-626,-86,-631
-5516,-13840,6144,-506,59,-688
-5552,-13956,6132,-544,7,-624
-5576,-13892,6220,-571,-58,-592
-5524,-13860,6192,-777,105,-543
-5504,-14068,6172,-815,-444,-663
-5360,-14080,6116,-544,-114,-708
-5068,-14120,6660,-610,-850,-767
-5296,-14664,6924,-372,-3043,-1288
-4888,-14208,6832,410,-2240,-1283
-892,-14264,6448,4443,-10011,-7750
-1244,-14452,4976,2394,-3408,-6785
-2636,-15156,7132,-79,-1227,-4871
-3932,-15460,5984,-2023,-1632,-6577
-3492,-15652,4872,-3727,1480,-6078
-5480,-14780,5988,-5180,2620,-2757
-5196,-14056,4144,-5799,5875,778
-6432,-12824,3956,-7663,7864,4822
-5352,-13740,3624,-7706,8912,6421
-5048,-15376,6804,-5285,7324,5588
-2456,-16980,7912,-2927,3901,4493
-2956,-15712,6704,-516,-616,1242
-2724,-15840,5844,233,-2055,-705
-2716,-16156,4892,-1111,-3953,1414
-468,-15748,4756,2257,-5938,811
-964,-16644,6348,3800,-9684,-5998
-2260,-16380,4624,4169,-7923,-5835
-1088,-15808,3588,3435,-6545,-8745
-3268,-15104,2048,1208,-3026,-9143
-4420,-15440,2860,-804,674,-5542
-4564,-15564,2416,-2839,5229,-3823
-5792,-15172,2948,-2495,6832,-4484
-5280,-15620,4036,-2700,8486,-5236
-5204,-15708,3984,-2796,9460,-4454
-5648,-14716,7636,-5727,3158,2422
-2640,-14148,5560,-5938,971,8383
-1880,-15000,6224,-4932,376,8263
-1180,-15836,6588,-3469,-590,8555
-608,-16064,5268,-2386,916,9638
-976,-16828,4308,-372,-4917,3356
-1392,-17080,4032,-107,-4104,-1535
-5396,-14552,3928,-257,234,707
-2776,-15648,3016,-1223,-108,-785
-3452,-15684,3200,-634,-553,10
-3592,-15356,2920,-310,-243,605
-3904,-15400,3152,-342,-34,837
