-260,15516,3632,-753,-62,-33
-292,15664,4024,-301,100,81
-600,15660,4236,135,67,187
-1492,17024,4508,1356,434,830
-1808,19128,7296,378,-1093,2934
-4996,13524,6496,-13223,-8599,4539
-2372,19812,10520,-21735,-2031,10996
1288,8772,7412,-15974,-2836,4939
-544,7384,8188,-12788,371,141
-6324,8752,6752,-8882,1069,551
128,15376,4940,689,-15187,-8611
1164,15760,1276,5570,-11845,-10444
308,15376,3924,3488,4821,-9807
-184,15452,4008,7801,4695,-8545
-672,13000,2488,6207,4602,-8793
-2060,20552,4960,-1313,4596,-5777
-5696,16224,3808,5069,-1938,-5324
-7480,12504,-756,6148,3810,-5792
-828,21668,3320,4735,3107,710
796,15564,-244,3311,2216,2562
8104,15988,-1992,702,3798,5355
11108,14588,6856,1676,1232,-1713
8788,15680,6696,-306,-1560,-5081
5864,17612,6724,2360,254,-2450
604,15988,8872,-829,2274,-413
-6504,15932,8672,-4144,2860,5238
-7336,12388,5716,-5101,1083,10153
-14112,11188,5792,-4917,4675,1854
-16708,13612,5080,2407,5546,-7277
-8996,18316,5236,-2652,-3832,11991
-5088,13536,1784,-2906,-761,16082
180,25400,14156,3581,15902,-8774
5396,20292,3896,5794,-3794,-5792
2924,4876,-17440,3264,-1951,-2793
12084,15768,-264,-584,-8886,4900
9912,10744,4004,-2490,-10951,270
6524,15684,6512,-1731,-383,-11023
1920,17612,7420,2594,6502,-6416
-1240,16288,9772,1880,7196,1965
728,13532,5896,-692,3442,3940
-1540,14476,6496,-1574,2010,2641
-4060,13720,6164,-2076,2368,3207
-6988,15688,5616,-2557,7816,4442
-6984,13592,4800,-2335,4326,3202
-7364,15788,3464,-1485,1249,686
-6996,15652,3708,-528,-34,3194
-4044,15628,2316,2079,672,1550
-1456,15540,2548,1981,-147,1480
