3216,8832,13136,-325,70,-220
3008,8960,13476,-458,-79,-263
3264,8504,13168,-357,184,-214
3784,8716,12976,-57,48,-267
3568,8848,13488,-317,-465,-360
3276,7812,14748,-1072,-1431,-289
4220,5672,15648,-2174,-3641,-1316
6568,9272,16764,-3789,-3442,-1038
5676,5700,14620,-354,-3516,4649
5396,3156,12584,578,-2488,2139
2004,5080,12044,6998,1547,-3475
2804,8312,10424,-373,2286,-1835
-80,5716,9048,12682,4975,-1743
5700,9628,7896,12747,6154,-671
-88,13956,12440,7185,1089,-13641
3340,11780,6764,11433,3053,-11032
1548,14872,10388,8426,2818,-6590
-1260,12624,7700,8881,1650,-7476
-3340,20680,9328,2280,5505,-4222
-5588,13500,8856,4284,1905,-6611
-7436,15056,7016,5020,239,-9002
-4392,17024,7168,1537,5410,721
156,14816,1616,1966,3277,-1051
2544,19636,4968,5882,745,2800
4440,14184,9584,4849,-181,-274
8900,12080,8904,3223,-3794,-2343
5680,13480,8508,1662,-3418,-3953
8780,16260,8872,32,-1823,4023
2860,15876,13368,-1710,1117,8220
1304,12200,3604,-3778,8328,10448
-15040,10728,12324,-4248,7151,3607
-22520,15300,15196,-3405,11461,-4939
-7556,18780,6604,-1659,6815,3207
-7536,13832,7836,121,-1624,12707
-9016,10580,1120,1394,4342,-10797
3920,14936,1476,550,-2768,-5160
2196,19024,14572,3082,-8105,-4978
400,13072,10504,2004,-5588,-7755
-1880,18272,11820,1826,-3547,-4686
2904,15876,10544,322,1333,-2526
3368,13328,11228,-2478,2930,-3283
4848,12964,7488,-2355,2557,4088
228,11572,11208,-5009,4109,5099
-3792,13936,11612,-5533,2835,4874
-7168,12336,14888,-4536,-624,5670
-1248,12048,8052,-3939,5047,3793
-8356,13048,11540,-5333,43,3293
-9072,14908,11132,-3782,-1724,3047
-1000,14564,6868,-1505,-1573,-169
-968,13412,8656,727,1540,5747
3644,11380,7008,229,2089,4763
2200,12580,9472,-467,3133,117
680,13492,10124,-787,287,24
1136,12896,10092,168,546,178
320,13136,9788,619,907,84
556,12968,9372,-530,-703,682
1200,12948,8824,-750,-718,669
1124,13212,9052,-676,319,-27
980,13068,8764,-1247,-347,193
700,13320,9248,-1820,-302,391
640,13228,9744,-1606,1437,587
728,13244,10248,-1073,534,1244
1488,12388,10072,-1031,148,891
