-2324,15456,4592,-140,226,-357
-2100,15276,4244,-68,92,-120
-2124,15340,4576,198,379,-349
-2432,15148,4752,345,488,-590
-3756,17336,6308,-605,101,290
-4728,19232,9360,-9929,-4740,1379
-7672,17864,9464,-3330,4108,6644
-4796,16168,9480,-17377,-7034,10376
-1592,9700,8476,-25238,-8515,6284
-3692,6956,7156,-16357,-1585,5180
1092,11032,8644,-8944,1728,-1371
-296,12300,10644,-2429,2647,-2424
472,11784,11180,-1555,-642,-624
2312,10252,5332,-1764,3491,-10966
-1040,8764,3572,7175,401,-9570
620,13776,6724,11510,3595,-5405
-2068,11868,7372,8034,3083,-9359
-1932,16324,10552,-5041,623,-4379
-4956,14200,6124,-499,1941,-188
-4516,15676,5412,4508,4521,-7302
-7196,15272,7516,3138,2842,-5205
-4728,15900,5476,4015,285,-3108
-156,15892,6396,3059,2854,-6367
636,18292,9624,1552,-5497,-2783
3080,13712,6436,2408,-8681,-1972
1180,13600,7184,4180,-4772,-7070
288,15472,9164,6453,-2215,-5391
192,15100,8580,6774,-1760,-2802
-1696,14084,8148,3554,848,-356
-1152,15164,9336,1722,-243,2477
-4148,13552,8380,-1164,722,5829
-7580,12300,6312,-2026,1923,5975
-9028,13408,5564,-2083,1309,6667
-14356,10256,4148,-1564,2881,5363
-8616,17604,6244,-1083,4699,7730
-3820,14048,3684,-4426,2368,13724
-1184,8532,-5304,2240,6055,-9143
-5592,16956,10256,5333,-912,-12410
2884,18396,4068,3610,-5159,-1710
-68,13744,4412,8599,-7038,-5537
1820,14792,4668,8334,-5725,-8687
3040,17056,4788,4648,-6161,-5545
388,16460,5740,3692,-1559,-4835
-508,14516,5904,1705,1475,-4503
-760,16376,5132,585,2924,-4135
-3540,16824,7192,-2079,2795,257
-4012,14608,5796,-4974,3405,3992
-5204,14596,4952,-6701,3965,5090
-6684,13824,5440,-6307,3265,4918
-7128,13032,3856,-6150,2298,5976
-8580,13236,6204,-4875,3319,6144
-6912,12516,4572,-3678,766,2833
-7672,13720,4880,-2367,665,-248
-9768,13120,3988,438,-2228,-780
-4256,15016,4396,427,590,1785
-3440,14912,4960,-768,471,2971
-3620,14988,6084,-1283,109,3002
-2752,14292,5180,-2046,458,2723
-2516,14532,6392,-1702,1023,1046
-2580,14768,6524,-994,1019,299
-2552,14436,6264,-885,56,-61
-2940,14700,6400,-558,-398,-350
-2756,14648,6200,92,-64,-553
-2964,14492,6196,-138,-133,-531
-3032,14856,5892,-289,95,-240
