208,10532,12512,-1543,-811,-294
636,9896,12948,-561,156,-158
136,9884,12348,-304,294,126
596,10004,12316,-180,332,-164
904,9808,12716,276,679,-184
544,9580,12484,1038,1678,-300
2448,9004,12856,-2239,1945,-691
544,7788,12712,-956,8727,517
-1508,6192,12600,4798,4925,820
-660,13816,18028,6044,5988,1474
-800,10076,12080,-1994,7113,3431
992,7416,9808,3014,6916,3231
-2204,10440,10064,8632,7911,2621
-2288,11496,9368,10613,5348,6111
-1948,11760,9428,7826,101,-2427
1860,14276,6776,10782,6463,-517
-4172,17308,11656,4974,2446,4594
-1572,10064,6316,4705,-2184,1421
-5244,10272,4500,9155,4954,-4229
-7944,15708,9572,-1331,2656,-4626
-5888,13876,4796,173,5031,-7128
-7408,14936,5784,3297,2270,-7210
-6464,13680,4816,1310,5186,-5594
-5380,13832,7432,6158,6230,-12295
-3216,17384,6912,6597,-2752,-4297
-3336,15300,5092,9918,-5416,-3372
-640,14788,3196,8049,-4891,-2923
-1988,17360,4852,7588,-1869,-1180
484,14560,4288,8235,-2736,-2637
864,15788,4828,9095,-1513,-2993
-504,15408,6456,5417,-3647,-2702
-1800,14968,5932,490,158,-3427
-5716,15168,8156,-3255,1234,-2418
-5328,17340,6188,-10613,3022,7448
-9088,12412,3652,-14679,1169,14870
-10840,12168,5388,-9731,-156,7848
-11960,14872,480,-7790,5905,6428
-10116,14592,5244,-8253,3560,10823
-11352,4164,-1036,-4000,2288,4074
-6100,14752,5100,5432,2602,-12399
-3688,16884,5480,9557,-5343,-8742
-5108,14564,5996,18965,-12228,-11162
6480,19932,7056,16942,-13598,-8359
688,13056,456,19165,-9402,-9804
1064,16136,3996,13934,-5686,-10407
-1480,18212,2280,6941,-981,-7066
-4356,16796,3072,2042,1871,-1774
-5564,17172,4736,-2162,2144,1603
-4524,15336,3424,-6199,1524,6450
-5196,14456,2984,-7750,590,6538
-10180,16240,6052,-12883,6217,9440
-12844,9136,4804,-12476,3591,10857
-10408,18704,3332,-9970,7705,11694
-12224,18180,4548,-13528,386,21414
-8820,11712,1208,-16990,-4883,13224
-1608,13248,2488,-26719,-3730,171
-3012,9720,4988,-18883,-7415,6185
1472,4368,5556,-13598,-13042,4131
11448,11428,4992,-6147,4129,-6330
-780,14844,12104,-3984,2998,-1005
