2168,14128,7196,-216,250,-1282
1316,14480,7316,548,-137,-209
2080,14148,7148,1015,897,-339
2332,14068,6660,1522,1966,-1142
1496,14576,7112,1411,-23,-531
1768,14592,7200,1150,-999,-300
2036,15000,7108,563,-2850,392
1392,15460,9832,-1625,-4330,515
2824,15396,7972,-6130,-1276,-2962
-3604,22904,15240,-17921,-94,-7919
-1264,12964,12260,-17503,-5410,871
-2668,7616,10460,-10692,-4711,-854
-1384,7888,11076,-1237,-4693,-1853
-1516,6996,8600,2730,-2242,-940
3932,11564,6676,5734,-288,-3514
3412,15124,8412,7416,-6243,-8621
3276,17332,4920,2483,1037,-10356
2728,12784,2332,15612,3157,-11953
-1064,23820,1964,-696,3953,-1351
-6748,11972,2808,2656,1576,-7220
-7236,17980,7748,6026,4878,-11620
-5264,16480,7052,8313,1333,-3986
2412,18192,-5044,3051,-934,842
2788,13368,-972,1821,5107,-2234
12616,18840,2384,-4153,-2751,2719
10744,15456,4272,-5802,-5137,-625
8036,14308,7132,-3530,-3202,-6747
7136,19456,9356,-272,4284,4436
3624,14620,8292,-1719,2531,11325
-976,11064,6204,-6678,3153,8285
-11240,10884,8272,-6319,6948,-429
-18124,14852,11044,-953,7393,4050
-10204,16596,4604,-776,6948,12291
-32768,-16532,-7920,8080,8511,-6436
-2100,22896,10400,375,1656,-4930
12624,22196,12004,227,-4106,745
13912,17036,3936,3301,-8300,-1115
10916,13024,316,702,-8353,-400
8388,15460,4556,-2430,-2884,-4027
6928,13624,6116,-1960,-244,-5365
1500,16388,10992,-1609,3539,-4901
-408,16272,12720,-1127,4247,3017
300,15280,10936,-467,3693,10179
416,12240,7480,-1054,3884,7418
-1044,13544,7852,-1810,3193,3452
-2604,15008,5496,-3124,1724,6728
-6944,13200,6748,-2808,1782,2120
-7012,15920,6804,-378,2573,-5765
-4208,15952,6524,1079,-678,446
-692,14908,4744,313,-2665,7446
3156,13660,5572,633,1473,5019
2472,14084,7600,93,609,2413
2184,14056,6296,72,-685,904
1656,14424,7072,225,647,-1055
1024,14196,7096,316,172,-591
824,14812,7032,787,752,-794
880,14684,6440,776,-455,251
656,15096,6056,816,423,83
884,14964,6140,744,-142,407
492,15072,6628,840,-211,858
1480,15268,5664,761,152,1198
1552,14516,6156,451,505,391
1584,15100,6256,239,460,31
1316,15128,6332,207,119,203
1388,14456,6192,39,92,-32
1348,14888,6900,43,787,-416
920,14772,6172,-60,-66,-275
1308,14944,6080,-174,278,-203
1208,15052,6104,-205,-40,2
1036,14840,5568,-160,203,11
1400,15192,6172,-378,-38,145
