444,-11360,11420,-338,-544,80
-156,-11300,12020,-76,-380,92
-300,-11220,12800,0,-1300,73
-264,-11484,12084,-156,-741,106
124,-11280,12132,-544,-199,72
108,-11040,11860,-397,-430,160
-1276,-10716,12420,-497,-402,329
464,-10816,11488,-410,135,568
-96,-10672,12188,-242,386,15
-492,-11696,12172,72,193,1270
-440,-10904,12348,-186,-653,2552
-432,-11032,12360,-130,132,2195
184,-9640,13528,-283,-1750,590
1456,-9992,11252,795,-2126,-9
1252,-10444,11416,302,-389,-2480
2760,-10648,9256,-482,458,-5294
1536,-15016,20892,17334,-12796,2776
3580,-12428,14012,1764,-5551,-5002
1672,-11508,11420,-1267,-4735,-6893
368,-11844,11088,-4976,-3314,-4146
-1604,-12176,9396,-7033,169,-2951
-4948,-11548,11328,-7279,3196,3558
-5584,-11052,11592,-9627,4314,7775
4496,-9816,8844,-5405,-278,14211
10620,-10600,14948,2550,-604,1054
11040,-11064,12440,5420,-5201,-7952
2428,-14756,9248,-4799,199,-14973
-2808,-13404,7632,-8979,1974,-7791
-3796,-13644,8276,-6309,3250,-18
-6612,-13272,10140,-6794,-1813,7104
-2840,-12296,11956,-4648,4527,15165
5340,-11716,12240,-128,6204,12936
4664,-13432,15028,7986,-955,2963
4196,-14324,11644,4196,-4818,-1104
1268,-16396,13488,7901,-4257,-1042
-1128,-13248,10756,7220,4641,-3508
-556,-9668,6956,3835,-4678,-1983
-792,-10208,9620,972,-2281,-3186
-916,-10700,10624,1853,-3585,-1229
-1128,-11456,11220,1108,-127,-1183
-12,-12164,12356,1173,-977,-1162
1088,-11928,11812,119,-301,-992
808,-12216,10832,668,-571,-415
