-2936,-5388,15172,-620,-408,127
-3108,-4796,14624,-631,360,-489
-2496,-3840,13988,-1488,588,-848
880,920,12072,-3717,-194,1960
4440,1260,9172,-10688,1694,924
836,-5840,13060,-14564,5366,-5844
-4652,-9516,12300,-8527,-160,-6854
-3552,-9080,10548,-12517,-3682,-5595
-2652,-9320,9792,-16238,2619,-6711
-5864,-10112,9688,-10912,-4853,-3437
-3568,-12580,11044,-8214,-2015,-1895
-3264,-12376,11648,-5463,1215,-2245
-1444,-13008,9804,-8849,747,-6444
-6868,-23244,17664,13856,-1647,2969
3212,-12248,6560,-476,12196,-9749
-364,-14000,9288,-2956,7508,-18084
-1972,-16692,6888,-5210,10722,-17931
-9404,-16184,3464,-7721,7498,-13274
-14816,-9664,6028,-9498,8593,-6589
-11428,-16028,4596,-8832,-4092,-211
-17328,-13072,6432,-2477,-16838,10180
284,-11668,11188,1128,-26144,28511
17072,-14228,18088,5776,-5487,9822
11480,-15188,12264,-326,-3737,2227
10728,-18128,7988,372,5665,7261
5104,-19824,5812,5309,14188,-23310
-7448,-18336,7660,-2196,15766,-22304
-6856,-13812,3604,-5664,15814,-19794
-6608,-15252,-2472,-6783,11430,-10990
-9320,-15844,-88,-1715,7918,2179
-10888,-14648,8496,132,-1865,1712
-10892,-14632,10132,-38,-9567,2203
-4644,-12364,11240,-4119,-7643,13210
-9084,-10696,10568,863,1573,24234
-4552,-8728,12824,-8223,-10692,32767
3608,-18328,21540,-123,-11017,13560
2336,-21772,9832,4932,-23885,1929
-4176,-21684,10124,15202,-26734,7438
-4876,-12580,9304,10818,-12211,2095
-6904,-12892,13144,11146,-12877,-3611
-3932,-8736,12000,10160,-10119,-3476
-1496,-7796,11248,5599,-9497,-4256
-1300,-7340,11540,3962,-6796,-5303
12820,-6320,-6664,3076,22244,-4532
-4172,-6552,12632,4997,4459,1393
