-3568,-14560,5856,-103,180,261
-3712,-14712,5880,-666,-90,-99
-3680,-14888,5572,-812,-53,-14
-3656,-14768,5528,-615,-127,-145
-3436,-14848,5484,-695,-277,-583
-3208,-14940,5416,-1202,-127,-140
-3480,-14996,5440,-1180,-98,81
-3388,-14824,5532,-1517,-320,183
-3584,-14956,5412,-1280,-690,-157
-3708,-14936,5584,-1820,-344,-362
-3192,-14496,5668,-4089,-965,35
-2984,-15568,4448,-6559,-1126,1119
-3516,-14944,4092,-5491,-2961,1481
-28096,21024,-16280,5782,15565,3723
-21956,-6472,12176,417,11659,5985
3168,-18316,8708,1535,2237,-2097
-5788,-13404,1928,2144,4160,-2620
-5656,-14808,3444,3617,7005,-2125
-7236,-14976,6048,3948,5326,-3134
-4892,-14972,4316,2818,4907,-5684
-6020,-15320,5684,4512,3668,-5429
-5388,-15052,7704,3496,-664,-8140
-5632,-10648,3812,-800,347,-2523
-6732,-11440,5928,-3846,-2715,1796
-3560,-16804,10124,-662,-4704,1751
444,-17328,12752,788,-5568,616
3044,-13556,5816,1641,-2308,-847
5892,-17984,15020,-1128,-2922,-1153
-876,-14120,7412,-2581,-1160,6616
1160,-14132,4516,-3547,9690,15286
-4772,-17196,6852,-2280,-1894,-1761
-2584,-16064,7168,-1249,2030,-1718
-4088,-14540,5032,-646,4706,-2347
-3544,-15084,5536,-1150,4440,-2331
-6940,-14380,4452,-859,5229,-1764
-5472,-15216,4200,3402,3060,-1036
-3628,-13956,4712,640,2716,-3342
-6388,-13736,5572,-2432,1814,-3892
-6652,-13244,5668,-5174,986,-4530
-4284,-16188,10020,-3569,440,-1766
-4644,-14932,7200,-3069,-1452,92
-5220,-15040,7860,-3314,-1921,2100
-4116,-12736,4576,-1751,-3257,1766
-924,-15204,6532,3837,-3155,-2006
1744,-15388,5500,2245,294,226
2216,-16008,10248,-2553,163,5
3796,-13540,2216,-4007,3074,-3940
-1516,-14892,4568,-1391,1051,3510
-2468,-15516,4968,1524,109,4301
-3508,-15532,5116,2811,267,-97
-2948,-14512,5912,2669,1,-1255
-2912,-14836,5904,648,554,151
-3364,-14636,6068,-236,527,499
-3544,-14920,5764,-814,650,499
-3504,-14780,5796,-1227,254,-412
-2780,-15060,5316,-1787,739,-444
