460,10600,12016,-207,-115,-218
1272,9968,12012,107,189,-308
2164,9752,11512,1091,1572,209
-180,10636,12060,1711,1869,65
228,11724,12104,1096,350,-80
1044,11160,12076,-1206,-310,-163
1168,10364,11928,878,436,-56
476,10732,12512,2480,367,127
-320,11196,13164,3312,-321,424
148,11516,12212,2181,-515,-373
700,10968,11324,3653,-1031,-792
1264,11580,11144,5644,-1811,111
-156,11256,10108,6332,32,262
-672,11024,11044,4082,-1766,-743
1332,11792,8544,5776,-18,-1038
376,14864,9856,5372,3428,-116
-108,13536,9580,459,1864,1017
748,11264,8244,-1287,3868,1402
1220,12496,7780,-359,6729,-41
-816,14244,10984,5128,3059,-2396
-804,13056,8648,3289,511,-221
-300,11052,5632,504,-456,-66
68,13072,7032,4859,3494,-2087
-1904,13536,7876,5667,4198,-2201
-1652,14692,7496,1404,3487,-2104
-1176,15572,7868,2665,3638,-2133
-4,15748,7068,1995,4344,-1559
148,15624,7052,-369,3881,-2074
0,15544,7056,4767,1200,-336
844,14656,4452,5752,2316,523
-3940,21052,8552,-890,-52,-876
-1052,15592,5796,-531,1516,1288
-2524,15732,6136,1125,1951,2142
-2672,13120,5676,-765,686,106
-5188,8764,2496,71,4297,-3625
-5864,17236,8796,2570,2603,-7678
-2716,12636,3252,1321,3790,-5791
-15056,8540,9136,-1801,-3067,-2207
-3416,15856,2776,734,-8160,-6499
-7484,11124,4084,1047,-4512,-6348
-5320,14892,7160,-2064,-5688,-9269
-2712,15844,2596,94,5178,3637
-1924,18060,11668,3383,-879,984
-3672,14216,3268,4688,-1394,2424
-632,16148,8608,3140,337,-961
864,16832,6092,4250,941,-1454
844,13480,5320,4025,41,-3516
-1756,16096,5224,2130,-4814,-2171
-604,15240,5120,646,-1626,-349
-1208,13932,4368,409,-2056,-1364
-412,14120,5860,-722,-2692,-4409
-3128,14864,6720,95,-1293,-6674
-4948,15052,7208,-149,130,-5403
-2152,16176,5084,13,2833,-879
-3944,15012,6180,-995,-1821,1933
-1656,13916,3188,-1048,1772,3952
-5500,16184,5716,-3760,607,5143
-4032,13940,2044,-5017,-1721,9012
-6464,14856,5396,-3260,3142,6749
-10412,14216,5748,-4148,2702,6592
-11192,13944,5576,-3799,-1176,8923
-4584,15124,2944,-772,1879,6531
-3272,14640,3904,-4790,2930,11111
-7128,12256,10896,5981,-6428,-6291
-5460,26176,12596,3865,1165,-10106
-4428,14748,1424,-5447,3381,-114
2032,19740,3340,1963,40,-2781
-10216,13816,8496,8356,-1831,-10436
704,14748,248,5631,-4473,-7997
-3224,17684,3856,6438,-6056,-9720
4252,13880,568,5822,-3111,-4146
1144,17108,6412,6511,-4786,-4377
-5444,17124,3576,6684,-1667,-5749
-2604,14856,3196,2916,-2564,-5333
-1756,14264,2224,1310,-3332,-5449
-2824,15700,3016,1664,-2879,-7016
-5060,16632,4788,828,-2656,-4911
-4508,17168,4004,-1865,-1776,-1442
-4880,15900,4252,-4592,-58,3011
-3780,15284,3408,-5999,1907,5158
-6764,12860,4624,-7014,1246,4665
-5304,15860,6744,-7729,-970,6589
-1704,14948,1820,-7544,2556,10269
-1776,11804,1700,-8006,-1339,10073
-3072,15076,10688,-3424,832,5893
-7612,15480,5168,-4310,108,4203
-7768,15432,7620,-2614,1398,4667
-7200,17084,6932,-5257,-5947,6713
-1264,15628,5272,-5714,-4185,6198
-3636,15192,6692,-17648,-7766,2957
-4700,9244,6312,-17238,-3544,3089
-896,12292,9176,-11835,-2292,1958
-1832,13992,9980,-12741,-9,1580
648,9064,9400,-9977,-4681,2525
4788,10492,9904,-6332,-5336,2120
3472,12480,11464,-5733,294,847
