-2560,-13552,8672,-281,3,-287
-2228,-13568,8840,-402,20,-358
-2060,-13420,8628,-587,70,-276
-2092,-13624,8668,-670,-82,-279
-2152,-13500,8764,-221,164,-147
-2212,-13612,8388,-208,84,-136
-2308,-13412,8732,-186,95,-178
-2372,-13288,8748,-545,-38,-235
-2144,-13384,8856,-895,53,-75
-2128,-13496,8780,-1079,-32,-120
-2204,-13580,8668,-986,-186,-333
-2184,-13624,8672,-599,-246,-448
-2464,-13664,8788,-696,-676,-897
-1836,-13284,8776,-1060,-863,-489
-1696,-13140,8856,-4471,-704,623
-1448,-13292,8396,-6613,463,3674
-2532,-14176,7748,-5679,374,3656
-3528,-14796,7584,-5103,656,2855
-2064,-14836,7072,-5079,151,4018
-3116,-15492,7548,-3762,5063,3770
-3468,-19232,7656,-3787,-3612,6695
-1732,-21352,6640,-108,2353,2965
-1156,-14408,6888,1022,5003,-982
-2984,-14692,4648,2529,2407,-1614
-3844,-14436,5504,392,3080,-1945
-4060,-15140,5028,-1011,5219,-2304
-5328,-14168,6232,-2472,3197,-2618
-5028,-14132,6356,-2282,-116,-3246
-4848,-16084,7772,-1557,975,-3919
-5492,-11404,3212,-3578,-5,-2771
-4632,-16704,8816,-1175,678,-1208
-4420,-14320,6848,-2223,-820,894
-3600,-18076,10664,-3003,-3444,309
-2192,-15576,9024,-703,-4000,820
-156,-15720,9304,-134,-5164,-3189
1924,-16904,10048,-797,-2127,-183
384,-17872,10160,-2409,-1539,-485
6916,-16100,3204,-4821,-5176,-5186
-776,-14688,5164,-2592,263,2761
-1880,-15560,5152,-926,4454,7401
-2244,-14932,6000,2155,4338,6486
-7668,-13180,7528,1092,-2706,494
820,-16964,6956,-888,3302,-1683
-3288,-15024,5472,-283,1526,-2204
-4500,-15540,5380,-651,2749,-1469
-3624,-15272,4364,-833,3064,-1649
-4428,-15992,6808,-1200,773,-1698
-4096,-14680,3876,-58,2094,-1181
-5328,-14380,5600,-653,2309,-1841
-4156,-14884,4348,-1813,1211,-2064
-4216,-15224,6204,1004,-24,-2114
-3976,-15136,5384,-6,1323,-2808
-3624,-17036,7300,-3401,2181,-2138
-3464,-14848,7924,-3911,-230,-1257
-4144,-15792,7980,-3632,-813,945
-4680,-14728,5972,-394,-3370,-106
-3548,-14752,3500,-1162,-1229,1536
-3472,-14496,4616,-976,-302,2025
-2148,-14688,4044,1801,-1827,-202
-1300,-17172,7024,338,-250,410
-640,-15884,5120,742,-855,-188
-648,-14628,4200,306,223,287
-752,-13852,3012,-460,1431,637
-1328,-12364,1436,630,698,-383
-1844,-15304,5432,-708,1070,-1513
-2192,-15332,4888,-564,659,312
-2376,-15508,4812,287,246,204
-2368,-15464,5132,635,94,152
-1964,-15244,4952,193,322,1023
-2664,-15456,5164,18,383,966
-2704,-15284,5056,-270,299,313
-2764,-15344,5240,-541,12,-358
-2420,-15432,4912,-605,-309,-728
-2488,-15404,4936,-539,-68,-635
-2252,-15192,5020,-909,11,-355
-2376,-15296,5184,-687,104,90
-2532,-15408,5080,-746,122,79
-2540,-15440,4992,-552,136,103
-2524,-15376,4836,-16,-19,-122
-2416,-15348,5052,414,139,-91
-2728,-15316,5052,847,7,-192
-2456,-15204,5416,774,-31,-114
-2376,-15200,5368,407,201,236
