-3316,-14556,6936,762,-1312,-1159
-2732,-14476,6548,-150,-795,-487
-3136,-14308,7024,-138,-664,-164
-2772,-14280,7004,-1216,-1379,-212
-2888,-14608,6472,-1630,-703,130
-3176,-14092,6936,-1324,-1345,-822
-2848,-14620,6596,-792,-1071,-557
-3020,-14456,7024,-1402,-1265,-488
-2596,-14396,6404,-1266,-1964,-451
-3096,-14616,7068,-1454,-884,-498
-2268,-14424,6616,-2076,-2256,-955
-2104,-14524,6648,-2909,-888,-18
-2224,-14464,6712,-4612,-837,886
-2228,-14388,6316,-7095,-515,2401
6040,-32768,30792,25481,3381,6119
2788,-25184,10232,-4347,2073,3646
3644,-22460,632,-9266,390,4282
9128,-20824,-6436,-10695,-1581,6585
32767,-24444,-20,13532,-7068,-12676
2132,-14556,4172,5887,6411,-6648
-6876,-15800,4288,3862,5035,-2768
-4320,-15384,4628,137,4602,-3780
-4312,-14328,2836,882,6910,-2334
-3016,-15980,3372,1155,5301,-3110
-2988,-14816,4220,366,5412,-2581
-2780,-15296,5156,-2503,5439,-3132
-5192,-12968,4888,-4208,3161,-3461
-5700,-13740,6216,-3433,2334,-2452
-6244,-13964,4920,-5270,1544,-263
-5660,-13076,6324,-4017,-140,289
-5056,-13708,6164,-2361,-1208,1583
-4956,-14680,9468,1283,-2918,1169
-1480,-15732,7360,3735,-6784,-3070
-2260,-14608,5256,-505,-4454,2747
-2128,-13644,5040,-72,-1927,3947
1296,-14720,4616,1015,-3755,807
1776,-16292,2176,1544,-706,2066
3512,-14584,2360,-7175,-2221,1471
7652,-1556,-17100,4400,-3167,-1353
420,-11180,-852,3862,-1254,-1879
-1016,-16216,5212,3193,-2232,584
-1540,-15160,6076,805,2433,-1347
-2356,-14788,4884,597,4740,-2726
-3484,-14844,4864,-355,3911,-3166
-4160,-14020,5500,-1328,3990,-2174
-5288,-13628,4616,-214,4015,-1884
-4952,-14688,4376,-637,3394,-958
-4216,-14868,4356,1082,1711,-707
-5468,-15924,4552,-85,-562,-2139
-4480,-16480,6440,-5752,1347,-1701
-3160,-17828,9204,-6078,-965,-594
-5172,-15180,7368,-6123,-1163,103
-5520,-14060,5456,-4496,-2591,1228
-4936,-12808,3540,461,-3190,1322
-4268,-14676,7600,4875,-1747,2209
616,-15376,6664,6596,-2674,-411
2744,-15260,7776,2366,-2836,664
2188,-14424,11024,2366,-1595,1066
-2124,-14608,6108,-1809,-1328,935
-4960,-16900,23832,20088,4611,4926
6228,9348,-32768,4047,1654,-2553
18216,-32768,32767,32767,-21162,-16498
-10720,-16336,11744,-10763,2922,5204
-32768,-32768,32767,-2672,-14401,-1806
-7412,-15976,7984,1243,290,-264
-4004,-14796,6600,1849,389,-1530
-3868,-14544,7028,1177,-104,-1532
-3384,-14192,6844,-108,407,-320
