2596,-10256,12192,-527,109,-323
3024,-10240,12164,-463,175,-41
2688,-10240,12352,-579,114,-157
2864,-10328,12016,-393,-103,-441
2788,-10264,12112,-249,193,-178
2904,-10120,12220,-152,55,-50
2684,-10136,12144,-167,144,-99
2768,-10100,12492,-108,-101,-60
2656,-10280,12356,-94,13,54
2944,-10092,12496,-221,-84,136
2964,-10096,12344,-662,44,420
2628,-10120,12380,-850,-243,332
2872,-10124,12200,-998,-415,553
3020,-10004,12416,-1297,-182,1153
2920,-10288,11644,-1444,292,2704
2500,-10420,12476,-1194,618,3962
2520,-10672,11432,-480,1703,4190
1664,-10588,12268,-276,3718,3601
-27464,-10184,32767,4209,-1853,-3354
1144,-8868,10788,1909,4744,-4106
4940,-11004,11784,-1235,2313,-1950
2824,-12436,12372,-3481,2865,-4712
-1320,-13604,15588,-3251,3543,-3173
2708,-10456,10000,-1889,1954,-1954
1260,-12080,12104,-2823,2532,-3914
344,-12224,11628,-3136,1487,-2976
196,-10768,11424,-2546,-283,-1903
-40,-11288,12664,-2887,-1053,-2870
-24,-10732,12948,-5010,-2614,-2364
896,-10544,12212,-3156,-3056,-1035
-208,-10716,11172,-1027,-2441,1079
704,-10760,12932,-705,-2185,4643
3272,-11700,13024,542,-2917,4535
3336,-10556,11708,1502,-2692,4109
3816,-10160,11668,1592,-1708,3913
9100,-10408,11696,380,-906,1143
3960,-11552,10260,-2964,1933,3790
1072,-12204,10732,-2248,5963,6352
-13040,-11044,22564,2173,11206,-3243
856,-11184,8876,-983,4407,-5171
1368,-13192,9036,-2276,5747,-2616
1208,-10940,8252,-2303,5755,-4322
-380,-12792,9784,-311,3043,-2489
732,-14284,12712,982,1972,-1873
-1068,-13264,10776,-460,2154,-3336
-1572,-11876,9684,-917,-695,-2734
-264,-10688,10488,-1508,-2015,-1001
564,-11204,11096,-217,-1276,519
356,-10448,10120,1099,-2670,456
-932,-11452,12268,-140,-1096,1839
448,-10992,10980,-937,-1449,3481
544,-10956,11932,372,-2046,3681
2328,-10192,12388,1454,-2321,5609
3836,-10084,12424,1711,-1525,3727
3284,-11240,13748,966,-1764,2413
5808,-11948,13676,-325,2240,1899
5544,-11212,9604,-1367,1513,-369
1908,-10776,10980,-1061,267,908
1360,-11284,11040,-208,425,991
