1616,-13964,7952,-1114,-108,-843
1436,-13956,8236,-416,-237,-419
1300,-14016,8360,-49,144,-224
1300,-13796,8108,81,298,-179
1568,-13704,8492,380,515,-251
1568,-13852,8304,719,541,-449
1304,-13768,8372,662,183,-490
1252,-13568,8560,281,-304,-441
1432,-13640,8840,177,165,-212
1092,-13716,8768,35,51,-267
1516,-13532,9008,-46,-228,-31
1592,-13612,8700,-431,29,-146
1520,-13732,8504,-310,-143,-374
1508,-13612,8692,81,-992,-151
1676,-13588,8648,69,-962,223
1596,-13660,8756,-74,-119,360
1308,-13456,8940,-276,-353,561
2340,-12996,8844,-357,-407,1041
4852,-13148,8276,1785,-503,1268
1144,-14620,7912,2284,1432,-231
3068,-14788,10512,869,2248,-3022
2924,-17916,11628,-569,4760,-1282
6896,-11600,5716,-1655,3364,-2716
-8628,-8472,1744,-1225,6124,969
3664,-13164,1212,-823,5810,-1162
2784,-12540,160,-1537,5300,-437
-6128,-13668,12500,-1326,3641,-291
-1444,-12876,6996,-752,-879,870
-1156,-9056,11280,-1851,-2824,-178
-3784,-10564,8012,-2905,-1108,1003
-7700,-9052,8160,-2019,-1364,3591
-2700,-3124,10484,-2316,-4065,5198
-2648,-7540,6056,-1294,-2900,3085
4124,-12440,12892,4209,-4794,943
7612,-7572,2504,280,-1127,1961
-3504,-16692,22568,-1265,600,756
3536,-13448,7964,-2011,4041,2974
7548,-10828,-1036,1246,5210,-3405
-4912,-3104,-9772,-1351,8920,-2137
840,-15916,6512,-1191,4448,-6252
1144,-9224,-2016,-5305,4594,-3002
-3012,-13720,7496,-2185,9789,-4101
2740,-16048,13628,-258,-1034,-4155
-6644,-12024,7268,-2375,-708,460
-5520,-11012,9968,-1297,-2457,856
180,-12960,10548,-188,-2117,1536
-1048,-14904,11272,1219,-984,2423
-4736,-7320,8320,-689,-4159,3361
-748,-11152,10096,1889,-4110,2775
6168,-12644,6272,542,-2369,4018
9564,-16892,10388,2844,-5331,-150
6160,-13404,2132,-395,-220,1361
-2256,-12748,15532,-685,-1422,1295
1052,-13584,8820,-2434,685,720
748,-13748,8764,-1452,486,2056
136,-13960,8316,-673,554,1536
-192,-13904,8728,29,67,144
120,-13844,8868,705,-16,-375
264,-13656,8524,815,-332,-391
500,-13576,8920,417,-61,-15
