-5544,-13668,6884,107,442,-661
-5176,-13508,6752,-396,392,-375
-5392,-13736,6992,-971,-178,-406
-5556,-13540,6952,-495,-29,-318
-5408,-13608,6608,-248,505,-180
-5480,-13668,6888,-312,165,-264
-5552,-13548,6760,-352,-12,-370
-5692,-13640,7092,-355,52,-342
-5456,-13524,6824,-235,19,-330
-5412,-13568,6884,-184,181,-365
-5560,-13492,6980,-252,136,-446
-5556,-13640,6760,-283,368,-605
-5416,-13548,6792,-453,109,-676
-5204,-13656,6704,-378,-183,-724
-5268,-13408,6768,-352,-218,-471
-5196,-13612,7068,-478,-360,-176
-5188,-13496,7064,-496,-332,63
-5584,-14100,7448,0,-1684,-652
-4988,-14260,7584,160,-4886,-2983
-4380,-13980,7696,449,-2377,-2530
-448,-14280,7660,4373,-7973,-10367
1356,-13692,7208,3591,-8129,-12784
-2732,-13880,5632,-2337,-4482,-5907
-3956,-16184,6708,-4318,-1694,-1999
-4076,-14828,6388,-3622,-744,-2139
-4012,-14344,5396,-4078,2187,-2592
-5100,-13496,5060,-6061,4703,-1231
-5556,-13748,5824,-5289,6637,3077
-5068,-13532,4812,-6508,10882,7253
-4556,-14340,7288,-7895,6624,8029
-3176,-14164,7248,-5708,2882,7278
1128,-16660,8388,-656,-2176,2867
-796,-19092,7916,2145,-4757,-2885
-924,-14972,5568,1785,-2330,2039
-116,-14860,7716,2414,-3706,-3163
-1200,-16780,6416,3966,-10913,-8331
-2716,-15664,3664,1759,-6545,-6791
-2896,-14904,2656,-1121,-2960,-4940
-5208,-15280,5056,-1674,-1090,-4264
-4576,-14904,3348,-3852,4286,-2537
-5360,-15036,5048,-5417,6588,-2419
-5856,-14524,3500,-5482,9002,-352
-7028,-13484,3152,-5492,9965,3801
-4860,-14216,4536,-8472,6388,7858
-5124,-14472,5256,-7503,5412,14374
-3108,-15548,6056,-3791,2025,12877
-3088,-17668,5512,1770,-2603,4473
-2904,-16836,3660,1234,-2531,1686
-3304,-15656,3480,-99,-498,1555
-3028,-16456,3304,-732,-689,-215
-5412,-15188,2524,60,-633,-70
