3080,-5120,14712,-908,-7,90
3232,-3552,13428,-1550,486,529
3308,-3224,12608,-3083,2257,1662
4640,-5096,12160,-5093,-2246,1233
5284,-2628,9724,-3900,-935,-1829
3292,-5252,10480,-6330,5738,-1730
2364,-7172,12752,-8933,1418,1626
1536,-6880,11112,-15831,5723,3175
780,-12080,19188,-7781,2605,2113
652,-8608,13804,-281,69,2684
-1488,-4536,9532,-7974,2022,4417
2564,-11356,13508,-14390,-943,3554
3368,-12104,10468,-11922,-1014,-1071
9072,-14232,4616,-23717,6285,-4117
8860,-14412,1040,5205,7376,-11842
6472,-16576,4036,-4067,12184,-14009
-3820,-16616,9956,-6551,13798,-10025
-5412,-14284,4676,-6996,16528,-8739
-10712,-13640,9972,-3649,12799,-6624
-12292,-11396,10960,-583,5736,-3077
-14924,-11696,14620,-1638,-5735,-518
-9576,-9168,15324,-1995,-16901,17331
2644,-10056,13796,-803,-20489,20828
10212,-13932,12664,-940,-13964,8120
11244,-17568,11012,-1898,-2604,6040
13500,-19916,4272,3983,-4770,4415
424,-16536,6612,4679,14572,-12861
-2112,-15744,5988,2199,19337,-15785
-6552,-15808,5000,-584,21775,-16036
-8280,-14800,5396,-4106,16942,-12086
-10816,-13276,5492,-2130,9370,-10698
-9384,-14380,11244,-1475,3202,-7979
-8720,-12232,11048,-2649,-1029,-5876
6552,-5628,1720,-2055,2239,7281
2984,-10088,9080,-2408,-3106,10780
-2892,-11456,14548,28,-858,15031
-10920,-7684,20492,754,5595,29328
8532,-16888,15568,-2629,-3489,19505
-6888,-22880,19980,12970,-26168,7506
-1816,-16768,10224,13349,-29920,1106
5980,-10920,6096,9093,-13626,878
-2916,-9888,11212,8362,-16171,-6462
1804,-9468,9436,7336,-12051,-5783
720,-6388,10936,4034,-7758,-3828
2800,-9304,12780,1409,13618,2863
3140,-7960,10740,4447,484,-2026
-128,-7528,15768,5340,-3787,-2770
