948,12528,10012,-380,120,-367
1600,12692,10012,-476,-46,-112
1596,12632,9972,-259,550,-384
1412,12768,9824,-265,-79,-539
616,12680,10108,-189,-447,-47
1520,12624,9752,0,461,-224
1628,12276,9732,303,15,-277
952,12840,10088,749,470,-485
1536,12568,10384,1708,173,-606
1220,11800,10800,2448,-849,-1575
164,14084,12644,-2342,-4223,-3775
5056,14528,11244,1828,-8542,4249
-3180,12772,17736,-8791,-12296,5389
556,10520,12068,-4306,-8226,3135
876,11532,13172,-5846,-9162,5503
1688,3520,6728,-10157,-8495,3620
2016,5132,4488,4557,-1846,-5506
6088,15056,5936,3770,-928,-5072
1692,13436,7208,5932,-2676,-17964
3768,14516,5656,11931,2409,-18987
652,18208,7856,6522,8341,-8118
-1440,10876,1776,11085,4038,-8528
-5548,12308,7864,-7237,10137,-5320
-5320,17172,7128,2165,-1704,-2478
-3200,13916,4196,2226,5602,-6986
-3932,17852,14428,4751,3441,-650
-1496,10628,4728,6074,4068,-2274
5900,11672,-2588,577,3421,1094
12728,16736,7316,-426,-8431,2547
9864,12420,7256,2937,-3293,-6297
5396,15988,10032,1516,1388,-4091
4260,16324,8284,-2715,3835,5329
-2028,13180,7012,-3063,4227,6050
-8324,15228,6968,-2364,10956,7161
-12888,11748,4288,-2430,7641,6062
-6468,20544,3768,-1522,7069,1148
-6000,15792,4416,-5614,-473,15381
-6248,8196,-1048,3189,7776,-9080
-540,20444,2868,-335,-4703,-5351
-4640,13424,4836,4630,-5090,-3638
3176,15580,4672,3772,-5776,-10925
2380,17704,9856,887,-8193,-7190
7556,14368,4208,-17,-5146,-4615
4284,14852,9268,317,2865,2082
5436,14116,5980,-2050,8396,6489
936,14120,8480,-5708,7564,5477
-2520,14132,11636,-6287,5034,12470
-564,11228,3640,-5770,946,9659
-11516,13960,8284,-3933,-1224,-2065
-10016,15032,6220,-423,-1222,-1890
-6456,17212,6288,2251,3112,-975
-1532,14832,5156,1211,-518,7227
1608,12808,5488,270,1329,5343
1120,14332,7432,-356,2691,1236
1096,14712,7824,-590,50,949
700,14588,7000,-18,352,622
16,14316,7348,285,433,265
140,14720,6876,259,-887,413
12,14580,6364,-249,-1115,446
