1336,-13068,9660,-115,303,-471
1368,-13020,9296,293,349,-631
1592,-12640,9452,645,783,-389
1252,-13080,9636,660,512,-537
1304,-12892,9840,539,296,-379
1440,-12812,9936,241,191,-116
1428,-12740,10016,-268,119,-76
1276,-13040,10124,-610,-135,-309
1232,-12908,9940,-730,-83,-251
1312,-12776,9968,-791,69,-62
1200,-13016,10172,-633,-257,-113
1396,-12788,9708,-553,-66,-156
1664,-12696,9992,-397,284,424
1212,-12912,10280,31,1033,980
2188,-13120,11312,6903,1000,-926
1780,-11132,8936,1941,1080,1181
-2888,-11148,9524,-262,4893,2438
-2296,-14260,17164,-403,1971,-2343
796,-12784,11008,380,1688,-2040
3660,-8616,512,-835,2270,-963
4576,-19584,20716,-1583,4488,-4240
4616,-11148,11412,-1838,3673,-5266
1288,-10704,8456,-979,-1851,-5984
8444,-4704,-1936,-3924,-1639,-6172
16,-10196,3960,-2625,4906,-819
3432,-7780,-3172,-575,5324,1285
-2744,-12372,14264,537,1376,-1385
-604,-12240,7892,-910,-1813,-1525
-1920,-13832,10740,-1990,-2172,-838
-2908,-14356,9344,-3644,-1760,5026
-5944,-4588,5700,-4136,-4832,7580
2804,-16400,10368,1729,-3040,2969
7840,-14500,8060,2234,-3026,-247
5884,-13160,11696,-36,-4009,502
3132,-12540,9180,-2705,3663,2270
1020,-12568,11052,-592,177,-2425
4068,-12692,8400,-71,4562,-5376
1492,-12184,4140,-2930,4569,-3525
-11952,-14244,9776,-3970,6387,-1863
-460,-13952,9704,-2938,546,-2305
-2952,-12696,12412,380,-1093,-1132
168,-17304,15672,2390,-718,-804
-1540,-10384,12000,-614,-615,-548
-1500,-14692,9732,310,-1978,-217
-624,-17776,13728,1570,-1282,2425
3340,-12608,7116,306,-2328,3221
-2000,-12004,10580,1406,-1284,3087
7100,-10832,8656,758,-2271,3106
6164,-11664,4796,253,-1960,1978
