-2244,-13724,8328,-628,13,-281
-2536,-13956,8140,-1164,63,-242
-2352,-13292,8472,-1986,180,-175
-2164,-14228,7848,-2447,283,119
-2436,-14224,7340,-2094,304,189
-2580,-14072,7728,-394,39,-105
-2692,-14092,7616,-72,138,-86
-2628,-13916,7972,-55,-55,-292
-2468,-13920,7784,-446,21,-237
-2448,-14072,7880,-777,45,-262
-2264,-14196,7788,-489,91,-139
-2520,-14032,7668,-749,158,-12
-2692,-14124,7872,-1247,-55,-225
-2464,-14128,7572,-838,10,-121
-2448,-13780,7468,-406,100,129
-2652,-14096,7744,-442,48,-175
-2576,-14096,7424,-797,80,-168
-2404,-14168,7608,-377,-83,-323
-1532,-12932,7896,-787,-375,752
-2320,-14480,8168,-6856,-155,3335
-2032,-14636,6000,-6315,-440,4508
-1844,-13852,6708,-6419,3052,6771
-24764,-12284,13264,5097,20932,-2373
-8636,-11520,7572,984,8923,2053
-3176,-8952,-1128,2954,418,-4240
-4164,-14556,9364,3095,2311,-5700
-5324,-12732,4580,2816,6860,-1733
-3636,-15360,5912,3195,6862,-1376
-3516,-15240,5136,2090,4390,-3140
-4684,-14028,8056,-867,5532,-3144
-4872,-14720,5128,1191,3839,-2086
-5444,-13248,7284,1755,2817,-2762
-4532,-15772,7484,1367,2942,-2321
-4912,-12584,7336,-2362,582,-4133
-4988,-10800,5000,-1976,1391,-4229
-3784,-12588,6144,34,-762,-5296
-4360,-13748,10188,-3939,-512,209
-5944,-12712,6492,-4125,-2614,1199
-2668,-14828,7772,503,-3384,-796
1164,-12540,6316,1449,-4487,-1617
-1648,-13560,6640,-1361,-1052,1764
-880,-13780,7548,-3534,-2147,2224
2764,-14780,9300,-2572,-1192,-2135
636,-14716,5320,-1788,-3237,-269
-1332,-14116,7164,-7336,-805,-1652
-948,-14840,5984,-4283,-2080,3860
-524,-14368,4888,-1290,-1332,9320
-5700,-16680,6528,-809,2575,13235
-4024,-13220,7820,-1340,11622,2904
-608,-16000,4328,243,-267,-768
-1620,-14708,5448,400,2676,-2640
-3424,-15796,4260,334,2927,-2525
-4816,-15464,6508,765,3294,-2100
-3280,-15824,5928,-34,3413,-1866
-4200,-14580,4364,894,3237,-1917
-5216,-15300,4936,1638,3152,-1739
-4776,-14816,4016,3016,3071,-2426
-6064,-14616,6616,3266,2177,-4930
-4628,-14880,6900,-486,744,-5581
-4288,-14080,6552,-5283,3221,-2339
-5028,-14300,5804,-3842,49,-1296
-4216,-13728,6840,1485,-2110,-2450
-4904,-14260,7720,-2650,353,670
-3308,-14256,6740,-3737,-1139,2384
-2596,-14588,5964,-153,-2791,707
-1412,-15048,6288,-1463,-1577,1915
2640,-17476,9900,-834,-2782,94
444,-15052,7772,-207,-699,151
1412,-15728,7420,-459,283,-240
1448,-14132,4816,987,303,-2542
-896,-15128,6136,-1227,1273,-817
-1992,-15276,5760,-391,366,2252
-2588,-15404,5820,530,53,2468
-2604,-15356,5820,534,453,813
-2508,-15000,5944,146,-4,-148
-2408,-15028,6112,-436,21,-283
-2468,-14988,6240,-911,146,-270
-2324,-15192,5756,-729,-95,-174
-2252,-15080,5780,46,-89,-433
-2176,-15080,5916,414,48,-91
-2320,-14916,6080,198,86,-131
-2184,-14968,5816,-61,108,287
