-2796,7768,13064,1248,-135,-1217
-1180,9576,14224,4400,-1642,-1009
1956,8892,13788,4292,-2581,2315
2336,8128,13716,6289,-546,2413
2912,6916,11032,11275,282,-791
1144,7280,10960,19123,4772,-2880
-2172,15892,14240,537,1089,-1609
3128,11420,8036,-1616,2105,1284
-364,11952,9936,692,4771,2082
652,8144,10380,-1478,4391,-6399
-3380,8752,7368,-1295,878,-4917
-812,12212,8096,7767,5414,-2201
-5032,12024,10112,6686,5819,-3505
-5968,10944,7764,9683,3875,-4641
756,32767,19352,-2963,14226,-7013
-9856,17744,11340,-85,939,386
-3448,15380,6760,4855,6181,366
-5520,16396,8932,8226,5838,-8198
-468,19092,4556,6681,-4133,-1775
-3816,11828,3512,5355,-1290,-1613
2688,16764,8032,4619,-2134,-2298
6524,15140,7444,3377,1556,439
2260,14516,8364,6594,1487,-1832
1304,15600,9436,4665,27,-2991
1824,14120,9052,2118,-155,-2847
-2180,15064,8500,-1104,1426,-1703
-5468,13848,9048,-4068,1932,4832
-5148,13360,5956,-4181,576,7887
-12896,14884,9228,-4052,3958,9652
-12932,12932,5400,-5969,-4390,12238
-5696,17756,3596,-4512,1183,10401
-3712,13304,3016,-8931,939,13846
8412,11876,-3584,-4674,5085,-1966
-1816,17044,8948,5908,2687,-9137
-836,10052,1644,3215,3759,-5127
3196,10224,4228,7349,649,-8025
1276,6716,-760,7786,-142,-6963
5348,15256,6560,2010,-4576,-3857
2180,16616,7692,-308,-1363,-4638
712,14904,6892,-1057,901,-4353
-160,17344,7500,-3468,3264,128
-1240,13924,8588,-6319,466,6332
264,13260,8268,-7656,698,7756
-1424,14724,9412,-7169,785,8595
-1052,13620,9580,-5538,987,9108
-9980,12012,9860,-3329,3725,5508
-9004,14748,7020,-1307,2554,4149
-8732,16264,7024,-2728,1816,3496
-2532,15220,6468,-4947,-4131,3302
-2440,13052,6940,-4840,-4914,5621
680,11680,6636,-5080,-4488,-1904
-1452,16932,10644,-15633,-4367,-4096
-1808,11112,8724,-15800,-7962,1036
-1116,5468,8696,-12026,-7801,-883
4116,11340,9916,-9272,-3674,-5808
