1756,-7216,14256,-842,28,-21
1428,-7348,14424,-854,132,-35
2128,-7324,14068,-825,152,162
2004,-7544,14264,-509,46,-151
1868,-7280,14188,-354,83,-484
2088,-7184,13932,-585,171,-84
1704,-7376,14348,-747,212,174
1700,-7328,14228,-845,-204,55
1836,-7348,14144,-938,33,167
2096,-7460,13784,-853,197,199
1932,-7376,14292,-676,-587,48
2500,-7216,13836,-722,304,694
2204,-7360,14116,-906,1375,1415
2572,-7576,13860,-1129,1586,2214
1840,-7424,14012,-1575,2230,3028
1516,-7676,13388,-1844,2557,3160
6800,-20700,27048,-2531,-12088,-13670
5732,-7716,13660,323,2300,-4635
3560,-10736,16004,-160,441,-1483
4928,-8556,11456,-1874,2288,-4077
-2008,-10024,14556,-1774,2061,-4474
-2464,-8172,12124,-970,535,-1221
-1680,-9596,14552,254,359,-1639
-2420,-7888,14620,1107,-1148,-2859
-2944,-8972,15272,619,-4798,-3164
-1176,-8132,15300,-621,-4529,61
-464,-6488,12784,-640,-3308,3251
-92,-8572,14024,-38,-3048,5938
4316,-7740,13880,1299,-4208,4840
6240,-6608,16052,1051,-2194,2522
13000,-4748,12392,-608,-2417,-2369
6016,-6624,12588,-3131,9772,6138
992,-8868,13532,-1611,10035,7041
8512,-8760,10784,1225,6309,-8276
-1592,-8772,13768,346,6564,-8782
-656,-9636,11508,-1970,4476,-5393
-1644,-8908,13956,-3161,2081,-3414
-2808,-10804,14604,-1923,618,-2478
-1956,-9972,13728,-1495,-1622,-2662
-848,-9684,13216,-1820,-2222,-2612
-1196,-8028,15052,-1912,-3284,-2240
-764,-8692,13512,-2058,-4600,-1285
-308,-9272,14456,-1698,-5846,1282
-628,-7656,12452,-1426,-5785,4206
1036,-8900,15112,196,-3182,5125
3344,-7232,14344,1461,-3379,6097
3876,-8024,10304,2131,-2215,3766
5244,-6776,12420,1241,-1050,2624
7552,-8700,15732,366,-2220,-310
5340,-8156,13136,-1606,1444,-2365
2632,-8384,13752,-2184,1403,844
2460,-8896,13044,-1235,1445,1531
1528,-9240,13400,-2,928,-103
2280,-8884,13256,1041,-18,-683
2108,-8168,13780,285,570,-135
