-3756,-14896,5216,-341,-210,-563
-3876,-14796,5192,-450,-188,-360
-3848,-14984,5168,-713,-319,-358
-4272,-15096,5324,-867,-465,-398
-4008,-15088,5124,-856,-532,-887
-3544,-14860,5148,-1120,-749,-423
-3600,-14800,5300,-2576,-987,-161
-3420,-14708,5088,-4184,-1312,-22
-3812,-14800,4916,-5573,-1499,1128
-12944,-15328,10060,-8276,3862,5257
-11796,-5512,-736,-5299,3476,4830
-2084,-17032,3952,-1136,-4310,-542
-764,-19984,8400,3000,-2979,-1861
-2812,-14892,3356,989,998,1261
-2256,-17272,4928,3593,1141,-2025
-476,-16532,4860,4654,3621,-4422
-3876,-16904,6680,3249,6330,-4568
-980,-15972,7252,999,1853,-3510
-3512,-15504,3896,258,3772,-2756
-2044,-16188,7652,-1323,3741,-4696
-4172,-15164,3648,-572,5389,-3050
-5240,-14080,5472,-1976,4594,-2530
-4268,-16504,5420,-905,3869,-1672
-3924,-14568,4780,-459,2781,-751
-3652,-14508,4220,-754,2307,-1501
-5244,-13076,4252,-425,1191,-1337
-4472,-14388,6408,681,1217,-1748
-3472,-13524,4664,-175,2421,-484
-3848,-15892,6740,2509,1189,-1614
-3836,-14920,4972,2996,1259,-1932
-5268,-13668,4188,1361,2260,-614
-1724,-15400,7928,-484,580,-408
-2668,-10932,1744,-304,1995,598
-4540,-15196,5844,764,976,1028
-4300,-13644,5460,2448,544,-47
-1716,-15924,6804,1740,-1658,-1631
-1936,-13656,5136,1802,-915,2194
-812,-15908,5388,-554,-1792,122
2860,-11460,2068,-6552,1023,-4252
-2380,-15228,5220,-3624,758,3155
-2628,-14684,4928,-330,1252,4034
-3184,-14844,5484,42,1376,3990
8200,-5756,-2344,7111,-408,-6450
-2336,-10544,1144,2335,-244,-1442
-3876,-13524,3404,914,1973,-541
-3160,-15576,5280,669,1873,-1706
-4176,-14300,2344,348,2006,-1995
-5436,-12664,2660,-785,4773,-1497
-5316,-13684,2656,-1233,2393,-290
-5152,-13360,2724,-1589,2594,-296
-4096,-14716,3948,-2432,2204,-564
-4876,-14220,5104,-1238,547,-1508
-4156,-14356,3500,-2039,1469,-566
-4212,-15832,7436,1734,-700,-1719
-4548,-15476,6676,-446,587,-1545
-3680,-14320,5224,-2980,560,-624
-3260,-15736,6984,430,290,-546
-4856,-14100,6892,1792,-1225,-1108
-5584,-13020,3800,4347,-79,-941
-3160,-15652,6760,2190,500,37
-3004,-13764,6456,3091,-980,759
-992,-13864,7572,2269,-658,-368
-2632,-14308,8528,790,190,-107
-1268,-13904,7516,2688,176,214
-808,-14772,8192,-436,896,56
2832,-16264,4636,-3754,1340,71
136,-13916,3856,-3655,2840,1782
-1732,-16388,8876,4986,-904,791
1904,-32768,32767,32767,-6953,1033
-4156,-17736,4792,-8975,3845,1251
-4260,-15468,5684,593,-1238,-551
-3912,-14280,5668,3097,-98,-410
-3404,-14340,6244,1999,211,508
-3568,-14040,6404,805,322,1146
-3864,-14392,6532,-230,314,646
-4056,-14196,6568,-1706,130,-103
-4064,-14756,6356,-1447,-24,-442
-3976,-14560,6164,-744,83,-564
