1712,-14212,7784,56,210,-414
1556,-14092,8068,16,265,-316
1784,-14368,8156,-132,203,-224
1760,-14420,8128,-128,34,-296
1640,-14188,8108,-188,57,-203
1656,-14132,7928,-113,64,-179
1680,-14104,8080,-65,169,-224
1748,-14092,8040,-265,231,2
1724,-14096,8148,-343,270,243
1624,-14088,7940,-386,206,332
6236,-12668,6348,1901,3738,-66
6788,-16040,10068,1360,1346,-2869
-6236,-18068,8756,38,-2659,2250
-4056,-16296,18036,1966,1547,-2286
21252,-5064,-16384,-659,12841,1082
4364,-1916,-1892,2279,1872,540
-14364,-14724,5852,-335,8045,3743
4660,-12316,988,1114,5650,1315
10384,-18772,2220,2051,-2529,-3319
7412,-19040,8048,-2145,-2237,-3061
-1192,-18060,10520,-4291,-1015,340
-2376,-14892,6124,-5495,1098,2146
-4516,-8484,8588,-2188,-2938,2845
1764,-21436,8060,2302,-4063,947
4148,-15692,17536,635,-1839,1674
2184,-15712,8472,-1535,-707,276
5724,-13768,7172,-2937,1732,743
6120,-16104,11880,-503,5440,-1212
2864,-16964,4456,-238,6230,-6908
-932,-12864,408,-1869,5135,-4196
4776,-12436,2352,-2827,6390,-1002
6928,-16528,4536,-1620,-226,-420
-1460,-15460,21076,-701,1378,402
1500,-6776,-2720,-3555,3250,42
5072,-18872,7944,78,14,-3373
-10044,-1212,12048,-1615,-4729,673
-5016,-8872,14796,-186,-2349,173
5420,-17704,1484,-1394,-656,1087
-4984,-10280,2388,113,1630,1947
1272,-19028,16688,1796,-3620,219
1852,-12808,12864,1042,-3404,2113
2064,-4544,9560,1980,-2052,806
-13280,-12140,16508,-1416,-4800,2807
-920,-14376,11220,-115,-142,-809
1672,-14272,7648,-1259,599,-209
692,-14404,7224,-902,476,996
520,-14520,7376,-439,20,524
324,-14516,7304,-46,-222,20
372,-14388,7524,105,-151,-191
404,-14460,7576,-13,69,-257
