-2376,-14176,8540,-7013,295,1966
-1660,-14076,7300,-5047,1365,2548
-2052,-13780,7876,-7615,2357,3404
-3760,-18108,12288,315,-667,-362
-1584,-13196,8732,1259,1020,1384
-2788,-12928,8948,-113,50,-212
-2536,-13656,8884,-1651,-811,-781
-2336,-13388,8836,-1430,-362,125
-2516,-13588,8924,-190,182,321
-2564,-13468,8796,-436,-224,-292
-1960,-13592,8616,-1168,-415,-539
-2016,-13456,8696,-1002,-316,-435
-2164,-13456,8708,-1331,90,267
-2308,-13812,8500,-1693,-828,125
-2364,-13732,8524,-972,-826,-326
-1800,-13524,8464,-2228,-1039,197
-1776,-13032,8576,-3938,-622,1612
-2512,-13756,7776,-5004,-524,1687
-2732,-14004,7420,-6387,432,1951
-2976,-15432,8592,-6361,482,1134
-13732,-29972,18664,-10833,7027,7952
-19124,-5016,4468,-6678,10123,12513
3060,-11176,-4396,1096,7526,-1135
-1276,-15228,6656,91,5345,-3144
-3200,-13684,3332,-199,6118,-2555
-5180,-14780,5468,-1945,5281,-2255
-5632,-14084,6040,-3789,2749,-1911
-5136,-13064,4224,-8682,-342,-1862
-5040,-14780,6644,-5481,-59,-892
-5184,-14308,7564,-2394,-1321,192
-3528,-14728,8240,-1154,-2445,1152
-2796,-14344,6520,1891,-2734,740
-1736,-13948,5856,1636,-3334,914
-1612,-14856,7044,1421,-4397,948
3832,-15936,8012,2088,-3496,-604
896,-13852,7856,-4495,3362,-1973
1088,-15040,4944,-4172,2240,7240
1752,-23488,9336,11346,9288,5941
12848,-15844,-2544,6409,1391,-3857
-1992,-16416,7556,312,1268,-1733
-4576,-14352,5792,-83,4097,-1026
-2144,-14580,5688,-720,3725,-1648
-4700,-14580,4728,360,3204,-492
-4224,-14452,5816,-974,3355,-1280
-2788,-15460,5948,-1221,1641,-1614
-4688,-14156,6472,-682,2145,-1153
-4296,-14872,6940,-2837,862,-536
-4460,-15256,6436,-3519,1075,-1154
-4728,-14548,7172,-2805,-197,-1154
-3540,-15200,7456,-4251,542,881
-4012,-13036,6184,-3770,-1581,613
-4188,-12728,4956,-2634,-939,2096
-4428,-12212,3720,-1248,-948,3785
-5608,-13784,5436,-1476,-2634,2352
-3000,-16804,7724,3253,-2758,58
-3308,-14088,6148,5327,-3146,-1454
-2132,-13036,4228,5895,572,730
-736,-15876,4516,1845,349,1750
-952,-15880,6364,-367,454,1210
-980,-16472,5448,-128,316,472
-1712,-16356,6080,-356,73,228
-3448,-16368,6320,-9920,469,-331
-2708,-15192,4628,-3776,940,2610
-3848,-15540,4868,1087,-44,1124
-3468,-15296,5620,2720,-367,370
-3192,-14748,5936,2791,-36,504
-3352,-14736,6164,2181,361,527
-3388,-14396,6388,1062,352,356
-3972,-14556,6440,-124,143,-231
-3232,-14716,5972,-617,-128,-738
-3604,-14680,6240,-1089,-50,-718
-2832,-14636,5868,-1603,9,-621
-3024,-14812,6076,-2293,163,-139
-3536,-14800,6236,-1438,17,-440
