-2692,-14904,5876,-1208,-230,-227
-2764,-15256,5616,-1313,-248,24
-2592,-15100,5876,-1327,-250,187
-2808,-15056,5656,-1863,-109,429
-2548,-14948,5372,-2354,-498,984
-2460,-14820,5768,-3568,-120,2832
-3100,-15128,4948,-3347,14,2504
-2168,-16912,4988,-1521,784,2659
-21668,7988,-8968,12560,26600,519
8472,10852,-16192,8741,16988,-9338
-5432,-13620,1344,3947,3726,-4170
-7360,-15380,5824,1680,3114,-3065
-4708,-15636,3960,-727,6675,-2085
-4580,-15776,4224,-1217,5164,-1720
-7624,-14820,5696,-931,2995,-2385
-8460,-14772,6324,3200,-719,-7805
-7716,-17208,11804,4116,-6020,-3096
-3256,-13180,5940,6697,-9347,-161
1996,-16556,9112,2182,-9504,2115
8716,-13112,5976,1934,-5353,-1191
1652,-13524,6804,-1669,1076,3205
3108,-13636,5508,-4323,6328,12776
-2680,-19660,7852,-4366,6200,9313
-272,-18836,8000,1230,6349,-4587
-5168,-16076,6916,-772,8726,-3455
-5984,-14904,5148,-1014,8978,-1876
-7348,-16816,6924,-1718,4726,-2051
-8176,-14692,7960,-1431,4261,-2954
-5956,-14692,4968,1221,3477,-3118
-7548,-13452,5432,326,3525,-7524
-6208,-14616,7596,-3442,-2388,-6465
-4580,-14376,5020,-6344,917,-384
-5092,-15016,5764,-6444,-3270,770
1044,-22388,11044,-5202,-5982,436
-2384,-15708,3428,1011,-4568,862
2948,-16548,5476,4062,-1669,-1874
0,-16180,6192,-1057,-40,1641
1696,-15712,7812,1905,-1543,-794
-476,-14536,4680,153,961,-3184
-856,-15036,4664,-710,1232,2343
-2216,-15744,4808,-46,228,3754
-2712,-15712,5068,1794,-157,1220
-2444,-15220,5416,2747,59,-587
-2696,-14924,5604,1864,216,-1
-2504,-14832,5632,950,215,458
-2692,-15000,5716,52,326,250
-2680,-15088,5628,-936,414,-73
-2508,-15036,5516,-1565,574,-156
-2356,-15196,5576,-1039,469,-11
-2560,-15264,5352,-434,291,207
-2988,-15212,5404,127,276,22
-2736,-15028,5620,578,-30,-462
-2536,-15040,5528,723,157,-45
-2880,-14884,5884,140,265,-10
