440,15752,5332,291,184,-388
-316,15956,5572,1357,375,860
-780,15904,7380,2734,-1402,1863
-428,16892,7004,2707,1281,4028
308,16604,7500,-948,-3795,6115
3132,15648,6696,-3065,-2167,3130
1448,16100,7900,-1439,-5260,398
-1960,13564,8416,-10866,-9216,-3426
-244,10836,8260,-11301,-8649,-480
-212,10360,7104,-8786,-9451,-1684
1444,13848,6308,-13630,587,-3635
-2792,12396,404,-2538,-3398,-14728
7812,19664,4660,4337,4656,-10694
3116,11020,2172,1011,10293,-10541
-1136,15392,3836,9904,4118,-4004
-3616,18480,6048,-726,51,-3485
-4044,20488,6392,3584,4183,-7913
-572,20264,4508,3322,-3570,-3798
-1376,18440,1236,315,566,-2982
6332,17768,4544,-712,-426,-614
7152,16488,1888,2574,-4867,2731
9664,17276,10024,4307,-7880,-5345
7924,15080,5576,876,-6372,-8093
5388,19732,7508,268,-1369,-3720
4232,17928,6588,-835,5145,2780
-3068,16664,8580,-3643,6728,8198
-10480,10424,7192,-5901,3889,9894
-19504,14156,11204,-5548,7574,2200
-12120,20000,7948,-74,13492,7328
-4496,13536,648,-5111,3010,23313
-11496,9040,336,-1376,-22065,-14295
6520,10384,-5368,1375,-1412,-10575
8468,16460,3612,2877,-11375,-5386
8616,14440,5568,-728,-10977,-3175
6980,13256,4760,-3352,-9671,-4943
5912,16616,6724,-840,-1965,-7340
-196,14216,9208,1204,5526,-4223
1836,17776,8760,2001,7409,2642
2760,14312,7460,1017,6494,9081
-1300,13872,8396,-1179,7150,10546
3968,12024,1964,-1719,5686,6807
-3536,16432,3484,-2249,7910,3651
-6736,15888,5704,-2249,3675,7731
-7288,14164,5136,-810,464,1500
-2272,14180,6324,2508,820,-3951
-1972,16192,5044,1794,55,925
-1032,16096,4672,-225,-381,4549
356,14628,4824,-1524,1151,4433
1152,15168,5900,-1372,524,5048
2500,13920,6696,-302,2856,2155
2736,14944,6868,-420,-241,406
1944,14692,6604,188,-443,-1767
420,15616,7072,1085,-145,-1925
608,15388,5668,1160,-653,-460
708,15376,5548,1218,-176,-343
96,15392,5244,632,-645,329
248,15544,4964,354,-436,982
1016,15184,4904,62,76,1126
1284,15124,5232,-489,727,429
1740,14640,5368,-1187,-320,3
