1704,10756,12280,-372,292,-531
1924,10428,11928,-332,-466,110
2948,10464,12024,-322,-113,-211
2276,10724,12632,-407,26,-363
2108,10272,12076,-414,-561,260
3624,10408,11312,-815,-184,-159
2384,10192,11824,-1375,207,-759
132,11232,14928,-1198,228,-257
4312,-72,1172,5503,-2760,951
1744,14504,16296,-4730,-4576,-5732
-632,5220,13308,-5774,-6415,-5873
-1660,6860,13620,-621,-6103,-9748
2384,9404,9788,-2425,-11449,-3576
3432,6908,10084,157,-8061,-1380
6020,4860,9472,6795,-7670,-5752
4420,9728,7416,7339,-1204,-10626
5792,13532,9836,1970,-100,-8484
336,9708,6436,11395,1091,-12823
-76,15016,8504,16324,5596,-12139
-1420,14064,6068,12606,5726,-9035
-6932,14548,10964,265,1220,-5471
-6740,16840,8792,4258,46,-8701
400,16480,6040,4031,253,1506
2836,15676,7804,3946,537,1539
2380,13580,5412,3507,-155,1893
6708,11284,3540,1599,-373,1366
9876,13600,7020,195,-356,-510
10000,17136,9828,-2557,308,6231
2948,13536,12048,-2596,405,10798
-172,10900,10132,-1609,2827,3580
-15984,15772,13224,-1495,8152,4100
-9968,13036,6324,-1602,3435,-867
-10028,17072,9132,-1107,4379,3922
1008,13380,1408,-1550,-1173,503
3060,18384,3880,-138,5578,-6322
3796,16668,11324,-1159,-1857,-873
7952,9472,6144,4025,-2322,-6224
2964,8204,5668,4051,-3672,-6850
9820,11204,7256,241,-3706,-2107
7324,16612,8112,129,1401,210
6136,23552,10336,-2165,1907,4416
904,5628,9252,-5560,7904,11686
-452,15272,8844,-5890,5438,6563
-4208,10832,6256,-6233,-2265,6437
-2448,12464,6796,-2094,5441,4126
-5384,12492,6392,-1555,3535,3516
-4928,14304,7344,-2807,-169,-495
-2580,14780,9896,752,1183,1242
1384,12428,8632,26,490,3178
2680,12780,8956,-432,242,2302
2248,13072,9648,-324,1020,-300
1340,13880,9592,-398,-330,-261
1628,13160,8920,-833,-861,573
1100,13340,9788,-846,-594,387
