-40,14456,7304,-263,296,-241
136,14716,7028,-331,300,-122
540,14592,7288,-40,248,-233
364,14652,7132,100,522,-647
116,14564,8272,-44,78,-897
92,16004,10400,-946,772,-2570
-2772,16132,12668,-2261,-1761,-1554
-6164,12740,14612,-6149,2693,8285
-1036,9940,9432,-11605,-6532,-2115
-3116,10504,10152,-8084,-2412,1802
1424,10208,7328,-13556,-311,-1445
-1484,12856,7400,-9804,5040,-3588
-1072,10564,7600,-8646,8982,-4233
-6236,11388,7580,810,6305,-9258
-2892,13884,8856,4107,-210,-9081
1236,13064,5016,10410,-888,-108
-1748,13492,4792,12799,12379,-4729
-6664,26736,10512,-7609,1577,2971
-5620,9124,3448,1144,-648,-955
-6392,14536,6408,4887,7722,-4567
-6648,12364,3440,4973,2911,-2275
-396,18788,6308,1519,2240,-2361
2540,18876,4728,4904,-1867,-1716
704,14852,7668,5138,-5120,-3388
164,15664,8340,4826,-9210,-3868
3496,15168,9120,7995,-9767,-5675
3440,15372,8424,7433,-5767,-3786
1704,15856,9220,2458,-2081,1048
-2232,13784,7876,-2142,-335,5532
-2040,15260,6036,-3130,5247,7469
-8368,12304,4860,-3656,6695,6776
-15344,11524,5900,-2292,5714,3989
-11100,21864,9540,-2217,3127,6245
-5244,14796,3200,-5815,1555,14044
8584,13304,-6196,-429,-2543,-2699
-11984,12480,9912,8759,-819,-16324
2424,17436,3848,7547,-10065,-5404
1244,15264,5792,8728,-9867,-6615
2540,16280,6860,4074,-9456,-6844
2996,16468,5768,3283,-4614,-6623
1120,17984,7284,2829,1760,-4006
952,17184,8100,708,3024,2307
688,15788,8232,-3441,3673,4936
-2024,14460,6920,-6335,4216,6331
-4564,13968,5528,-6995,6163,8286
-14196,12208,11360,-6239,174,7570
-11624,11744,4532,-2114,3821,-34
-11720,13312,4760,872,1224,-1698
-6404,16172,4952,2241,1929,3341
-2660,14684,4252,1455,55,5839
-656,13716,4004,-246,97,4113
-1192,14444,4892,-981,350,1608
