2560,-10324,12308,-467,232,40
2500,-10352,12152,-575,137,-42
2564,-10152,11948,-435,-39,-110
2392,-10360,12012,19,305,-134
2564,-10256,12340,102,207,-194
2428,-10104,12312,-164,313,-20
2436,-10196,12332,-280,223,-83
2564,-10220,12256,-104,195,-404
2044,-10248,12620,-168,135,-418
2352,-10176,12464,-282,10,-284
2428,-10148,12376,-517,6,-153
2428,-10044,12232,-498,-144,-104
2400,-10260,12252,-390,-153,149
2632,-10164,12204,-445,657,349
3124,-10060,12172,-535,1541,869
2016,-10600,12784,-809,3595,2157
2556,-10296,11468,-771,4238,2904
632,-10996,12488,-33,4576,2193
7148,-23040,18492,-7200,-5949,-16067
5704,-12672,13228,-2520,5914,-10466
-596,-10312,12192,-519,1874,-2369
-2688,-11712,12588,-1062,6155,-631
-772,-10804,11648,-1503,3253,-3666
-2964,-10516,13220,730,697,-4727
-1272,-10264,13276,1872,-3968,-4927
-640,-11416,12400,-496,-4622,-2918
644,-9404,13464,-4021,-4804,3012
1464,-10800,13436,-873,-4366,4313
3632,-8480,11128,2328,-3085,4876
3480,-8732,10348,834,-1465,4146
3316,-9160,9780,-63,-1993,3164
9920,-10940,12760,-875,-1040,292
4416,-10692,9876,-2191,1772,3994
2216,-11424,10952,-1762,8087,6159
29564,3028,-10600,-2637,9165,-12229
3612,-9304,7208,-899,6597,-4020
1824,-11776,10404,-1137,4683,-3406
-1152,-10628,11716,-636,2673,-3671
-916,-10332,11556,-113,1365,-1144
200,-11012,11784,436,1449,-1156
-1572,-11268,11988,1150,1000,-1778
-920,-11036,12492,606,-716,-1945
-1392,-10360,13256,-843,-1608,-2096
-460,-10584,13316,-1367,-3148,-1359
-396,-10780,12348,-1621,-3159,-284
-484,-10220,12340,-2366,-2331,1864
92,-10552,12584,-1816,-1870,3237
1804,-10520,11972,-1048,-2076,4014
1444,-10432,11952,376,-2046,2541
4436,-9252,12328,555,-1588,3282
1656,-10640,11100,87,509,3362
7680,-8612,10072,20,-1026,2778
5524,-10244,11636,-430,388,-1836
2732,-10592,11212,-657,383,868
1304,-11216,11888,14,1009,1466
920,-10868,12044,717,679,45
1164,-10812,11864,1620,55,-462
