-2892,-12280,10312,-531,-445,-403
-2568,-12476,10088,-1611,-379,-291
-2308,-12400,9748,-898,169,-145
-2168,-12268,10208,-868,26,-245
-2512,-12584,9988,-545,-285,-332
-2388,-12276,10004,-461,-19,-68
-2840,-12572,10312,-871,-842,-584
-2152,-12100,10252,-1952,-2842,-861
-2252,-11980,10524,-2559,-1018,1529
-2164,-12724,9736,-6716,-5281,1416
972,-13600,6960,-9987,-4234,3158
-3712,-14724,9088,-8682,282,8123
-2240,-14908,7256,-4539,11,7423
15892,1724,-11096,3699,8615,-7724
344,-11132,-640,365,1186,-2383
-2548,-13352,6660,2013,3202,-2414
260,-15532,8772,1173,3772,-4868
-4956,-14324,7264,368,6130,-3949
-3024,-14040,5736,4144,4931,-2626
-3236,-13308,6820,-867,5504,-4701
-4324,-11084,6232,-4226,3030,-4745
-4812,-14112,8916,2598,819,-2894
-4480,-14684,9376,-2706,-564,-3344
-2856,-15628,14008,-1255,-3693,-2341
-4048,-12560,7224,-3077,-6191,-469
-3964,-11524,6148,-5438,-5537,3519
1136,-14364,8984,-750,-6694,-1113
5504,-14688,6788,14,-3841,-1449
-1532,-13160,11112,-2808,2213,-3078
84,-13788,7652,-3419,266,6947
1064,-15560,5072,-3747,6832,10636
-3204,-15996,7464,-1670,4807,6649
-2124,-15896,3760,428,10036,195
-892,-16108,6276,90,8143,-2467
-3944,-14836,3460,82,8748,-2640
-5344,-15592,5872,-329,6704,-2667
-3404,-15764,5712,-422,5046,-3270
-4500,-12980,6124,-2509,3680,-2552
-4944,-15632,5128,1896,911,-1784
-3728,-15660,4672,-750,766,-3821
-4932,-14720,5716,-5635,-157,-3287
-3500,-12940,3356,-3786,-2232,-2061
-4752,-13808,7592,1020,-1930,-623
-3076,-16968,10228,2994,-3995,-2569
-1432,-15240,8884,609,-251,931
-1284,-14548,5680,656,1550,2556
1344,-14904,6036,2696,-353,-257
2280,-13916,5276,3258,548,-2477
5272,-20080,11380,-2936,-1881,-6210
-1000,-14680,6260,169,517,2069
-1756,-14924,6832,1360,68,2373
-1840,-15084,6764,1367,560,539
-2048,-14484,7136,916,405,-862
-1920,-14380,7340,-390,554,-734
-1980,-14092,7340,-1955,1291,627
-2312,-13948,7448,-5664,2916,1681
-1676,-15028,5668,-8852,4929,1373
-32768,-25312,32767,32767,18093,25349
-3548,-14612,6344,7991,2143,1529
-668,-14108,5872,7818,-7932,-5149
-1284,-11512,8264,5551,108,-917
-2676,-14020,9256,7598,-544,-2185
