-2080,-12404,10000,-1278,-633,-772
-1544,-12764,9872,-1080,-546,-871
-892,-12576,9888,-381,306,183
-1464,-12964,10016,-20,513,452
-1608,-12500,10008,-724,65,69
-1560,-12728,10040,-484,270,263
-2036,-12624,10016,-16,480,416
-2008,-12512,10276,-562,-84,82
-2164,-12640,10180,-1066,32,448
-1888,-12740,9888,-968,-182,19
-1456,-12236,10248,-1518,139,62
-1924,-12436,10720,-3852,708,2109
-1492,-13120,9052,-3591,1636,4092
-2744,-11736,8596,-1670,1542,4691
-2684,-13912,8772,-142,1149,2138
32767,-7016,-19704,9495,-32768,-27805
1360,-15100,5268,978,-220,-7058
-5804,-12720,10204,-1722,5031,-4248
-2772,-14024,7716,-309,3233,-4037
-3016,-14068,9208,-3803,7490,-6021
-5392,-12400,7236,-3677,2776,-3700
-5228,-13776,7660,-4705,2183,-3712
-5956,-16260,8508,-6804,-112,-4029
-4000,-10868,5160,-10820,-2605,-2324
-3080,-14944,8028,-6931,-5463,451
-3932,-13252,7364,-1894,-9765,339
-3988,-14608,8240,-782,-8724,3484
-3136,-16576,10888,-774,-9946,6832
6296,-17220,7432,3609,-8534,-2099
-532,-15484,7240,4878,-7128,4974
1712,-12828,6776,3524,-2890,4343
7880,-17112,10448,-2317,-11358,-1186
-1848,-13920,8528,-1466,-220,272
-1396,-14244,7568,-3282,-110,2575
-1532,-13784,7100,-2047,22,3016
-244,-13440,7008,-3011,3504,7758
-6620,-15940,7980,-2503,8890,11041
-6460,-9928,-1828,2841,22310,-1291
-5788,-13988,4048,1437,6436,-2874
-2896,-16672,6896,-436,5090,-3195
-2900,-16716,6140,2127,2279,-3658
-3400,-15652,6944,-232,4450,-2942
-2544,-15324,6324,-740,4626,-2914
-3000,-14132,5604,-426,4459,-3707
-4064,-14392,5296,-2281,4198,-3798
-5036,-13752,5972,-4037,3616,-2964
-5108,-15680,6544,-3819,1797,-2270
-5876,-13168,6556,-5627,1235,-976
-4012,-14716,3164,-5854,-946,516
-6316,-14760,5064,-9955,-893,2293
-6052,-13108,1468,-10180,-5600,3077
-5340,-17148,6008,-10640,-9855,2774
-3756,-12960,7120,2672,-11552,1053
-1892,-15412,6276,2036,-12409,3106
-3660,-12736,7004,-3606,-7728,5275
-2420,-8484,6996,-971,-5755,5405
-984,-18404,6572,12937,-4227,6046
-4260,-13600,8060,3063,-4259,2874
-1156,-16528,3644,-25072,-7053,-1713
25328,-32768,22996,32767,-6861,18480
-8800,-17164,9332,-5775,-6560,-32
-4252,-15312,5288,-2118,-400,374
-3712,-15176,5048,526,-92,213
-32768,-6388,-3436,5710,23305,5401
-164,-11680,4080,-329,3477,150
-3912,-13996,6124,-648,-1063,-1978
-3472,-14136,6580,-995,209,-28
-3988,-14556,6428,-1321,178,-401
-3852,-14336,6332,-1484,358,-372
-4060,-14676,6184,657,-120,-655
-3736,-14216,6432,1461,-81,-543
-4180,-14224,6932,1520,125,-575
-3980,-14064,6960,417,65,-462
-4020,-14176,6788,-362,-6,-446
-3748,-14192,6604,-597,52,-784
-3784,-14452,6548,-696,133,-396
-3676,-14272,6616,-316,264,-75
-3820,-14188,6704,-93,97,-187
-3964,-14340,6752,240,99,-262
-3752,-14240,6980,229,211,23
