1708,-10444,11848,106,188,-471
1576,-10276,12364,12,329,-28
1240,-10296,12496,-14,339,-90
1236,-10132,12676,-133,197,-198
1328,-10144,12596,-224,57,-236
1136,-10352,12232,-373,227,-237
1332,-10208,12468,-451,217,-263
1452,-10160,12320,-458,245,-193
1444,-10208,12384,-224,-38,-411
1564,-10088,12624,-192,-70,-494
1464,-10200,12164,-192,184,-182
1352,-10172,12560,-355,51,-60
1520,-10232,12584,-517,-344,-100
1408,-10220,12488,-653,-226,169
1112,-10352,12388,-659,203,229
1396,-10256,12532,-552,38,173
1584,-10276,12460,-407,237,88
1816,-10132,12460,-464,994,408
2152,-9988,12556,-884,2423,1745
2156,-9988,11824,-1374,4675,3341
96,-10748,12172,-996,2864,2154
32767,9668,-1816,4686,-7726,-17863
4984,-7860,9548,-332,3784,-6815
-368,-11820,12472,-919,1041,-1123
6068,-11028,11648,-2207,1509,-3033
3296,-10224,10892,-2322,3233,-6166
-756,-9924,11952,-1352,2240,-2093
1172,-11048,12004,-650,1418,-4852
-736,-9192,10428,-636,3151,-4250
616,-8608,9800,-809,2556,-3485
-3608,-11992,14444,-1128,1091,-4479
508,-11216,10848,-1381,883,-2772
-4568,-10724,11832,-3819,1648,-1697
-1792,-11256,10464,-3785,1157,-1051
-3852,-12244,11228,-1330,-3292,-3274
-1948,-12536,10192,-275,-6491,-3502
-580,-10044,12000,-669,-3083,774
-460,-9976,13524,-566,-3616,4170
1364,-9748,11716,869,-4879,7375
4240,-10064,13572,2961,-4697,6745
11336,-8756,7560,3599,-2677,2609
12368,-10296,8728,402,1356,-1482
6076,-10192,11656,-1483,7035,6703
1656,-12060,11640,-141,13626,7379
3500,-14176,10604,2404,5615,-10895
1024,-11356,9804,-1184,5918,-6683
676,-12120,10904,-4335,4360,-5634
-1760,-10424,10596,-4848,3712,-4109
-3268,-11536,11668,-2841,-1681,-1320
-1892,-11908,11472,-1375,-3060,-621
-892,-10668,10724,505,-3759,-633
-312,-11124,12644,1091,-5601,-1018
-1276,-11252,13392,-110,-4894,3051
1708,-10384,12564,947,-3111,5341
6068,-9104,10636,3063,-3302,1830
4168,-11820,15452,1602,-1240,-1343
6260,-11652,12848,-361,222,-2035
2884,-10560,11352,-1864,725,127
2004,-11236,11656,-1634,785,601
1900,-11276,11280,-749,748,-64
1628,-11208,11544,61,77,-262
2060,-10832,11800,460,269,11
