3256,-11068,11508,-103,391,-406
2908,-11112,11284,141,-508,-858
3564,-10852,11560,171,261,-286
3232,-10904,11320,-205,413,212
2976,-11036,11532,-455,170,23
2880,-11124,11772,-503,-190,-397
3352,-11000,11256,-535,-72,-262
3132,-11008,11480,-442,196,-207
3316,-10948,11340,-328,-233,-370
3440,-11052,11472,-396,-218,-61
3508,-10904,11420,-471,-232,181
3104,-10980,11248,-468,-210,72
3072,-11084,11452,-300,-435,-58
3288,-10888,11428,-304,-341,144
3504,-10792,11492,-527,-74,757
3932,-10760,11296,-1134,1147,1755
4056,-10952,10700,-1460,3565,2742
1716,-11416,11624,-499,3725,1104
5560,-10500,9772,2114,3907,-3571
-428,-13104,12700,15,2981,-2064
5224,-11648,9120,-3530,4019,-3165
4512,-11940,9796,-4996,5065,-4619
-292,-11612,11272,-4201,5108,-3137
196,-11920,10392,-1643,2610,-1492
-180,-12688,11556,-1353,175,-1814
-972,-11836,12192,-1877,-978,-2311
-880,-11576,10992,-1361,-2387,-1391
-64,-11020,11864,-2404,-2363,3044
904,-11184,11944,292,-4348,4908
1616,-10008,10132,2124,-4365,7369
5512,-12168,11380,3087,-4487,2962
10784,-11616,9236,404,230,-1106
4444,-10848,11140,-1637,3748,3185
2528,-12148,10284,-340,9500,6442
8556,-13336,5664,1504,1679,-8640
544,-13396,9992,-942,5069,-6413
2348,-13004,9316,-3212,5930,-3371
1220,-12600,9436,-4757,5209,-5275
-1720,-12680,11284,-3194,3333,-4370
-1784,-12300,10064,163,1859,-1299
-488,-12396,10652,-577,-992,-1762
-2244,-12776,13552,-612,-6621,-1934
908,-11284,11132,-6,-3339,-1135
232,-12264,10916,-255,-2385,-613
408,-10884,9708,-500,-1383,1560
1276,-11016,9528,-309,-1050,3610
1312,-11236,13536,1271,-3080,2711
2524,-11156,10488,2153,-3327,2855
4124,-11500,12396,1750,-3102,2831
4428,-8848,9216,964,-145,2100
7312,-12236,13168,155,-1930,-228
3364,-11312,10952,-1643,391,-180
2060,-11772,10860,-1708,1448,1921
1772,-12040,10808,-1108,929,1510
1548,-12112,10732,183,329,281
1836,-11856,10872,993,-265,-525
2040,-11708,10780,1779,575,-243
