-296,9528,12664,-383,220,-167
-300,9484,12512,-385,343,-229
-404,9700,12360,-462,-99,-181
8,9460,12848,-130,297,-103
1280,9204,12480,122,755,-174
-656,8316,12444,940,2673,-453
1648,10752,12976,1525,2971,-62
360,9564,13652,1979,5383,2337
228,8612,12868,1211,4384,3235
-1180,9348,12600,1900,4740,3714
-2352,10132,12868,322,3380,3654
-3684,10416,13276,2887,2788,4634
-2204,8420,10692,5354,2437,1318
-3104,13180,12556,3182,-1935,-1953
-1448,12012,10440,1559,-611,-1753
-2112,10024,10456,2218,-337,-1043
-1108,10756,10052,995,-2220,-1786
-292,10516,9648,4273,2820,-1678
-912,11960,10016,4532,3019,-2180
-1112,12100,9288,3428,1393,-1577
-2068,13012,10712,2650,182,-2552
-1584,13132,9784,1181,1471,-959
-2188,12556,9400,2872,2030,-902
-2828,13824,10416,1225,1797,-1527
-2196,12624,8920,518,983,-926
-2476,12400,8680,1606,1086,-305
-2028,12848,9252,2341,2621,-128
-2164,12088,7912,2938,2658,-765
-3980,7820,6600,7848,2396,-3866
-4776,15048,9656,524,1119,-2064
-3708,12812,8084,499,-272,3235
-4076,8592,3360,3066,400,-2632
-6476,14620,5624,5365,-1629,-6286
-2436,16500,5788,1011,-6545,-2170
-8076,8100,1556,1666,-2465,-9867
-7736,15836,12548,4225,14299,-2972
-5276,13100,9628,647,-127,1447
-1652,12948,3856,3793,2116,3606
-1944,12060,4748,5394,1465,2816
584,15008,5904,4173,1776,1605
-992,14332,3704,4807,1546,1529
-504,13588,6568,5334,-167,-250
-240,12916,5900,3732,-1249,-1764
-256,14720,6144,1480,-1966,-4245
-2348,14560,6260,547,-3785,-3192
-3060,15480,6604,307,-1013,-2666
-3468,15380,6260,386,1182,-1468
-5140,14472,7024,-210,2491,0
-5236,13712,6280,-1803,127,2017
-5368,14184,6676,-2235,734,1079
-6488,14784,6492,-1750,-103,1627
-3988,14700,5852,-1285,75,1620
-6000,13724,5428,-1787,-1223,1490
-4632,14836,5576,-1136,-983,1236
-2632,15256,6024,-2335,-1128,2858
-3648,15252,5636,-2083,1329,2567
-4840,14004,5848,-3135,1088,4320
-3568,13804,5368,-3334,10,3460
-3920,14092,5100,-2058,3365,1911
-4396,14880,8332,-3080,233,4448
-1988,14064,5372,-4204,1274,3962
-5788,14504,5516,-2824,-480,2153
-5884,14380,6576,-3268,-1421,2416
-3876,14992,5552,-1894,1348,2316
-2652,14184,5892,-3237,2250,5098
-1928,13092,5644,-4644,3180,6020
-5592,12524,5204,-348,5109,-3813
-5208,14700,6656,-259,5365,-3041
-1856,15624,7276,-454,4203,-395
-4000,12808,4988,-68,5696,-2429
-3000,14264,6336,1817,2305,-3988
-1500,14852,6936,1149,-1467,-3440
-1388,14588,6404,4256,-2595,-4042
-1916,15292,8128,7472,-4960,-5395
-1468,14552,6952,6443,-5075,-5445
44,15480,6124,5719,-5204,-3604
-1652,14940,5792,4936,-4109,-2905
-1732,13560,5220,3965,-3269,-4284
-1464,15168,5712,2562,-2525,-4121
-2204,15676,4672,1090,-2506,-3957
-2156,14640,6060,305,-2959,-4032
-1396,15336,5348,-23,-2248,-4852
-2348,17144,6244,-762,-447,-1935
-3568,14748,6004,-3666,-163,2729
-4756,13416,6260,-2710,2113,296
-6696,15900,5968,-1652,3257,3483
-7600,15080,6788,-2767,3167,7006
-2456,12448,4904,-1682,3027,5099
-5120,14908,5428,-1741,2747,4740
-3500,14596,5008,-3618,795,8231
-4088,13504,5840,-4870,4031,7387
-6544,15292,6232,-6136,413,7998
-3916,13600,4292,-4536,1018,8222
-1948,14656,6152,-2682,1498,2333
-2588,15680,6052,-1691,2905,3802
-3372,14412,6204,-1191,18,5104
-3452,16192,5020,-1934,-2567,3187
-7444,16852,8380,-6925,-5904,1015
-6576,16464,9288,-11180,-6547,991
-2840,12048,6264,-11393,-2610,-2985
-4708,12984,8788,-10638,-5109,-529
-5020,9744,5772,-12181,-4043,4356
3508,9208,6772,-10719,1740,-8306
2988,17356,13852,-4774,5353,-6306
1668,20840,18780,-11424,-10058,5420
4964,6216,10456,-12783,-10036,3061
5996,6596,11652,-5154,-6166,1313
6512,6612,11168,-1861,-1978,-2870
2880,8496,11372,3158,4759,-4990
-2200,12824,13352,4368,3409,-3109
-932,13820,13112,-2637,-2003,-1993
1988,9584,12080,-2804,-1497,-1111
2328,9100,11860,-1239,7,-1037
500,9164,12532,370,1019,-958
-44,10000,12376,442,108,-1141
-788,10424,12580,-124,-126,-564
