1584,-13376,10012,-815,1197,-590
972,-13272,9684,-88,1015,-216
936,-13000,9324,-50,316,-290
568,-13552,9808,-110,-145,-157
156,-13920,9656,178,313,310
428,-12716,9272,337,206,227
588,-13204,9940,602,33,236
780,-12860,10660,1492,-1879,-862
1184,-12976,8696,2167,-1284,-902
796,-13216,10556,1543,-1214,70
628,-12948,9692,807,-529,623
596,-12800,10216,-61,-214,1376
-508,-11916,10096,-396,-2109,5308
1172,-12824,9864,-614,-303,3695
2116,-11880,9652,-1343,-1584,2054
5500,-12188,8208,-875,2857,-2058
4516,-9904,5248,8050,-4463,-1397
20,-15204,10764,424,-4228,-8095
-196,-15060,6804,-5174,-2007,-3665
-7020,-12736,8568,-6855,3390,3933
-2524,-13140,6580,-6390,495,11977
8868,-11600,13552,-2593,1862,11707
11756,-14936,13468,9063,-2137,-2325
4768,-13500,6404,6889,-5619,-12173
-3484,-16036,7508,-4984,-3087,-9701
-7060,-18308,5588,-15080,4623,-2609
-8040,-12516,5176,-17270,4839,2501
-2924,-13356,5804,-10049,-890,5882
736,-12960,8916,-8036,2179,12255
1580,-11712,18640,2244,5951,14863
8036,-17092,11988,17391,-3616,8358
1200,-15424,9596,2367,-6603,-8000
-1636,-15748,7428,-1647,-3180,-2754
-1472,-14020,7788,286,3238,-1256
-1280,-12896,5856,269,-1412,-2527
-1752,-12836,7500,482,-1571,-2842
-428,-14020,8128,1539,-705,-2257
-1352,-14220,9420,2054,9,-2027
