2248,-10692,11968,-850,-187,-284
2384,-10840,11740,-784,-85,-230
1912,-10684,11704,-593,31,-209
2412,-10816,11560,-370,116,-269
2380,-10848,11844,-358,143,-252
2388,-10896,11884,-305,85,-358
2300,-10856,12008,-252,85,-446
2260,-10780,11984,-374,25,-461
2272,-10836,11908,-405,-191,-359
2128,-10760,11832,-632,-73,-210
2272,-10688,11748,-639,-138,-105
2152,-10720,11804,-735,-180,-162
2480,-10788,11708,-976,-416,28
2664,-10780,11712,-1454,58,387
2612,-11044,11532,-1894,186,792
3016,-10752,11556,-2029,1224,2415
3132,-10868,10976,-2006,3309,4506
1996,-11412,11204,-1296,5687,5186
8684,-28188,17252,-4891,-838,-11761
2968,-9488,6460,-468,1882,-7651
-756,-10484,9236,31,4336,358
744,-14392,12236,-993,2668,-1653
-288,-11772,11308,-2445,2727,-3976
-240,-11504,10988,-818,3592,-2936
-1108,-11500,11292,1465,950,-2312
48,-13408,10240,-67,-1495,-4114
-1228,-11688,11224,-2118,-2502,-3414
-332,-10216,10888,-2095,-2613,-1722
-2476,-11384,12648,-1424,-4900,404
-416,-11276,12740,391,-3789,3624
1864,-10896,11572,1256,-3065,4107
5252,-10188,13616,1656,-3502,4575
8120,-10476,10756,-694,483,1723
5552,-10356,13460,-2540,1932,1931
2852,-11080,10648,-2448,8467,8163
5264,-26612,15520,-6068,1802,-8643
624,-13140,10788,-2169,3002,-10968
-3684,-11968,9984,-2304,5096,-4008
124,-12712,9760,-2328,3435,-2996
-144,-12156,9228,-1969,2169,-2832
-1604,-12916,11172,-2713,1110,-3071
-1352,-13052,11640,-1581,-717,-3013
-124,-11448,9440,-2055,-1794,-2003
452,-12180,10828,-482,-2172,-1411
1100,-12668,11016,-338,-1419,-1186
420,-12276,10944,38,-2154,-535
-120,-11840,11200,-465,-1685,1557
304,-12584,10736,-488,-1462,3220
1128,-11368,10160,276,-1384,4570
1184,-11240,10280,1356,-2715,3388
992,-10896,9480,1028,-2022,3792
1868,-12156,10608,847,-3318,4453
8836,-13272,10932,939,-2868,280
3068,-11712,10728,-1754,1055,-2522
2432,-11768,10828,-1442,614,540
2128,-12220,10040,-1046,1550,1728
1060,-12424,10364,46,571,1167
1232,-12400,10492,496,72,444
1892,-12008,10656,1122,373,290
1308,-12104,10704,962,688,266
