-2316,-13724,8380,-405,16,-162
-2304,-13684,8420,-401,58,-208
-2276,-13668,8296,-595,35,-114
-2348,-13680,8564,-645,87,-118
-2332,-13792,8432,-438,110,-324
-2384,-13732,8356,-244,78,-449
-2252,-13796,8360,-57,161,-577
-2240,-13964,8152,440,247,-1187
-2196,-13860,8400,1345,268,-2047
-2032,-13388,8464,2156,-76,-2375
-2256,-13668,9172,2338,-242,-2243
-1904,-13580,8812,2342,-651,-2732
36,-19500,8712,-2272,922,-2072
-3116,-12280,6196,-7647,-300,-552
-2352,-15796,10580,-9062,166,-1097
-1360,-7444,4900,-3668,-830,-1300
-2292,-17840,13904,1813,-513,-3640
-312,-18892,11816,1263,-98,-2170
476,-17724,8884,949,1981,-203
356,-14644,4132,1909,1655,761
-176,-13040,9300,3989,294,7
-460,-13164,8944,2277,2221,2449
-848,-13248,8808,944,1637,4446
-1740,-13716,8684,651,-641,4665
-136,-14520,7540,602,-1737,4675
-1628,-16268,12016,-4036,-1653,-351
-208,-13520,8704,-4472,-1192,-84
-216,-14632,7768,-4033,481,-1460
-1196,-14084,7012,-1714,2519,-1185
-732,-15980,9996,-659,-571,-1698
-5296,-10512,4880,-306,909,506
-4164,-14624,9000,-1397,1735,-812
-3600,-12152,7372,-1716,1239,-1184
-3440,-15328,8764,-1176,-200,-2234
-7492,-13800,8692,-983,671,-124
-2684,-14416,7840,-1898,1232,-3533
-3396,-14648,9324,-5365,-1094,-7702
4868,-13800,-2376,13699,-11368,186
-860,-11288,7680,7726,-3092,967
-1136,-12180,9104,3850,-1729,878
-64,-13284,9664,1984,-1192,1283
-1376,-14348,9984,6126,-2599,171
-968,-13240,7644,4627,-1219,681
12,-12400,6356,-1865,-233,680
668,-10668,5604,-6058,425,87
-484,-13820,6292,-9813,2177,666
-1408,-15780,7736,-6280,713,169
-6396,-20372,12948,3872,297,1118
-1824,-14776,7064,9001,1718,-2076
-3444,-12944,6220,-2492,1323,-1417
-2192,-14288,6540,-5555,1673,-548
-1520,-14852,7204,-3881,2426,-1746
-2136,-10652,4532,-5467,2591,-1370
-1008,-18512,10808,1488,1898,-2283
-1824,-11260,8216,1118,-218,-1576
180,-19856,14400,5795,2068,-1691
-1564,-12096,6716,2713,1370,-35
-1252,-11712,13388,5202,-827,-1542
-232,-11236,11632,6353,-637,-791
-1152,-12076,10980,830,967,886
-1528,-12760,10196,-3827,1057,1559
-1840,-13596,9148,-5649,484,729
-1644,-13776,8868,-4651,-218,-845
-1308,-13760,8688,-3543,-416,-771
-1196,-13864,8204,-2737,-58,-38
-1372,-14168,8216,-1686,-35,36
-1380,-13920,8352,-626,0,-137
