-1956,-13548,8800,-240,113,-227
-2016,-13524,8928,-446,85,-155
-2048,-13596,8848,-465,39,-215
-1948,-13564,8784,-584,-2,-210
-1920,-13588,8640,-626,15,-100
-2020,-13636,8708,-364,115,-295
-2004,-13548,8728,-218,140,-415
-1932,-13536,8940,-152,151,-301
-2100,-13544,8836,-21,168,-427
-1940,-13464,8764,71,218,-358
-1948,-13644,8640,257,132,-491
-2064,-13624,8648,554,209,-850
-2196,-13756,8884,1103,340,-1681
-2744,-14636,9256,2262,562,-3348
-1068,-32768,32767,7170,862,-14617
-2036,-16776,12220,-8284,314,-928
-3372,-13964,7292,-6393,-434,-2128
-3396,-14824,9692,-3361,-134,-2997
-700,-12324,832,240,3186,-1623
-980,-15400,9212,2073,1022,-2248
-916,-15152,12620,1933,1020,-2293
276,-6764,-472,-1959,1251,1164
2224,-18948,15916,1850,159,-351
888,-11936,9300,4584,412,1675
-68,-13256,9196,1181,2505,5987
-1472,-13388,9008,554,-988,6502
-4888,-15228,14140,-4624,-2891,1680
2404,-15196,9688,-4723,-1269,-460
780,-12268,5972,-3813,2227,-632
-1576,-13932,6548,-2386,2000,-117
-988,-14196,6728,28,1887,-16
-2348,-15096,7344,-82,2321,-471
-2844,-21180,14580,1253,-1889,-1034
-7904,-13344,9048,1225,1065,1214
-6780,-13340,8628,1148,14,1403
-3000,-14132,8752,-1752,1934,-3479
-2360,-14520,8716,-5051,1021,-4844
-1792,-14412,7944,-6560,-1181,-3088
-2248,-15004,8080,-7738,-3063,-2876
-3588,-17124,16180,16461,-4394,-2500
-396,-10136,7072,7901,-3595,855
-1440,-9736,7156,2899,-2827,517
-1660,-12920,8852,1355,-1683,1580
528,-13156,7876,2771,-395,1907
620,-14252,6724,172,34,1085
-112,-15180,7976,436,31,213
152,-15224,6228,93,62,260
-1204,-15320,6368,-1969,85,-447
-840,-13780,5264,-4736,282,259
-1000,-16388,6784,2732,1448,647
-1968,-15172,7480,9081,1597,-1549
-4044,-15088,4756,-1480,698,-3343
-12,-16600,9728,-3724,1758,-1859
-1480,-12844,8236,637,2534,-2772
-1564,-16056,12968,867,3322,-3645
-2264,-13056,9916,-5663,2480,-932
-1524,-13116,11688,489,946,-789
700,-13236,11816,336,600,-495
-1568,-13208,13220,-348,2269,1790
-2320,-13900,11052,4994,1371,-415
-1488,-11956,10924,5339,871,-926
-1944,-12696,10372,915,953,969
-2144,-13264,9728,-2180,882,1017
-2176,-13448,9116,-3543,-158,-370
-1776,-13612,8768,-3091,-251,-805
-1580,-13692,8536,-2075,-27,-334
-1880,-13844,8476,-785,16,26
-1804,-13696,8632,104,170,193
-1860,-13700,8588,358,375,434
-2120,-13740,8736,554,420,173
-1972,-13496,8852,642,635,-123
-2084,-13548,8908,510,689,-35
-1992,-13484,8980,606,445,-66
