-2132,-13768,8280,-342,-131,-479
-2124,-13704,8320,-442,-157,-340
-2092,-13824,8360,-387,-215,-280
-2104,-13812,8412,-372,-262,-252
-2048,-13772,8448,-602,-330,-160
-2108,-13808,8456,-809,-432,-33
-2228,-13948,8584,-883,-653,-237
-2008,-13840,8472,-1147,-1030,-238
-1912,-13796,8164,-1535,-1119,281
-1940,-13732,8324,-1581,-1269,827
-2488,-14176,8476,-2004,-1474,1076
-1928,-14004,8044,-1732,-1909,1035
-2328,-14248,8228,-2121,-2633,2033
-704,-14644,8008,-2580,-3434,2833
9408,-11204,3696,5522,9754,-4769
1412,-14732,7916,1305,-1936,-800
-2332,-11696,3304,274,2501,-172
-2400,-16524,5632,639,1656,-3644
-1640,-12956,6136,848,1048,-3231
-3980,-13436,5448,322,3657,-2848
-3428,-13216,5620,-78,4599,-3305
-2188,-14144,7444,-1513,4416,-4268
-4392,-12700,8688,-210,4737,-4800
-4968,-16256,10712,2367,3233,-5343
-4340,-11388,9712,-1566,-391,-4550
-3604,-10152,5108,-4788,2538,-1802
-2916,-14088,9484,-4609,709,-1499
-380,-11436,8664,-872,-1020,-1651
-2268,-11752,3532,-1396,-1165,-914
-3132,-8956,3372,-1784,646,969
2420,-15660,4192,1322,-546,-2361
-888,-14940,8020,-2225,726,2891
-664,-17432,12988,-3512,-1153,4092
1764,-10720,4384,1001,-3360,994
5640,-11012,5288,1318,-4782,-1847
3240,-14076,8716,471,323,1016
568,-12924,7944,-414,866,9822
-4376,-14728,8072,-846,1709,11203
4408,-23820,10916,-799,-4145,2193
-272,-16028,9216,1184,-2477,-1394
1308,-15424,9592,-166,-1906,-872
-284,-18168,10336,-418,-1120,-502
-1564,-13136,4548,686,1697,-1104
-1104,-12324,4324,195,1911,-1186
-1760,-13560,7224,209,2477,-1870
-1580,-12840,5940,-121,2500,-1856
-2444,-11832,5224,-1145,2933,-2377
-3016,-13988,7380,-3000,4607,-5089
-1500,-15480,8872,-3327,3220,-4357
-10144,-10908,1044,-195,2954,-929
-4436,-13756,6688,821,-3662,-1181
-2172,-13712,5456,457,-1104,-371
-1928,-14192,7508,-52,1005,-2452
-1548,-14136,7548,-665,1065,-2051
-1640,-14140,7860,-1152,200,-1265
-1820,-14496,7376,-954,22,-455
-1780,-14408,7400,-344,-9,-539
-1640,-14460,7216,271,343,-801
-1716,-14328,7824,613,798,-1000
-1664,-14304,7616,800,587,-734
