-1788,-13456,8856,-635,-190,33
-1824,-13504,8912,-789,-312,171
-1916,-13456,8668,-851,-441,278
-1732,-13444,8908,-1048,-507,589
-1960,-13516,8696,-1260,-979,786
-1872,-13432,9000,-1325,-1495,725
-1892,-13656,8976,-2118,-2067,1503
-828,-13840,8064,-2368,-270,1541
15840,-18740,9040,5930,3357,-4901
-1008,-18224,13264,1533,875,-2207
876,-10072,5136,469,1550,-760
-2540,-15840,12228,775,-746,-2284
-1528,-15828,10432,365,217,-3469
4,-11768,5020,189,1160,-3127
-944,-14780,9492,-829,1218,-2994
-1400,-17152,12840,-1526,1558,-3782
-2460,-13536,7648,-710,3100,-2774
-2404,-14032,7532,1496,2565,-2139
-1936,-13624,7616,2797,1980,-2381
-1124,-15060,7740,3571,2072,-2506
-1732,-13716,9592,2202,1802,-2937
-3032,-10640,9644,-2317,1460,-3316
-840,-16488,6936,-2698,2947,-2261
-2308,-12748,14096,-3391,1297,-4048
-868,-14876,10040,-688,855,-4249
-1568,-12068,8392,900,-831,-4495
-5108,-13148,2028,-6270,3058,486
-3168,-10752,8060,-11155,1387,2518
-1640,-15668,12224,-498,-3385,-4163
-2060,-13712,12184,-866,-122,-2497
-620,-13240,4380,-4312,3985,2931
460,-13508,5716,91,109,-465
4684,-11376,5292,-287,-814,889
4804,-13624,8740,-1097,-884,411
3088,-14296,9192,-141,-1217,-628
672,-13752,7652,288,584,3373
540,-13656,7832,207,1109,8591
-2564,-14792,7716,649,-781,7415
-1332,-15032,7516,2334,-1342,6190
-1384,-15244,10684,-466,1511,351
2816,-12804,4832,-1483,-215,262
3120,-15500,8172,-1576,1442,-545
720,-18276,10072,-1111,-67,-905
-1436,-10904,3984,-233,4613,-839
-636,-18552,11360,-1877,3493,-3078
-3360,-15640,9036,-127,1964,-2441
436,-17124,8952,-891,2830,-4801
-4736,-11184,7152,-1754,2325,-2998
-7072,-12816,7144,71,729,-265
-4104,-12852,5932,1724,297,1173
-3336,-14336,7948,2732,-190,-156
-1856,-13880,8456,931,916,-2207
-1236,-13748,8340,-1232,859,-1187
-1460,-14204,7776,-1884,271,-448
-1620,-14320,7780,-1436,201,-752
-1484,-14240,7536,-741,690,-1123
-1308,-14128,8116,21,201,-1422
-1364,-14216,7864,204,121,-425
-1304,-14308,7828,371,-99,-215
-1472,-14236,7960,351,-151,-543
-1384,-14040,7956,151,72,-640
