-2108,-14156,7828,-244,-73,-542
-1948,-14056,8016,-459,13,-158
-2044,-14052,8112,-453,-41,33
-2116,-14068,7992,-396,-96,-267
-1984,-14076,8004,-619,-136,-375
-2060,-14068,8020,-758,-83,-264
-2040,-14100,7848,-845,-241,-223
-2052,-14116,7756,-877,-222,-164
-1980,-14132,7904,-887,-467,-306
-1880,-14084,7912,-1223,-678,-404
-1808,-14056,8004,-1514,-1015,-172
-2176,-14448,7932,-1908,-1407,285
-1840,-14272,7528,-1452,-1672,420
-1688,-14312,7708,-1252,-1890,889
-2460,-14564,7480,-1996,-1566,18
-1044,-14168,7740,-2891,-3039,521
32767,15808,-4784,17668,10055,-12593
-5360,-19300,17084,1602,-9686,-162
-2112,-11000,5272,1062,-2114,1739
728,-15272,9984,122,973,-716
-540,-15960,7884,-464,3479,-1917
-4604,-11308,4400,1145,3109,-1519
-2084,-13784,7944,1049,1923,-3099
-1708,-12092,5856,2678,2228,-2431
-2764,-13620,5088,4276,3440,-2784
-3504,-13992,8012,4032,3601,-4238
-1392,-15376,7276,3548,3024,-4230
-1232,-14492,7872,-921,3593,-3755
-3724,-9884,8620,-5102,3869,-5025
-4960,-13084,9416,-4156,3569,-4590
-4980,-11248,10652,-9377,1403,-1759
-1792,-16704,10200,-5735,1105,575
-3372,-12136,10012,-2029,-1816,-189
-2336,-16236,11928,990,-5336,-3832
-68,-16104,12120,-5060,1346,2171
-8,-16332,11412,437,-1702,210
3172,-12320,3564,3467,-115,-3778
3056,-9916,992,-2103,1572,5572
2752,-14508,10352,-1159,-1735,907
3084,-15920,10236,167,-956,-404
1192,-13748,6912,-705,1510,5725
-920,-15264,7240,-1312,979,10631
-1416,-14652,7232,2365,-2958,7795
4024,-17784,8216,-143,-309,-1654
2404,-15948,9112,-1104,868,-1652
1648,-15356,6636,-839,3249,-1093
3148,-19048,8520,1981,735,-1056
-1148,-14080,5148,738,4576,-2482
-1532,-12448,3340,1527,2930,-2089
-3884,-16456,8844,296,3464,-2405
-5312,-13328,6308,306,1829,-2103
-3944,-11356,5404,-522,1983,-1476
-6104,-15692,9464,63,783,-973
-4324,-13876,7392,7,-68,-210
-2232,-14424,7516,107,-250,-1272
-1656,-14336,7632,-701,941,-2183
-1584,-14300,7700,-951,388,-1249
-1548,-14360,7596,-677,86,-491
-1520,-14456,7296,-189,74,-373
-1572,-14492,7472,341,89,-495
-1488,-14280,7564,749,394,-553
-1616,-14136,7896,586,141,-580
-1736,-14276,7880,589,96,-728
-1408,-14084,7732,171,286,-661
-1460,-14176,8044,-188,105,-316
-1484,-14176,7872,-272,44,-502
-1388,-14204,7940,-326,237,-597
-1464,-14168,7984,-296,83,-501
