1456,9812,12116,554,1876,1559
328,10820,12720,1061,1420,802
-104,10352,12652,402,546,840
-400,10332,12976,1229,731,1789
108,9108,11964,1418,911,712
1380,9840,10376,5156,2542,761
1336,12776,11996,7161,3362,1716
-1228,10444,11920,4942,-411,-968
-2336,9844,9932,3864,-1650,-813
-1060,10988,8656,4882,1847,-3519
-3716,12152,9488,2777,4316,-4973
-2104,14348,9572,1732,3667,-3468
-2616,10308,7328,862,2113,-3409
-2944,10036,5248,11285,3853,-6907
3680,32767,32767,-7872,9351,-4898
-6880,13440,5728,169,-1075,-5057
-3676,15508,2336,2337,3123,-5501
-5328,16680,6556,5733,3053,-89
-4992,16108,8116,7083,5475,1975
-10760,12708,9000,6905,2278,-4243
-288,13360,6476,7327,1521,-4195
1744,10548,2452,2556,272,-1326
5544,9832,6564,34,-2252,752
3976,10632,8280,-3238,-3166,1019
2804,11844,10500,-4551,-5230,-50
5232,15508,10472,-6293,-858,5748
5840,14424,3800,-5417,183,10125
-16340,9348,14932,-2212,1690,5508
-18448,13968,13196,-289,3738,-1430
-10132,19152,3908,372,3782,2734
-5688,14052,5160,-2633,-997,15201
472,13428,64,1719,8200,-2171
-8680,9264,4672,3974,9208,-8604
1368,19380,10956,4696,-4686,-2994
2712,16700,7372,7994,-3913,-6019
3364,16632,9508,3628,-7870,-4275
7100,19116,10680,6327,-5990,-3232
4836,10604,10596,269,-5452,-2019
6716,12808,6908,1449,2098,-2218
12844,20104,10768,722,1545,7646
9732,17356,3400,-7433,382,9982
-1136,15784,14436,-6977,-1880,4280
-6660,12164,5520,-7069,-22,5191
-11312,14388,5492,-4916,11794,2868
-22012,12480,8596,-2935,4200,543
-17392,15396,11580,-3082,3464,7519
-9308,4916,4896,-6820,-136,1320
-2788,17328,6928,-14617,-5593,-3855
-716,11144,7016,-16783,-5091,-1449
-880,10812,9548,-11894,-4487,-5431
3064,13680,10732,-14235,-4703,-5661
2260,6376,9592,-11066,-4989,-2745
8900,10376,8912,1165,777,-7380
