652,10048,12116,-445,37,-137
880,9776,12508,-546,-50,-138
1300,9744,12668,-466,69,-167
636,9824,12500,-386,53,-222
872,10192,12332,-519,-30,-125
1416,10796,13164,-2200,-363,-398
1476,9092,12636,-1569,671,357
60,6356,13140,4204,3514,1361
-228,6532,13836,6776,2272,-147
764,10632,12716,6936,5737,532
400,12368,12772,6123,8389,852
744,11272,10692,6073,5466,4307
-3392,12408,12912,6601,6922,3937
-3980,13236,11972,7541,3464,1698
-1692,11928,10696,6252,-2796,-502
-3452,11440,9008,4979,-967,185
-656,10024,5872,5755,1555,-361
1036,13404,7332,6557,3942,-1299
808,14032,7348,5239,4397,-1989
872,12856,5648,6999,4555,-1191
-1852,13760,6308,7322,4784,-5796
264,16372,5592,-2763,6362,-4459
-3732,14856,6320,-1129,-4349,-159
-4964,14416,4644,869,6295,-7501
-9536,14264,7128,-1231,-284,-6674
-5328,13792,4016,-430,-2262,-8150
-2612,17536,5900,-151,-855,-7093
-5060,17972,656,2848,7666,7155
80,15692,6460,1896,-113,2392
-2244,14944,5664,7116,4347,276
2648,18384,10768,6099,-1205,1626
-4940,11700,3756,5810,-4738,-1318
-1140,14824,7532,6827,-4426,-3536
-432,16264,9512,6289,-5534,-1755
-5580,14896,6964,2509,-3527,-1302
-2580,14744,5476,605,-2052,-2583
-4056,15780,6128,1620,-957,-30
-4952,13336,5288,-1874,-230,1756
-4408,14028,6324,-1378,-1025,1498
-1904,14256,6520,538,-1004,-634
-2472,15120,7456,1053,-943,-797
-2872,13056,6696,1272,1537,-2904
-3320,15420,7012,1648,1744,-4144
-6176,14208,7428,-2472,241,-747
-6244,14080,7068,-1797,390,1516
-3072,14364,4488,-2771,-110,1524
-3884,14752,5528,-4028,-2455,2673
84,16156,6040,-4102,-618,4005
-5092,14636,5292,-3375,-6,3221
-7316,15096,7900,-3426,-788,4231
-6444,12672,4688,-5363,18,5571
-5828,13616,6568,-3779,-3329,3266
-3824,14884,5732,-1755,2876,2578
-4348,14696,6672,-3198,-3223,3858
-5876,14796,5904,-3345,-2868,4087
-4636,15392,6000,-805,-1123,3980
-2596,15176,4456,-1124,1150,6201
-3456,12004,3848,100,576,4938
-4492,8588,2376,3430,7601,-3416
-9304,13148,2468,5540,5571,-6990
-2056,11232,-3800,-1097,687,913
-7112,8808,7912,9349,5705,-7309
6916,20796,-2160,4354,-3497,-2364
-9784,10592,6472,12464,-2405,-8530
9104,24532,11964,8921,-11184,-4832
4236,19252,5284,6945,-6460,-3578
-4260,10744,3916,8544,-1917,-5705
-2980,13760,1052,11116,-2907,-5898
2520,20812,6848,10653,-3172,-1336
1656,18028,2848,5409,-4547,-2942
-2336,15460,2940,2020,-2334,-5142
-3884,18584,4424,-1144,-3241,-94
-1720,15936,2732,-2274,-956,2329
-5168,15932,4724,-4669,-378,2429
-5360,14776,5012,-5411,1466,3624
-4404,15784,4880,-7307,2604,3984
-6404,15228,5960,-9906,1182,8562
-7488,12620,848,-8171,3224,8346
-6836,19776,2400,-12039,5609,9272
-7308,14472,1236,-15316,-747,14030
-6780,16756,8056,-14462,-1735,2743
-7944,14728,6664,-16452,-4343,2756
-1204,9608,3960,-11205,-4985,1049
-956,13384,7760,-7701,-687,413
-3604,13836,8928,-12199,-4911,4908
576,6368,7808,-8919,-7125,3566
5964,12712,8704,-3163,-3244,-3305
2172,11716,10572,-2464,9765,1827
4672,12500,11520,-2401,-22,1986
4852,13672,11768,-3130,5109,-367
1892,12472,12172,-3837,-215,-1229
