40,-12072,11848,-610,1122,-1095
268,-12060,11332,-581,943,-559
300,-11600,12012,-625,160,-490
564,-11456,11736,-124,-1618,-327
420,-12396,11568,-86,392,-658
1156,-11560,10908,-357,-1490,-77
212,-11716,9348,41,682,-690
716,-10996,8980,-1039,734,1762
776,-11716,10472,-1556,1670,262
1288,-11756,10912,-2141,3474,278
-672,-11804,11872,-961,-1364,739
664,-11644,11752,-1585,-794,-36
4,-11924,11316,-219,-806,-139
-836,-11256,11044,-850,-1339,1125
744,-12108,10108,-3627,-2162,3463
3576,-11964,8196,-3686,-2386,3060
476,-11316,10236,-5049,-1688,892
2868,-10860,10864,-2255,-3023,-447
6852,-15164,8848,20698,-13035,2231
3436,-14060,12176,8888,-7868,-6560
1736,-14484,8588,2519,2195,-11867
-1472,-14884,9484,-3909,2271,-3507
-10240,-14344,5900,-11640,-58,7311
-2352,-12628,8836,-14362,-2019,17582
7376,-9036,13128,-6114,2999,15089
7928,-11760,16052,7878,-1317,-741
5384,-13336,10332,10016,-11327,-10960
-736,-15920,7336,-4513,4105,-13862
-4476,-15772,8280,-11853,2279,-8249
-5712,-13836,8116,-13740,4738,1273
-3764,-14044,7036,-10821,-4637,11791
3628,-11924,8804,-4774,7920,15634
6016,-12436,11372,6702,1110,7444
3624,-13068,11664,8724,-2466,-187
2996,-16376,10500,-2541,-697,-10108
-428,-14344,10260,-2533,-1584,-5348
1068,-15268,8196,1471,-2610,793
1008,-13440,7008,-1847,4856,-1668
1972,-12792,7244,-94,-796,-3673
-16,-13164,9768,267,2194,-3500
12,-13536,8968,861,462,-1862
548,-14016,9332,494,1082,-1542
