4988,-5960,14224,-140,259,-370
4672,-5404,13960,-444,730,-616
4348,-4852,13652,-1050,425,-128
4468,-4772,13332,-1626,946,-51
4228,-4936,13744,-2094,862,-45
5700,-2880,11616,-3022,2596,1977
6092,-1656,12340,-5873,4611,2734
4288,-5152,13576,-6805,3702,1602
5612,-760,9536,-3224,4558,3193
5388,-5488,10672,-3889,3525,2409
908,-4088,8472,-5853,1514,2899
-984,-7348,9068,-16214,3198,8191
-1116,-14288,17676,-11455,-882,6968
-1864,-12760,17632,-4273,-2503,2105
10188,-11944,7784,-12397,4369,3414
4144,-14652,11548,-9199,5483,-100
5180,-32768,32767,14415,12021,-4007
7440,-18772,9956,-3359,10988,-9458
3628,-15240,8176,-10700,15054,-21281
-3460,-14168,9420,-6194,18691,-13714
-10732,-16088,11212,-5225,16585,-5675
-13180,-12232,9932,-5228,7443,-2618
-12704,-11288,13268,-885,1025,3512
-11936,-10480,14252,-792,-11181,93
-2668,-9824,14564,-1600,-12544,10702
3884,-11788,13776,-1426,-10006,20794
16320,-14356,9824,-1608,-12171,8571
9212,-15176,9880,-505,-4625,7148
15804,-20728,4952,1744,9572,-11282
3616,-15880,3892,2407,11570,-17983
-5848,-17272,5524,-1223,16923,-16149
-8312,-16088,6752,-6961,16300,-18265
-9328,-14256,9248,-3977,12062,-12567
-11336,-13724,8340,-3878,7120,-11984
-8316,-12140,8756,49,-372,-9197
-2916,-13616,11828,3798,-601,-5574
-6132,-8800,19124,-1205,2446,5263
6612,-10052,8904,-1870,16860,21390
2780,-9492,13392,509,5614,23064
-11648,-6116,22016,239,-89,32767
2992,-18804,15936,-840,-5449,17282
-3704,-21328,15664,24070,-32271,-427
644,-12436,6916,17116,-32768,6599
400,-9420,10736,9485,-14775,1215
1188,-9620,14320,5966,-17536,-5384
1764,-9360,11984,11843,-7339,-2569
2532,-5268,11384,7684,-1656,-4344
1032,-6392,13872,7150,-3887,-6644
