-1888,-6868,14520,63,752,-1085
-2052,-7252,14488,-873,-675,84
-1304,-6988,13236,-599,750,-674
-1568,-4504,13584,-795,2167,64
-1616,-2488,11452,-3745,1875,2851
-268,-4108,12300,-5832,-3550,5625
828,-3488,10060,-6250,-5375,5809
6696,-4104,11828,-8672,-3363,-4899
-3776,-9916,15232,-8621,204,-2781
-1532,-10052,14088,-10144,-971,-853
520,-10620,10168,-4360,1542,617
-3656,-11584,10400,-10639,-5121,-4931
1828,-14412,8628,-14752,-577,-5262
11028,-16528,-508,10679,8099,-3053
5428,-18004,8348,-1312,22966,-26441
848,-15392,8608,-6346,17455,-23648
-9152,-14684,8172,-8200,17517,-16855
-7492,-12980,2096,-5691,13276,-7802
-12956,-14280,5284,-1361,6712,-8405
-17104,-14080,9184,-712,-3744,-6822
-13380,-12208,11896,-3289,-18240,10020
-5400,-6376,18812,-8603,-30115,21987
12968,-11828,10904,-6766,-16393,23208
16496,-16528,12352,391,-11341,6856
21016,-20092,3600,4830,-505,-2744
1684,-19116,3972,4298,12706,-9830
4164,-20704,4980,-2260,19756,-26362
-5308,-15936,4412,-4637,24356,-28677
-10964,-11952,-1040,-2779,24985,-5027
-12304,-17232,2868,263,8335,-4534
-10764,-13664,4356,-1010,-1999,-1970
-8740,-13480,9140,1855,-8601,-1597
-9168,-17712,19788,-1256,5605,4727
-1504,-10352,11100,-3023,926,7192
-8340,-10928,7344,-5868,1773,20225
-3224,-11480,9188,-6766,-6489,22906
3344,-14728,17076,-6253,-23899,13644
3588,-23416,18308,1762,-22509,9804
2040,-21532,12104,17678,-22429,9816
1144,-8848,3292,14589,-17053,2648
-1192,-8492,8276,6454,-13219,-3670
2972,-6184,2300,5990,1361,2108
-4508,-7540,9444,6392,3237,-5479
-692,-11336,11228,3542,6039,-6352
-1272,-8452,9828,3486,9468,-374
-5772,-9060,13016,156,2291,-1174
-3764,-8836,10808,2700,2273,-2730
-3984,-8628,11828,3045,4015,-661
-4688,-8720,12708,763,4119,-1466
-4308,-9124,13232,2296,2618,-1581
-3916,-7632,12740,751,3106,1376
-3312,-8212,12444,-392,2034,440
-5076,-8736,13548,2078,-356,-215
-3968,-8460,13528,20,-1225,-300
