280,-11320,12496,-403,350,-203
276,-11160,12192,-330,5,-153
104,-11084,12804,-39,-679,-204
164,-10940,12324,-65,-493,-302
236,-10712,11548,155,679,-609
-188,-11220,12148,-64,-1269,-300
-408,-11280,12444,-188,86,-729
284,-10152,12452,-122,-1526,-561
-612,-10056,12784,601,-1790,-427
-460,-9940,12252,815,-1251,-532
1140,-8984,11864,772,-1090,-442
200,-8876,11816,2063,-2246,-708
-4,-10532,12400,2414,-2799,-311
1916,-10908,11324,514,-1090,1023
388,-10828,15016,2337,-5427,2562
-352,-10496,13580,373,-1313,909
2484,-9644,11624,-71,-1344,1074
4068,-10556,11556,-1758,1530,-1736
3964,-12316,14496,-2120,-616,-4428
7068,-13048,9348,-741,-1446,-4665
2288,-11668,11656,-3803,740,-5535
2412,-11556,10024,-3558,-1763,-2258
964,-11524,13676,-4155,-1532,-3790
1488,-11924,11852,-4462,3278,-1360
1876,-11752,9864,-4933,-729,429
-2624,-11100,12360,-4684,-72,395
836,-12400,10876,-3992,7773,2810
-3120,-11492,12340,-7191,-5937,10620
396,-11812,11152,-4935,6788,8907
3488,-11208,11008,-527,-84,7781
5224,-11272,11852,1708,3422,2614
4972,-12160,14096,-482,20,-1904
6432,-11740,11472,-135,-4356,-5416
5012,-11792,10760,125,-5626,-8635
4016,-12884,9156,-506,-3746,-7717
940,-13512,8748,-3007,592,-6314
84,-13624,9388,-3621,3363,-4214
-992,-12912,9576,-3980,4220,-2242
-3096,-14620,8820,-4731,-735,831
-3372,-13492,9172,-7339,-1959,1706
-2308,-13296,11116,-4505,3710,4914
-2712,-14188,8884,-3324,3177,6243
-292,-12036,10344,-2999,3146,5985
2032,-13616,8392,-1030,3010,3438
820,-12504,10152,974,3509,4263
1484,-14936,9904,1287,4739,3929
1820,-13452,10508,384,1976,2761
2396,-14320,9368,-563,191,737
-40,-13344,9876,354,-1577,952
1700,-13984,9436,-1076,-2788,-1661
-368,-14608,9856,4475,-3547,-979
-552,-14184,9648,4674,-2105,-565
