-992,15780,4128,-300,286,-568
-928,15548,3884,-152,119,-216
-780,15684,4064,144,74,35
-728,16092,4352,-245,-43,-73
-740,16152,3616,-1088,1042,913
-56,15072,3964,-536,721,313
-3000,17736,5940,-860,-264,1925
-5012,21136,11188,-7656,-5640,5641
-1312,16684,7596,-813,-2353,11099
-2052,18692,10976,-7615,-6555,9057
-1440,9956,9040,-12492,-9460,2767
-2140,10728,8028,-13024,-5581,-3144
296,10152,4952,-13836,6494,1210
60,12736,7828,-2287,-6427,-19565
4640,11756,3228,7377,3264,-13269
4452,16668,4496,5910,2212,-9136
-2148,13232,1600,6961,4443,-12787
-5852,32767,32767,450,-2991,-9838
-11384,12428,3856,3378,-5271,-4846
-36,24412,5224,1319,-2230,-3712
760,17892,-1608,1058,3989,3585
-5336,15204,420,4809,2437,2920
6460,22136,9448,2720,2815,2069
7196,13560,6456,909,72,-989
4540,15268,4408,-906,-3374,-3626
5324,15740,5552,-586,-3242,-5128
516,18044,9200,-1100,-1779,2340
3888,14688,5960,-1944,-3070,9996
2512,10424,6776,-3626,2055,473
-364,16356,6012,-4050,3363,929
-5948,17068,8016,-3171,4102,7423
-9980,10464,3600,-1861,10010,4222
-17368,15620,6580,360,1947,-3828
-11088,17420,3476,292,1655,10878
864,14384,-6436,-1308,-2249,-5845
-200,17492,1896,-2032,4262,-3126
212,16764,5248,2454,-1853,-2808
8128,16312,5336,1873,-6417,-3001
6444,15632,6860,1338,-9180,-5789
3572,16300,6212,801,-6646,-5758
3236,15980,6104,588,-3516,-2208
348,14652,8464,129,2286,-64
2056,12404,6896,-1212,4537,-577
640,16980,10120,-2661,2348,1372
-1368,15188,7128,-2902,2934,9815
-3228,10972,6432,-2435,-949,6979
-1688,15048,5664,-1714,4047,4165
-2708,15400,5676,-2895,3108,10256
-4532,11480,3120,-2545,498,3838
-5384,15168,5000,-80,4138,-5801
-4640,16884,6460,374,-1656,-631
-1708,15328,3628,1135,-350,2006
-364,15032,5484,1498,362,4444
364,14848,4740,1050,1075,3328
808,15204,5380,-429,-50,2914
