-256,10104,12704,24,541,22
-232,10140,12252,-395,150,-89
-100,10160,13044,-731,137,-80
-1568,9584,13324,-579,131,239
-1384,5696,14204,-354,-1772,-1714
2016,8088,11680,1178,1419,-1064
-940,8856,12800,9098,3430,1349
-232,9316,12076,11221,4849,1914
-724,13036,12788,4317,6219,724
-3768,11524,11392,5027,6206,993
-3384,11076,11820,9023,757,-1909
-312,11196,9048,7690,1655,-1341
-36,11448,6396,4726,6166,-765
-1752,13248,9512,7635,4261,-850
-680,13008,6832,6793,4844,-608
-272,20708,10472,1123,7031,-5931
-6244,17452,10536,-545,5314,-3437
-3924,14912,5228,4263,1526,-2685
-2164,11060,-232,3856,8560,-8448
-6972,15648,3256,5768,-498,-10478
-7712,12808,1456,2178,1791,-7340
-4612,19424,7812,-2899,-7380,-4219
-3688,17344,8740,6669,19042,-30
-440,17864,9456,5767,-630,-159
2296,16144,7040,8720,-1332,-1726
676,13940,6724,8072,-2341,-4250
688,14980,5288,6944,-5143,-3964
-944,15716,7468,4971,-5512,-2540
-2924,14376,6604,2340,-5048,-419
-1604,14952,7084,1482,-2930,-3105
-4676,14928,8728,1521,-800,-652
-3636,15564,8188,-238,268,5213
-8092,13388,7112,-4440,187,9417
-8892,9656,6408,-6701,-908,8892
-4856,15392,5068,-4126,4531,5931
-8704,13820,5248,-4497,5737,8336
-4868,14836,4752,-5488,315,9649
-5372,15764,5204,-1173,1442,4896
-5628,16576,4096,-593,2451,4907
-5008,15500,4580,-2687,1101,8001
-7752,3608,212,-3396,6951,-2236
-7204,13352,4320,-2356,8595,-6573
-7980,13964,8688,2056,2783,-13168
288,18540,5680,2852,-3038,-5695
4468,19044,8764,10227,-7251,-8789
-264,17256,8184,11024,-7989,-8907
-1092,17004,6012,8574,-7819,-6229
884,14156,2200,10098,-8891,-8679
-612,15944,3776,9092,-7724,-9876
-508,16748,3096,7107,-7579,-6270
48,17708,4148,7044,-4943,-3159
-1144,15692,4264,4384,-2720,-2111
-2148,16808,5064,381,-1865,248
-6428,14800,6560,-3151,881,4529
-2992,15736,4964,-3198,1377,6495
-5660,14432,5044,-4621,4116,7378
-6092,13828,4448,-6478,4890,9495
-8688,15604,4036,-6901,1207,10755
-8632,19328,5328,-8757,-1479,16054
-11072,14972,4064,-11777,-7512,16384
-2668,15752,6816,-13235,-2073,-1243
-1900,14076,4464,-21143,-2026,1055
-1048,9328,5728,-11879,-6440,3888
