-264,15144,5312,-433,70,-76
-16,14880,5244,-465,-74,-115
-136,15396,5028,-275,303,-416
-236,15300,6216,201,102,-106
-384,14988,5444,-19,-48,92
-272,15184,5408,36,26,-249
-1104,15944,6168,641,-241,167
-3144,18708,8272,-1912,-3007,1656
-8456,20660,12756,-11021,-11286,9981
-2960,13496,9792,-3305,-14150,18410
5344,5712,3092,-18214,-15543,-1798
2408,9448,6612,-8007,-4726,-3219
6008,8148,7484,-4111,-4909,-995
3396,8084,4932,2120,2849,-9912
5436,14692,7504,5041,8174,-14526
6196,15408,2876,-2910,-2314,-4696
1716,13580,2840,1213,3005,800
-1224,14808,5212,-1396,9520,-8981
-2784,11512,2456,11502,10301,-11984
-9616,16352,8216,-168,4672,-4475
-7936,18124,5004,7516,807,-12679
-3172,20180,116,6672,4601,-1246
-632,17568,-980,7766,4480,6682
1224,12824,4960,7872,5278,3349
12032,16596,9884,2024,-671,-39
7744,13900,3956,-2527,-3462,-2052
8324,14240,6640,-3896,-6742,-3483
8684,16676,6532,-1605,-744,-3250
2584,18252,9416,-440,85,7504
288,11864,6136,-1338,3816,9854
-7580,12728,6936,-4945,2582,12079
-14088,13248,4284,-3962,2347,5255
-7844,18328,3472,1337,14193,3056
-7872,14396,900,-1147,1991,18271
-772,10952,-6304,146,19011,-14840
6316,27832,14300,-789,-1899,-5319
5060,11564,-1336,3957,-2029,-2725
7296,13976,6820,5333,-6848,-4672
6124,15604,6180,4834,-8806,-6801
4744,16060,5880,8022,-2335,-6229
5248,15376,3972,7303,-565,-3811
-848,16684,6176,4032,3029,-1855
2448,20732,6268,2107,7115,6442
3040,9976,3048,-3327,3187,9476
-92,14648,3124,-5404,3436,-3681
-180,18960,4736,-5913,5311,7961
-5816,12184,7064,-6937,6453,13543
-9828,14076,5404,-5561,4107,-2463
-10132,17172,6116,-59,2364,-2072
-5976,17220,2936,3503,335,720
-1288,16104,2560,2715,-497,3413
876,15220,2744,53,-272,4026
1032,14888,3348,-1061,1960,1775
160,15784,5124,-2346,29,1359
576,15616,4808,-2182,-882,1777
596,15140,5532,-970,1059,798
868,15340,4872,-90,330,-198
440,15472,5412,395,-599,-958
-200,16412,5240,411,-702,-673
-200,15516,4528,84,-932,-79
136,15656,4516,238,57,-176
