-1920,15388,5828,-160,246,-512
-1772,15284,5312,78,108,-354
-1240,15164,5336,153,441,-791
-1572,15232,5716,736,945,-1554
-1784,16240,7852,489,597,-3381
-5496,19052,9968,-9489,-10247,-3324
1580,14356,3816,-6561,-12787,5747
-2132,11748,8580,-6621,-3839,4524
-1100,14216,11308,-11217,-1347,1832
-2248,14112,13536,-20931,872,13565
-3796,6092,5900,-13547,2586,3308
-2048,11604,8996,1877,-507,2785
296,2784,15256,-3024,-5936,-7005
3516,10444,3916,1767,-382,-8143
652,14532,6532,11846,-1306,-4832
-100,15664,5592,9131,4928,-10627
-1816,30992,10892,-2034,5387,-3839
-7404,12060,4264,815,994,-211
-8116,13288,2980,5913,7511,-10749
-6060,15172,4760,6242,4906,-1364
-548,13644,6072,5595,-1168,-4107
-1400,12244,6028,4601,480,-3153
1824,17020,6980,-14,-8599,-1249
2580,14412,6260,3731,-5404,-5988
2716,15648,7316,5648,-5061,-8447
2540,15796,7116,5148,-1906,-7537
-68,17840,7620,3129,1087,-2629
-1912,16252,6944,484,4662,3459
-7004,13832,7964,-2944,3331,5058
-5776,13472,5008,-4613,5687,6675
-8424,13500,5164,-5223,4031,5916
-10592,13952,5412,-1974,6516,3348
-13468,11936,5260,-893,3779,2283
-6948,16424,5620,-3978,617,10642
-3064,13888,3584,-6212,-402,11812
10052,11000,-10276,-4,8482,-6147
-2836,16480,6880,704,-1023,-7190
472,15632,3780,2487,-5546,-6165
644,18124,7952,3539,-6863,-4715
140,14360,5288,3562,-7194,-6095
224,16032,5692,2152,-7254,-7652
84,16388,5816,4083,-2153,-7039
-1708,16200,5120,3347,-723,-4548
-2548,15212,6060,3071,5,-3557
-3048,15740,5464,3150,1568,-2917
-3248,15100,5084,2194,3015,-933
-3560,14856,5576,-347,2322,658
-4048,14532,4732,-2291,2505,1648
-3012,15868,4408,-3509,3086,4209
-4096,13372,4032,-6031,2333,6434
-6300,14032,4248,-4977,4965,3398
-7492,15244,6236,-3946,3021,4062
-8088,13364,5372,-4467,678,5539
-9204,11672,3968,-644,-322,-1607
-6304,16292,5784,1794,1227,-292
-3684,14744,4180,642,-412,3250
-2424,15056,4372,-499,-684,2996
-2428,14708,4736,-1174,-102,2236
-2664,14792,5376,-1296,612,1169
-2744,15028,5820,-829,483,845
