128,-11848,10628,31,-73,-116
596,-12080,10580,-57,-246,-54
176,-11556,10784,-315,228,-435
-484,-11948,10500,-415,766,-457
-580,-12008,11500,-223,-22,78
-392,-11676,10788,-162,-292,41
-716,-11948,11396,-460,-743,30
-864,-11760,11444,-479,-872,527
-924,-11488,11380,-511,-932,1202
-1176,-11280,10228,-1055,58,2147
-1196,-11296,11044,-1182,508,1950
-1392,-11252,11068,-663,-842,2477
-1360,-11320,12096,-585,-2567,3443
1500,-8728,29552,56,2492,4355
3168,-12116,11752,4312,-2571,595
6532,-13256,11456,6381,-1609,-4691
4856,-13504,12596,5398,-9113,-10330
2484,-11500,10464,-1553,-6405,-15612
-856,-13652,8988,-2235,713,-10191
-3576,-13884,10412,-4475,4773,-3158
-4416,-12020,10256,-8514,993,7004
-1068,-12124,10072,-10539,7738,13618
5684,-10720,11680,-9497,6381,14505
12996,-11128,14100,1261,1267,-236
10284,-11736,14424,5122,3670,-20101
2212,-12580,10020,2394,3741,-18295
-2540,-15476,7556,-2695,8157,-16858
-7824,-10764,1044,-14222,-22499,-63
-9056,-12352,7136,-6285,-1394,8252
-4660,-12508,10224,-6202,4467,12243
-204,-12708,10072,-6701,9004,18879
9144,-12672,15772,-2033,3360,10352
5952,-15792,14908,3061,-1986,-2020
-248,-17456,17364,6982,-9976,-5450
6328,-13652,2516,9470,4672,-3561
-2068,-11268,7452,4932,-1237,-4118
-1732,-10468,6348,2601,-2813,-3087
-2440,-11540,9564,2088,-4328,-352
-1760,-11924,9524,724,-764,-135
-988,-12780,10876,-517,1286,-799
-1024,-12472,11268,-531,1275,760
