-5812,-18140,4556,-35,397,693
-5100,-15740,2240,-713,203,-731
-6064,-14864,2188,94,-242,552
-6148,-15224,2584,997,-958,37
-6188,-14416,2528,2417,-1608,572
-4672,-15156,1400,880,1,1641
-5920,-15464,2476,713,183,972
-5264,-15276,2696,693,-790,1420
-5884,-15764,3156,305,-964,659
-4964,-15932,4884,2413,-1602,-664
-5060,-15152,3008,8047,-4792,-3699
-4360,-15636,3396,5332,-3603,-2840
-4284,-15652,3452,5055,-3003,-3702
-3240,-16384,4672,6389,-4588,-8593
-3336,-14316,3344,3197,-2727,-7653
-4020,-15800,3124,-275,-580,-6514
-3168,-15292,3468,-2802,-1783,-4952
-3700,-15464,2868,-3044,1406,-2305
-3580,-15976,3872,-3418,2910,-2865
-4020,-15708,3284,-3443,4322,-2163
-4280,-16072,3496,-4445,5015,1049
-4556,-15296,3680,-5985,6199,1889
-6376,-13804,3752,-6309,3059,5283
-4056,-14084,3632,-4371,1609,6245
-4008,-15120,4120,-2743,-410,6561
-2432,-17028,5332,132,-2147,6384
-1676,-17204,4896,1256,-1740,3995
-2512,-17336,4292,1394,-3085,276
-800,-16216,4744,1997,-2941,107
-2192,-15672,4760,2798,-5354,-3887
-832,-17008,5476,5364,-8975,-6525
-3016,-15328,4836,4547,-8164,-7383
-1864,-16020,4092,3272,-6568,-8345
-2820,-15160,4564,759,-3257,-8484
-3728,-15612,3156,-1896,629,-7016
-3736,-16012,1860,-3580,4172,-6210
-4464,-16228,1656,-5394,7761,-5218
-6276,-16536,900,-6384,9174,-4810
-6852,-15312,1360,-9349,10795,2227
-4248,-15512,5376,-10245,7922,9771
-3716,-15968,8404,-5923,-2172,9182
-1336,-16640,5036,-1913,-1114,6017
-828,-16216,3588,-39,-914,7124
1040,-16980,3064,-350,-1648,4587
-696,-17236,1096,721,-2646,184
-3136,-16372,1392,-161,-1109,-1546
-2448,-15356,1076,-1210,190,300
-3352,-15428,1832,-969,-42,1459
-4192,-15832,1772,-529,-232,1976
-4312,-15736,1384,-404,238,2057
