236,-13600,10088,289,907,-198
936,-13716,9640,396,531,279
76,-13432,9400,345,833,118
1008,-13644,9832,453,537,133
-56,-13268,10108,408,430,65
-40,-12880,9568,152,96,632
464,-12396,9420,20,-48,814
1044,-12836,9532,167,-30,802
-352,-12576,9688,-145,-38,142
-1368,-11840,9124,80,420,1454
-1284,-12556,9292,875,691,2661
-640,-12320,10200,1307,681,3173
-1012,-12528,12308,6233,-2918,7166
668,-11888,8908,4369,132,5328
528,-12804,9912,-1636,375,887
1972,-11404,9600,-1057,-1506,696
4080,-16580,11528,2802,-2875,-395
3948,-13256,12744,-1457,-1014,-4725
5024,-12440,10452,123,-5142,-10172
-392,-13512,8300,871,-3248,-11177
-1904,-13720,8144,-1867,2177,-5399
-5540,-13980,9540,-6987,7855,-385
-5352,-12468,11612,-11301,-926,7249
-3252,-11872,8608,-10322,6557,10031
3720,-11332,13692,-5701,-667,8487
4848,-11168,13824,987,2721,-3288
8988,-12736,11844,5558,-5917,-10428
3872,-14388,6288,3604,-385,-16165
-5432,-14736,6596,-2801,-2605,-9880
-6676,-15900,5760,-4990,4363,-1610
1452,-13732,6036,-10088,-1410,4406
-1664,-15060,7928,-12956,1299,1935
-1936,-13828,7460,-11587,-871,7274
2452,-14920,10508,-4237,9057,3887
-1912,-15380,11272,1923,1377,603
1720,-14360,9492,-1469,-1228,-889
604,-14908,6600,-1251,-1537,30
-148,-14940,8272,-474,-97,-2258
-276,-15564,5948,810,-240,-1704
-1596,-15984,10888,-353,-409,675
520,-15288,10400,2963,-3299,4058
720,-15276,9628,4288,-3430,1393
