652,16080,3896,21,243,-340
320,15660,3556,231,81,-468
372,15540,3756,778,227,-564
236,15640,4200,893,-78,-1135
-128,16752,3984,1311,-129,-1440
-2844,20604,11176,-3931,-3894,862
-1968,13004,4148,-18059,-18861,5212
-8012,12900,8640,-8156,-13031,5886
1520,11032,6908,-25457,-7880,132
-1848,6924,5756,-13063,-5888,93
5472,14084,7856,-11003,3033,-1636
-936,9356,7616,-5268,-4870,-8159
888,14332,7204,5993,-3854,-8236
4908,12056,3852,-1793,8192,-10615
-1780,13844,4440,9942,6735,-11236
-5612,21988,3112,-3808,3877,1461
-5304,15500,4256,2292,1480,-9309
-6920,20028,6852,5940,5071,-4911
-6436,12820,1392,4964,2610,-976
-284,17176,4516,5059,4939,-1653
632,17764,7272,4778,2577,202
3652,13852,4072,4793,-3418,505
6716,14584,5696,2324,-2538,-886
7036,14396,6188,2744,630,-4705
4176,15352,7104,793,1160,-2808
3852,18980,8588,-1298,6311,3709
-880,14428,6624,-2719,4822,9963
-1936,12536,7088,-3861,3288,11852
-11076,13256,7580,-5041,2818,8053
-12896,11956,3900,-2897,5602,42
-12428,20408,6772,-654,3308,1783
-22796,748,-1636,1591,-1101,-47
-6488,14552,2108,1641,14722,-13164
2908,22864,6580,1823,3287,-4707
3804,14060,3760,2458,-3544,-3895
4388,14264,4680,2946,-6011,-8496
2920,17140,6532,1760,-7514,-6873
3376,13876,5668,985,-7025,-3466
1932,17000,7728,1718,-1503,-2092
784,13676,8268,-503,2803,-1071
1532,16488,7816,-2641,8097,396
-2524,19972,9316,-3184,5923,9183
876,15132,4300,-3098,5735,14959
-3904,12104,6428,-3918,3502,7206
-5384,14664,6592,-3795,2554,4386
-6076,14936,7128,-3265,-1458,3757
-7332,14068,4816,-443,2395,-1928
-4708,17468,6064,1617,628,-2608
-2148,15428,4564,2776,312,664
-1388,14880,5252,1560,-717,2563
-124,14768,4708,761,-76,2239
296,14520,4856,414,598,962
-908,14976,6004,449,499,510
-964,16288,6308,1015,411,1152
-428,15548,5616,220,18,1361
136,15012,4928,470,255,951
-316,15044,5656,325,388,310
152,15276,5388,511,13,549
8,15800,5940,907,-162,232
