-4144,-14360,6984,-899,-399,-203
-4204,-14200,6628,-633,460,-383
-4092,-14132,6900,-573,-130,-501
-4240,-14052,6632,-542,-384,-383
-4416,-13956,6436,-489,559,-180
-4324,-14068,6828,-526,-217,-281
-4140,-14208,6676,-241,456,-184
-4092,-14168,6772,2,314,-90
-4232,-14240,6552,-220,-74,-98
-4336,-14020,6820,-234,322,-179
-4256,-14216,6904,-58,327,-330
-4236,-14132,6960,-141,105,-533
-4272,-14152,7148,-377,-501,-594
-4228,-14008,6988,-552,-554,-526
-4264,-14388,7344,-292,-1214,-784
-3972,-14352,7316,-332,-1231,-874
-3728,-14696,7872,414,-608,-655
-2820,-8112,-3512,4189,12564,-10829
-1440,-14716,8024,2340,-5157,-8320
-852,-14688,7316,938,-5698,-5840
84,-15252,5864,-1090,-4641,-6362
-1656,-15672,6316,-3214,-1175,-6461
-2004,-14260,6676,-3468,-34,-2739
-2228,-14496,5048,-4705,230,-937
-3208,-14784,5764,-5000,1068,-730
-3732,-14972,5624,-4500,2302,-264
-3808,-14372,5448,-4311,5556,2390
-4552,-14868,5752,-4479,7880,3155
-2540,-14772,5352,-3765,6755,2904
-3508,-14684,6744,-1941,6372,2077
-2020,-14784,7912,-748,1228,2240
-2360,-14200,5784,-630,1005,3807
-1884,-14664,5540,-1625,1813,5985
-744,-16652,6856,-761,1385,4600
-312,-17716,6212,-34,-1109,-710
-2192,-15352,4296,164,-651,454
-3048,-14272,4160,-805,-744,1678
-3312,-15384,5100,-930,-2355,1641
-1544,-16156,6036,2099,-3083,-6191
-1300,-15128,5088,2071,-4759,-6587
-1744,-14752,4300,691,-6593,-3607
-3356,-14508,4004,27,-3718,-3232
-2672,-15516,3800,-713,-1066,-2787
-4144,-15320,4052,-1198,530,-1731
-3492,-14980,3704,-1088,2924,-1371
-4408,-15096,5520,-1215,2634,-1463
-3712,-15820,5424,-1535,6327,-2323
-3680,-15488,4940,-2433,6637,-1505
-4480,-14656,5848,-3324,6208,-958
-4196,-14460,4600,-5106,3132,1826
-4416,-14260,5616,-4986,3762,5584
-2712,-14844,5348,-2844,-149,4731
-2300,-15816,5352,-1497,-365,5809
-1824,-15288,4944,-2723,1277,9070
-1136,-16956,5468,-2421,95,5467
-2120,-16988,5036,-274,-1927,547
-2816,-16576,3516,-105,-1083,418
-3944,-15276,2828,-556,-94,738
-4588,-15060,2716,-345,170,182
-5048,-15312,3220,-242,440,-101
-4720,-15060,3592,-184,299,-378
