-160,11980,10460,-343,-510,-122
-288,12140,10376,-409,-118,-119
48,12148,9772,-431,-550,-339
-924,12004,10468,-368,257,-275
-348,12088,10380,-525,-213,7
-48,11544,10920,-314,234,-571
1772,14016,10064,-1449,3120,1079
-1848,10796,13156,-6538,2767,1765
196,10284,12892,-4055,1028,1998
1832,9172,12140,-3035,4977,4771
724,11572,14132,1597,6390,5191
2836,11296,12704,3706,6759,7128
-3552,12416,12716,8689,4474,3497
-2912,12876,9600,4682,-4553,-1569
-2056,7736,7056,5270,-1411,2255
164,10536,3576,6733,2247,-2479
-1560,12872,7648,6964,7876,-3263
-2564,14760,6812,5150,6270,-2616
-2384,12520,3896,10036,2851,-159
-4656,13352,4408,11973,1489,-3919
-7992,18256,8948,-5139,1518,-5883
-5544,16396,4924,860,395,-6798
-4084,16956,4488,3037,249,-6644
-80,18420,2016,1665,2929,1988
2516,12280,-788,4414,11480,4392
-1000,13480,11000,2583,-5901,-2274
1812,11868,4216,3032,3658,1926
1100,10892,6484,1673,-296,-158
4052,14036,6828,1077,1174,-3663
6316,16796,8292,1695,-6099,-3200
1380,16960,11812,-3775,-1842,4570
6992,11528,6952,-6931,-4405,11305
-1084,10772,7820,-4133,3845,1454
-11004,16068,11564,-4665,6801,4170
-11036,14268,4380,-4207,1233,9841
-10784,20460,7316,2247,3196,-1617
-8944,15404,5468,-4664,-1025,10943
-3716,10348,-6700,-5546,691,-1470
-5556,2236,-16632,1368,14565,-8069
3524,21300,3956,2488,-2757,-2341
11948,28808,14916,4967,-548,-696
296,6968,3992,2524,-4309,-7930
12572,19296,8344,-292,-8484,-404
5788,11360,11292,-923,-4152,-3597
4872,7792,13524,-2218,3429,464
9628,15328,11276,-3362,2145,9355
676,13668,3188,-8525,6474,6738
-616,10856,9688,-7856,1279,7210
-1164,15076,8012,-3647,-351,11441
-11876,13728,9788,-3146,7261,4719
-9216,17356,7384,-3089,61,6432
-8572,12760,5900,-1962,-1284,3248
-3204,17892,6556,-4737,-633,640
-5748,15896,9012,-13746,-6645,-1714
-2184,10796,8176,-14322,-8077,-3894
392,9908,9748,-9761,-6725,-5728
3204,11760,10212,-5880,-4676,-4330
1396,9484,11648,-7876,-7786,-1582
6892,7824,9172,-3452,-4787,-3211
5116,10340,10560,-644,1575,-3007
1852,10240,11416,-70,328,-766
