4736,-4776,14300,-2380,771,-1301
4748,-4896,14964,-812,838,-763
5548,-2460,12380,-1573,2122,721
5620,-4004,12316,-4450,4494,-1664
1120,-3892,13256,-13007,182,2142
5988,-8388,15016,-10766,-2472,3740
3980,-6368,13108,-4275,-574,3192
3588,-8252,16624,933,-1532,5407
3796,-8052,13116,-3773,2113,5656
2844,-7676,12056,-3807,-4973,3050
5180,-9032,13684,-6979,-1706,4382
5968,-8336,13216,-3842,-354,3452
3504,-5728,8964,-8779,-2684,1695
3176,-9636,11588,-10592,-3733,57
3812,-12148,10564,-13225,4668,626
8436,-18460,11452,-16839,8195,-2754
8268,-16020,4984,-13771,16121,-7973
7736,-17280,5640,3222,17457,-10560
-1312,-13308,7652,191,14668,-9619
-3436,-12608,10916,-383,14794,-4145
-7380,-14768,12508,322,7501,676
-8660,-13248,11160,-1893,3944,356
-11948,-10384,12116,-2795,-1756,-2346
-6464,-10736,13664,398,-8898,-1723
3980,-8904,13320,2892,-6769,5289
13412,-15908,5116,2256,4417,17631
20124,-11456,7336,-1105,307,10541
13604,-12868,8324,-2147,-4384,3524
9600,-14348,7872,822,-635,4587
10532,-13868,5240,293,6796,-13253
2548,-18464,5684,-302,14604,-15172
-5296,-14516,9296,-750,18295,-8530
-6468,-14924,8248,-5902,14010,-12287
-10712,-12060,11164,-4846,8899,-10735
-8200,-14244,10908,-4219,2601,-6560
-6844,-12164,10232,-1988,1354,-6860
-4172,-11948,10988,-549,864,-5468
5476,-10440,6492,1016,15477,9074
-1544,-7976,15312,-3760,-5060,5245
416,-10744,13184,-467,-2233,13927
-2548,-10408,13528,1816,5223,32280
6400,-13916,12952,-1425,-4774,12159
4064,-18308,16196,78,-11326,7012
992,-17940,14588,7795,-19684,7322
2872,-13328,8564,10342,-15926,-732
-1888,-14160,12520,14697,-8491,-2923
-752,-8960,9036,19790,-17847,-5044
816,-10232,12544,18736,-12965,-8575
