1016,-10780,12404,-11,133,-182
1172,-11276,12704,-453,487,-203
924,-10696,12416,-412,213,-18
964,-10708,12076,-208,7,-177
1004,-10688,11880,-329,-41,-205
944,-10816,12628,-367,368,-356
320,-10152,13152,100,1061,-397
1460,-10280,11616,-168,349,-25
988,-10076,11240,-385,332,148
472,-10708,12068,-4,201,50
516,-10720,12996,-58,59,236
496,-10652,12628,84,-286,170
1120,-10352,11832,43,-471,30
1060,-10164,11408,141,-313,-307
1604,-10108,12636,337,-603,-1298
920,-10860,11612,43,-411,-549
84,-10508,11356,-638,-274,1370
3524,-10188,12460,-1952,664,2823
212,-9808,12056,-749,-2629,1057
1696,-10684,12016,-1153,195,-913
5444,-10352,8752,10404,-7135,1830
5520,-11752,12632,815,-1085,-5466
2632,-11248,11424,-1955,774,-9200
-1012,-11020,12432,-2756,1189,-5636
-3064,-11876,12284,-3809,428,-1131
-1884,-12216,10224,-4911,2017,1515
-812,-10420,10436,-5387,-136,4750
-2188,-10772,11400,-3422,1626,8693
3240,-10608,13708,-2542,3833,8843
8608,-11212,12576,1278,306,-2921
9476,-9904,9828,2305,-3323,-8943
3788,-11372,10844,-1159,-2462,-8489
-564,-12928,10424,-5119,-215,-6149
-844,-12800,8164,-7879,2378,-3199
-3088,-12744,10524,-5645,-800,985
-3564,-13340,8956,-4731,2869,1623
-2700,-12072,10476,-4116,2748,6864
3292,-11484,9840,-930,4259,9719
3240,-13076,11564,2296,2598,4532
5696,-13812,11200,2604,2436,-453
3368,-13236,11224,2207,-97,1151
364,-15556,16484,4369,-4767,961
1256,-11804,9536,7770,-2065,-413
-1428,-11200,10496,3115,-3068,-967
