276,8520,13688,84,36,-218
884,9000,13096,220,-70,-200
528,9288,13420,-359,391,-203
676,9284,13048,-263,61,-132
464,8972,13300,-323,160,-78
564,8884,13400,-201,122,-129
572,8852,13284,-192,248,-173
688,8792,13560,-39,137,-40
780,8960,13600,492,20,527
556,9344,13400,853,556,415
1216,9616,13048,890,325,1057
3172,8980,14140,-213,2256,4544
1172,6364,12284,7039,4084,6473
-1296,8856,11964,9311,4925,4785
64,11152,13272,7198,3464,4092
184,11128,13804,5676,2003,3697
-1264,9892,13892,4848,-416,2795
-380,7996,12456,3905,-778,1474
-1100,9692,10152,10064,-2625,280
668,11816,10156,9456,3271,-2350
760,13172,9192,2092,7308,802
-412,14028,8788,4541,5941,885
-524,17308,9808,2932,2092,-1404
-568,13780,7668,-593,1929,-799
340,11632,7164,202,1778,-1154
-448,11996,7952,2517,833,-2457
24,11952,6260,3173,4769,-4055
-772,14184,8128,4174,4607,-5215
-1260,13440,7124,5312,3571,-5030
-416,12392,2120,7635,7447,-9159
-4952,21416,9712,-579,5198,-2827
-1340,15940,4332,1679,381,-5783
-4936,14484,4632,5032,-755,-6323
-2664,17468,5568,5329,-3730,-814
-1656,15504,6828,4138,-2872,-1882
4396,13296,2852,4616,-10052,-1550
1836,18492,11560,5524,-11061,-3298
436,15988,8776,4067,-3569,-2116
3528,14800,7172,4221,-2213,-2489
2208,13796,6976,1867,-4960,-2744
860,14796,5908,872,-1589,-4263
-2328,14776,6560,-1097,-2418,-2925
-1552,16412,7984,-2373,-2215,-81
-7476,12728,10048,-3099,668,476
-4888,13712,8340,-4664,-840,2545
-3964,15152,7632,-5556,2838,5987
-5460,14844,9648,-6026,4207,9649
-11584,11244,4312,-4632,7275,10356
-9204,15224,5164,-3043,4837,2423
-7404,19904,7980,-4790,5339,6410
-6396,5868,3220,-1045,7312,3175
-1952,15464,1680,3743,6758,-6692
-3220,17964,6428,758,-1144,-1469
4292,16680,-2916,3931,365,-4192
3768,18964,7664,6469,-4096,-5847
3516,15768,4220,5233,-9136,-5820
-2536,13748,3720,5218,-6887,-6572
4976,14276,5496,4955,-11591,-6522
2072,13980,5564,4773,-7717,-6147
772,15164,4972,5740,-2780,-6813
-4248,17836,5248,4080,1043,-5215
-2576,15968,5400,2830,1727,-707
-3736,14352,6908,713,-505,573
-1500,14372,5240,-942,-214,-814
-1544,15584,5608,-3822,835,1478
-4676,15388,6764,-6390,1633,5064
-4672,13060,6772,-5013,4060,4649
-5824,14960,8424,-4822,1897,5755
-4848,15928,5860,-5137,2714,9431
-2636,13368,3804,-4492,-1489,6263
-1388,18224,5816,-5797,-1070,8988
-8088,15956,5788,-9316,272,8548
-1468,17924,8116,-10169,-1978,6050
-4776,16860,6876,-21228,-8128,3925
-3156,7584,6444,-18953,-5965,3306
-1456,9820,7716,-9965,-1843,130
-1584,13984,11844,-13211,-3480,728
