-4944,-15040,4312,327,525,-112
-5212,-14644,4080,141,251,-100
-5040,-14696,4104,-214,313,-177
-5260,-14940,4464,75,191,-207
-5276,-14744,4304,260,90,-313
-5268,-15160,4896,731,56,-473
-4932,-15084,5064,1985,535,-544
-5300,-14560,4236,1830,-34,-538
-4692,-14516,4800,751,-164,-215
-4912,-14644,5132,-108,-285,471
-5264,-14464,4616,-516,-184,670
-5380,-14508,4548,-686,-74,406
-5256,-14728,4808,-741,158,-30
-5360,-14660,4992,-490,163,-46
-5100,-14828,5252,164,-392,109
-4404,-14968,5576,1106,-424,359
-6876,-15340,7092,5450,-1612,-5228
-4576,-15160,6288,5908,-6248,-7391
-3300,-15832,4008,3656,-3116,-7711
-4248,-15200,5272,-1216,173,-4183
-4344,-15220,4432,-3646,1529,-2621
-4892,-14436,4488,-4133,1569,-1102
-5120,-14004,3524,-5656,4779,558
-7748,-13584,3668,-6963,7166,4460
-8708,-13552,4480,-8917,3427,7792
-7640,-14484,4936,-8845,2484,10794
-2792,-14404,4024,-5639,-1505,9937
-852,-17644,6676,1505,-5428,1691
-3732,-20368,7016,2851,-4961,-2738
-3244,-14096,3608,2209,-911,331
-1524,-16184,5572,4289,-2333,-6246
-2832,-16420,5092,6555,-8582,-9834
-4860,-14872,3396,3411,-7668,-9878
-4876,-15008,2700,27,-2140,-6978
-5180,-15348,4008,-2185,254,-5194
-3940,-15700,2812,-3044,4010,-4624
-6100,-14960,3684,-4895,7171,-3085
-6044,-14548,3240,-4463,9062,-2678
-9024,-12980,3548,-7200,8408,1399
-7396,-14508,3660,-9150,4418,6942
-5296,-16536,5708,-7777,185,9173
-3512,-15968,5004,-3666,-1044,7905
-2272,-14668,3748,551,-2174,6044
-4084,-15972,3400,672,-2868,4631
-2460,-17516,3148,-20,-2412,2257
-2056,-16944,2528,-469,-550,101
-4368,-15204,1932,-386,-677,924
-5068,-15068,1888,-646,-136,987
-5624,-15372,2228,-223,525,374
