60,-10808,12452,238,-1685,-52
300,-10116,11304,225,-1338,945
476,-10928,11404,31,-924,589
56,-11004,11860,439,397,657
-1240,-10696,12716,1381,1866,-16
1176,-10668,11368,-538,29,572
-508,-10724,11992,302,-877,-57
-276,-10504,14084,-448,845,-614
756,-10336,11864,270,-931,81
-56,-10364,13024,739,-97,-4
696,-10668,13448,369,-1360,119
444,-10872,12900,791,-1688,272
196,-10620,12544,912,-1106,449
432,-11124,11680,1284,-1491,162
296,-11236,12812,989,-1210,-380
344,-10284,11272,998,-1844,474
-548,-10328,12544,764,-1580,922
544,-9652,12160,693,-251,-48
900,-9736,11996,1323,804,-211
1252,-9804,11896,1665,1388,-495
928,-9928,12128,596,1193,-2053
3520,-10860,12984,-1658,32,-5162
-2820,-17636,21224,4959,-4610,-1029
808,-11288,15656,-355,-1750,-6047
320,-10472,13932,-3457,1013,-6971
-1668,-10400,12012,-4387,186,-2673
-2492,-11684,11704,-3365,2084,-1556
-7672,-10740,9976,-6222,2838,6465
904,-10664,10104,-6618,25,12197
2480,-9664,12272,-4712,2932,10296
7204,-11396,13588,1033,-1668,1160
4924,-11216,13772,2755,-3160,88
2680,-11472,13192,391,-3536,-8673
2668,-12256,11220,-1982,-696,-8268
-1100,-13284,9928,-5385,1603,-8148
-3400,-12420,8748,-8083,-370,-3069
-4016,-13264,10488,-7416,586,2975
-784,-12892,10740,-3690,7385,3688
-2548,-14176,10652,-2632,6546,7056
-600,-11432,12840,-2437,5751,7714
920,-11780,11980,199,3498,6831
3916,-13456,11512,3993,2902,5257
1632,-14712,9404,2106,411,-728
888,-14240,11912,544,-3187,-70
1560,-12264,9788,-525,-3432,-1782
-1460,-13700,13448,6885,-7263,2431
92,-10976,10912,5002,1063,-589
-2048,-10164,9772,2647,-2417,-2041
-2460,-11592,10580,1738,-1323,-2259
-1412,-11228,10440,-32,-554,-2179
