1064,13740,7948,-253,90,-279
456,13912,8088,-160,278,-243
756,14516,8216,-206,-155,-48
1096,13544,7668,-35,183,-251
216,14252,8960,65,790,-600
404,13848,7676,-498,-447,-102
376,14088,8228,-454,-465,-66
212,14428,8536,-569,67,-60
-772,16096,12808,-3089,-1866,169
4812,13824,7144,-5342,5336,8996
-6756,16656,17220,-11934,-6625,4782
2176,11464,12420,-9023,-5056,-4018
3112,11316,11088,-3067,-3042,144
204,6772,8980,583,-1648,-336
936,6768,8480,-1434,-2682,-2814
1160,11140,8428,-77,-3466,-2013
-2472,10412,8548,1795,-3210,-2334
568,7268,9352,6249,-1924,-8872
2448,16436,6024,3499,-2744,-7657
732,18092,4248,11818,2896,-8772
-1116,14996,3064,10298,5144,-7797
-312,19612,6536,-439,7349,-588
-5796,15592,3644,1693,2292,-6298
-4404,14740,-1476,3311,5358,-1835
4060,19248,-2412,1612,-1180,1431
4092,20408,1672,2436,585,222
6872,19672,4484,830,-1520,2623
3572,16876,9864,2351,-4874,-2700
13180,17832,8404,29,-9422,-2789
5548,15816,8384,-334,-6657,-2267
12032,14180,4108,-998,-5196,-218
7260,12520,9512,-1839,2519,59
280,17416,13208,-3649,5006,2154
-3868,10716,4956,-3408,7341,3940
-1688,15276,8156,-3342,5141,10337
-9100,12020,6072,-1498,8942,3651
-18052,15440,9892,-1048,6610,2841
-8360,17500,4444,197,10054,6667
-29408,5632,9488,4793,7984,-7597
-10772,15004,5724,669,885,-6316
-6268,14888,6636,1305,842,-7608
10520,20660,7588,2983,-8977,-3171
-1464,12760,6736,4722,-9094,-11044
3780,15912,8736,3504,-6706,-5328
8276,16476,5824,1332,-2381,-2396
7172,12784,5064,-108,3276,271
8632,15556,5832,-576,6959,4523
1976,15140,5632,-3631,9610,9549
-8264,9904,10356,-7890,3070,7221
-4060,13064,5432,-6955,-526,3697
-9500,14348,7856,-3801,1013,2405
-6856,13380,5652,-3020,-2446,2318
-6812,17292,7120,-933,1021,-2367
-2024,15224,4296,423,-453,158
-700,14536,6016,1559,3242,3206
124,14328,6380,-728,1451,3794
1096,13960,7140,-303,2338,2128
792,14096,7928,-432,1238,200
584,14036,6972,-1270,-925,-2
-496,14612,8132,-1001,-503,-465
-64,14468,7292,-1333,-962,-208
-240,14252,7152,-809,-929,-41
