-172,-10320,12320,-497,-44,8
40,-10192,12416,-533,135,-305
68,-10336,12472,-402,-172,85
-104,-9912,12724,-116,-851,-85
1244,-10200,12208,-692,-143,-231
-80,-10796,12544,117,-1011,207
596,-10324,11756,-469,971,-326
636,-9868,11716,-1032,865,-749
-308,-10652,12116,-1148,471,-259
-1068,-10732,12372,-1630,1483,3092
1688,-9252,11000,-512,801,-74
4580,-9796,10996,605,-249,-2309
5120,-9780,8452,7210,-7382,-452
2300,-12364,13144,2670,-5213,-4888
3008,-11208,11800,-2428,-287,-9048
-592,-11520,10888,-3420,-2109,-5464
-696,-11672,11216,-5373,3907,-4987
-3632,-11620,12528,-5510,2827,813
-4736,-12380,9756,-6710,865,7056
-3612,-11288,9948,-6814,244,13199
748,-10560,13740,-4720,-2404,18183
9052,-9300,16888,2356,-1673,5767
6428,-12900,13992,5157,-954,-4797
10028,-12112,10952,343,472,-13620
1584,-11952,10056,-4524,3338,-16003
-2052,-12752,8732,-6611,-5189,-5501
-6020,-14188,8492,-6069,-965,1340
-1316,-11992,8604,-6073,-5781,5880
-2020,-13928,8164,-3164,10905,6968
-1264,-12760,7888,-2659,8450,8398
-812,-12132,9780,-3635,7452,6721
1024,-10908,11936,-649,5040,4372
1304,-12116,11496,3462,4279,3526
948,-13508,10352,3979,853,2550
472,-13408,11092,383,-1478,1661
2036,-14268,11884,-519,-276,1770
-2180,-16912,12984,6164,-5273,3072
92,-11212,7392,5016,9070,166
-3164,-10296,8224,4212,-506,-902
