-2532,-6080,14292,261,-3570,1933
-2596,-5184,16028,908,-5192,2100
400,-2988,12468,-1680,-2451,1048
-172,-4312,14368,431,-1410,-878
-516,-4268,12764,1956,-1768,-1441
168,-4008,9808,-4863,-5369,-6217
-2380,-1016,3684,-22798,-10530,-3607
-360,-11976,14888,-19531,-7395,11741
-1388,-14400,15696,-5381,-2812,4246
-604,-9820,12436,-5219,-2237,3509
2548,-12560,12088,-6795,3784,2273
-112,-11868,8696,-7147,820,-5117
9376,-16464,7980,-18342,6725,-12786
-408,-24616,15484,4496,18358,-11880
-1788,-14148,5860,-3177,15714,-24318
-2308,-15772,7704,-7318,19640,-18794
-7196,-17196,4620,-7916,14484,-15145
-11280,-11676,5908,-6491,9731,-5543
-13332,-12188,8688,-950,68,3556
-14160,-13412,10904,1756,-11061,2677
-3096,-8032,13864,-5956,-28710,12707
3328,-11100,7296,-10304,-23137,32767
30320,-20504,6896,-3956,-16820,22253
14772,-17736,9056,4513,-10794,-2018
4380,-16268,5492,6750,17702,-17617
-2952,-15840,-372,5455,21608,-28829
-8024,-18280,2776,-635,22774,-19248
-9848,-15508,3008,-3958,23588,-16804
-17544,-15892,7384,-2768,9877,-12929
-12140,-13336,5540,-1043,-3812,-4617
-8004,-13848,10052,3236,-10364,-1626
-1992,-13152,11984,-964,-7336,14203
4868,-8480,9312,-4927,5534,17560
-10456,-13344,21624,2797,725,32767
-2812,-12660,14728,-9342,-13575,19988
1164,-21576,10572,9280,-23731,2896
-1864,-16104,11372,12866,-24468,23
-1980,-11384,6672,9601,1272,4555
-1552,-10176,9540,9131,4140,3830
-2624,-10916,12120,9825,5757,-3852
-1712,-4992,3416,11669,7558,-1319
-4880,-7316,11824,4801,6184,438
-3632,-7556,11036,3390,7570,-660
-5824,-8508,10876,-649,1524,1650
-4900,-7772,11392,2144,1537,2219
-3804,-7008,11476,2267,2504,972
-7756,-8468,12124,-523,-1776,396
-4812,-9520,12936,1997,-5455,1745
