-328,-12936,10488,412,192,-144
-152,-12484,10008,198,591,-227
-804,-12364,9956,178,463,-343
-36,-12540,9700,338,1017,-467
-824,-12484,10356,206,1022,-587
-28,-12572,9764,334,858,-175
-984,-12216,9820,-217,328,-19
-1352,-12436,10428,-18,-1159,443
-1216,-12276,10596,455,-541,684
-1060,-11820,9792,-776,-1581,379
16,-12268,10928,-308,931,261
-1144,-12568,11440,9,-249,378
-828,-12768,10448,32,-912,470
-496,-13672,10820,-357,-1303,119
-812,-13592,11124,-722,-1819,752
12,-11808,10856,-745,-1491,949
1420,-12308,7592,-56,469,966
816,-11780,9964,-1061,636,-213
-892,-11456,9656,-876,926,437
472,-12052,10440,-329,430,-244
-2836,-12424,9696,-4411,-4598,2937
2596,-12864,8124,-3957,1339,1985
1032,-12376,10024,-2078,-1350,136
1880,-12824,10844,1169,-3301,-3625
2780,-12956,9528,4457,-3328,-6652
1068,-12876,10764,4608,-2105,-7673
-1068,-14564,10084,-672,2314,-6031
-1660,-12488,10804,-3571,5290,-3386
-3188,-13544,10744,-6090,-582,142
-1516,-13988,9360,-8089,2956,2801
-2160,-12996,9868,-7840,3929,5193
68,-12796,9908,-5864,1707,6929
2404,-11464,13148,-2405,4088,5101
5632,-13220,11732,2761,1330,-1901
6220,-12948,10436,3944,-2688,-6215
2716,-13612,9644,2445,-5919,-9447
-368,-14868,7380,105,-2516,-9000
-1396,-14868,7072,-7884,-429,-5922
-340,-14796,5628,-8692,4589,-3197
-1752,-15288,6192,-6877,-1881,347
492,-14156,8316,-6617,2573,546
2188,-16432,6092,-4452,2673,2175
-2608,-14624,8488,-998,7386,2106
1088,-12996,3916,-3648,8213,736
548,-14832,7136,-2927,6341,3351
-2204,-15512,11632,-941,1797,4019
-808,-14960,9604,-1736,3845,3912
832,-15016,6748,-1974,2006,3025
2284,-15704,9912,-293,-518,-740
872,-14152,8364,-197,-2189,98
-212,-14680,6916,630,-3522,-892
-2860,-16748,12308,2931,-5447,-180
-1772,-16340,9752,6409,-3940,3359
748,-14356,5640,5957,-913,1408
-2708,-15032,8640,3875,-1687,448
