52,15580,4420,-459,-46,-56
192,15784,4132,-241,130,-145
708,15812,4188,-135,165,-567
1512,15220,5848,618,438,-1263
-88,14732,6152,3406,-158,-3707
-4048,20876,10964,3204,-205,-1905
-3344,10904,3040,-5443,-10103,3448
-1136,13896,6276,1038,2425,7773
-1808,11492,5944,-10186,-4135,2203
-1592,12892,6116,-15643,-6492,481
-656,17484,9936,-14178,-13229,-6089
3684,13576,6544,-7383,-7159,-1971
-2148,10168,2148,-2577,-601,-12740
-1472,9872,5448,5724,1675,-12552
-1880,17244,1884,3028,1851,-10265
-4396,16592,4044,4980,5589,-11483
-6680,10132,3444,-6696,4390,109
-1328,16712,2560,511,639,-4864
2668,22764,4532,3796,1047,-835
2652,16592,936,5241,5341,6266
4500,17016,9240,2016,1070,2213
5816,14024,6992,-1052,376,2369
6176,13076,8236,-300,-5275,-1556
5592,15576,8004,2066,-2782,-6350
784,17636,9696,3280,1374,-1827
-668,16556,7180,588,-2290,8696
-3936,10396,3880,-44,-753,6254
-4616,13588,4556,-1485,4397,2468
-11728,13108,4676,-2185,5044,-38
-8336,16976,2436,-459,4697,1706
-10992,4728,2020,-4639,1340,7519
-6652,15992,236,547,6052,-5302
-2928,16984,4144,1691,11386,-5030
6968,17120,-1180,626,1299,2620
4012,15932,4140,3577,-4035,-1729
936,14576,2696,3859,-5230,-5218
3732,16192,1888,3242,-6428,-3304
3196,15600,2256,1194,-6776,-891
2980,14872,3408,607,-909,-3478
808,16616,5164,-1495,1111,-3364
72,17012,6360,-1380,974,-1473
836,17372,5428,-638,4061,2914
-2660,15264,7780,-3766,2647,7122
828,15160,5536,-3659,1761,4511
-2740,18060,8128,-3450,5947,6348
-5800,13792,6932,-2961,2292,12924
-8240,10788,7528,-2425,736,-2651
-8996,18000,6008,-144,3051,-5916
-6284,15808,4036,1635,-331,1071
-2796,16536,3844,2747,-1273,1159
-2580,16624,1480,4030,-716,620
-1736,15492,2768,2655,500,1483
-1216,15936,2988,1347,1495,2220
-24,15368,3180,367,2329,1923
-960,15972,4024,112,1857,1198
-464,16108,4204,-165,422,1335
36,15240,3744,166,520,596
180,15576,4324,349,-42,-270
-280,15752,4000,657,-349,-393
-316,15736,3724,840,-534,-483
-1300,15992,3408,875,-348,-471
-876,16428,3696,878,-255,488
-264,15288,2932,920,-137,308
432,15760,2780,68,224,-129
-24,15728,2972,-456,91,-382
