452,9884,12644,-944,-22,-143
1168,9440,12288,-1324,-4,-169
1560,8928,12752,-2209,394,-689
2688,7688,14880,-2954,4030,-1933
2044,6224,14232,194,7762,1618
808,7332,14720,1503,2887,-631
-876,8252,14864,1811,3341,1539
-4596,9216,13924,5931,4320,2761
-2028,8528,11788,9519,2148,2682
640,6972,8588,18704,5221,-1356
-356,10048,7500,17081,2289,-5620
-736,15012,9216,7111,4387,-7384
20,16064,9700,3946,5909,-2518
-92,14248,7824,3037,2275,1526
-3700,10260,6732,2267,-518,124
-5724,7360,2212,6665,3270,-4523
-5220,10792,3080,15421,4557,-6407
-10948,19400,8564,-4935,6099,-1118
-4524,14792,3700,-826,2784,-3617
-3608,14000,1168,5245,12737,-7349
-5200,12724,1248,6642,-3211,-1856
-1716,13396,424,10662,1346,-3958
2028,16904,9452,4352,-6733,3763
4884,12100,6528,3942,-1264,725
3616,13212,8072,5852,-2285,-3145
1920,16684,12188,4112,-87,-5545
-2292,15384,10912,390,2268,-1446
-4804,14816,8924,-4616,-512,4443
-5860,11328,5256,-3743,784,3868
-6856,15008,5964,-2951,391,7425
-13608,5976,-420,-6200,-1330,9450
-19848,8920,3648,-1020,-4208,1406
-12872,17856,4428,-2107,2122,6103
-8192,5396,-2636,-5913,-2253,12677
-14988,-9824,-16996,2314,21313,-8179
10404,24204,3920,-3232,-6510,3708
-7420,1928,520,15980,974,-16370
3880,17384,9956,4207,-8273,-6739
9812,17136,6960,527,-8226,-3755
5712,16508,10332,2007,-5607,-7672
2024,16508,7036,1795,466,-6518
-3908,15736,9804,-180,3885,-1289
-2060,5048,4232,-1916,122,-424
-2348,16344,8860,-67,2731,1026
-4488,16020,9148,-3381,2162,6866
-4276,9412,6032,-6141,-1684,3851
-10972,15232,3880,-6103,4182,3946
-14144,10204,4044,-1228,4440,3984
-5228,18532,3972,-2536,-824,7804
-4272,17252,4748,-4578,-1286,7028
-7548,12540,8708,-10329,-5816,1048
-2924,13980,6236,-20246,-5541,-1214
-4152,8920,8216,-22736,-5576,-3819
-208,11668,10740,-12879,1910,-4368
