-4508,-7704,14156,-51,-259,85
-4232,-7608,14232,-561,-1155,709
-4628,-6856,13912,-686,-1496,481
-3660,-6692,13380,-909,-467,-198
-3600,-4636,12128,-1915,-1966,-119
-740,-4112,11816,-5424,-1746,-18
336,-3080,12068,-7696,-1314,2433
4088,-5280,11504,-3720,-2396,-4667
-396,-5212,10076,-7302,-986,-7608
-1904,-8992,12832,-9599,-81,-311
1060,-12156,10084,-7634,-1935,-4916
-5168,-10132,5708,-6969,-5166,-8239
-4040,-11116,8760,-10855,17449,3245
-6024,-13428,9228,-2531,-1124,470
-3640,-16820,8108,-8555,5961,-614
3796,-16828,3708,-24451,6802,-17161
5588,-25732,13320,925,587,-16779
2572,-15360,7380,-6481,10066,-24154
-7516,-15128,2484,-5075,18694,-16552
-13264,-11788,4044,-910,16429,-1872
-20488,-13764,4100,1724,-2978,1993
-14316,-9416,-8,2650,-7008,11464
-8800,-12252,10104,5389,-9031,4081
-5068,-9500,14204,-3275,-20368,18305
11424,-14152,12056,-6840,-19609,26796
7020,-14672,15124,1433,516,-5119
19212,-19124,12420,2112,-984,5813
3148,-15588,6324,7157,13884,-20746
-1068,-21800,2464,3602,25105,-25374
-6760,-14404,-2540,594,24237,-17340
-13104,-9632,3192,525,10112,2534
-17244,-12820,4472,186,4635,157
-16388,-14868,5248,-763,-4728,-2320
-12128,-12356,7176,-1999,-9419,5990
-4380,-9752,6416,-3563,-9855,17427
2000,-10920,18400,-5094,2243,17552
-3840,-15520,23024,-11461,-2750,21993
-1416,-15728,18860,-5402,-13347,7890
500,-20284,8364,15699,-32768,1786
-3436,-15132,10368,12260,-25194,2391
-1956,-16008,15628,11042,642,1630
-3972,-7516,9900,11914,-10514,-4852
-5736,-6780,11864,10821,-13232,-2122
-272,-7096,10120,8296,-11153,-1329
