-2068,-10132,14332,-1332,-1816,-258
-1532,-9092,13008,-149,-1073,-10
-936,-10420,13088,859,-547,-864
-1260,-10956,12996,372,-119,-289
-1552,-10876,12816,1060,4,-117
352,-9964,12044,765,-757,216
-1324,-9596,13612,803,-1942,269
-1160,-8832,13644,503,-1752,-770
-592,-9444,14220,2279,-3777,-2551
-736,-8608,14568,3525,-2290,-3448
280,-8400,12516,2350,-2560,-1338
948,-8000,12192,4597,-3718,-3078
-404,-7676,14336,3590,-4797,-1889
-868,-6096,12212,2338,-4943,-374
1668,-6092,10056,3182,2325,-2428
-2036,-9368,14812,-1756,7778,-4287
3700,-13852,10728,-244,1590,73
-14068,-17764,18768,-10060,714,13336
-1996,-12420,7608,-21037,12357,17174
1488,-11724,12848,-23215,1241,14134
3336,-10864,16828,-20098,8726,7632
2900,-10176,19560,-12680,-1105,3816
-2140,-7384,18796,-2232,-1969,-8622
-5340,-6176,15140,12955,-12035,-13452
-13392,-9908,8328,13973,8753,-2430
-1704,-15032,4560,7103,-412,8272
1088,-15808,11912,-1893,3134,3415
2856,-12636,13324,-4388,2311,900
-988,-13568,18820,4701,971,930
288,-9996,13516,4320,5352,-3101
-5740,-9800,11704,4029,798,-4522
-3564,-9340,8568,1316,-506,-3504
-3472,-9868,11556,-386,3682,-2417
-2744,-11232,12676,-2156,3745,-2032
-1628,-10576,13100,-1688,1154,-2450
-2512,-9944,12704,-118,910,-2522
