1312,-9740,12768,-210,571,825
1172,-9592,12924,-347,497,548
1224,-9844,12824,-319,520,327
1112,-9968,12684,-266,783,259
1436,-9664,12960,-16,349,-142
1472,-9760,12484,218,492,-440
1384,-9736,12932,290,157,-310
1432,-9496,12860,-186,480,-6
1428,-9444,12984,-621,495,358
1228,-9588,12860,-755,654,525
1080,-9696,13192,-866,470,165
1108,-9656,13004,-1039,196,-233
1144,-9748,12828,-1069,263,-399
1020,-9740,12684,-610,459,-407
1088,-9852,12808,-214,116,-232
876,-9728,12948,-535,-288,-467
780,-9848,12780,-1624,-1285,-796
1012,-10056,12588,-2344,-2724,-1123
1168,-10680,12300,-1177,-5412,-960
1520,-11192,11956,386,-8621,-643
-4536,-12316,11944,-2604,-4940,9600
4188,-12980,10852,-830,-3006,5856
2624,-11884,11316,730,-4445,-995
3616,-11280,12440,-530,-1478,1352
6588,-10056,12704,-1911,1799,3246
5324,-9864,17060,-3460,39,3128
6508,-8576,12424,-6039,6443,4775
3640,-8616,13700,-7539,6888,4140
-1068,-9344,14452,-8430,6854,1691
-3460,-9168,15496,-9258,5245,1596
2160,-10584,15884,-8824,-861,-6953
-2772,-9156,12432,2809,-5966,-10225
-4832,-11184,11356,4369,-3715,-842
-1656,-12468,9920,2313,-6804,2082
-1688,-12892,7240,4787,-5726,5015
3356,-15388,8020,4813,-2989,4259
3504,-14836,8736,1623,-2534,-1127
4220,-12872,7848,1455,-1423,-3279
3336,-11596,10680,2153,-23,-1865
2672,-11644,10276,4862,1693,258
2012,-11076,11408,5418,3349,908
1460,-10268,13160,4115,2724,780
724,-10140,12648,2400,1390,74
1400,-9972,12640,1371,606,-358
1224,-10000,12788,-70,461,-705
1212,-10068,12876,-1284,160,-1098
