-932,-13764,8336,-153,314,-754
-936,-13896,8376,-489,227,-469
-768,-14056,8048,-811,75,-260
-780,-14288,8612,-1025,-254,-553
-868,-13976,8384,-902,9,-299
-1164,-13988,8452,-778,104,-132
-1192,-14232,8212,-1069,178,-5
-1056,-13988,8096,-1661,-3,-398
-452,-14104,8464,-1914,161,-1454
-612,-13984,8100,-2675,397,-2005
-648,-14324,7564,-2943,908,-1582
-1076,-14636,7548,-2369,663,-2522
-1320,-14924,8188,-1478,2315,-5077
-172,-14764,7204,463,1137,-3990
-40,-14540,7420,2962,304,-2205
8180,-23436,22536,8702,-2737,-8397
-44,-13728,8964,8874,-1319,-5222
3336,-18404,-236,2488,12578,7524
-1904,-11768,5212,-2835,-135,2493
-964,-15356,9380,-2396,1154,1133
-1740,-15188,10876,-997,-1347,725
-1780,-11544,6256,-1870,-633,1845
-724,-14580,9500,-1808,292,1365
148,-14700,7300,-2412,1252,1942
-468,-16432,9128,-1397,2267,1975
1792,-15512,10536,2676,568,2132
1220,-14744,10052,4266,2929,2462
-88,-10808,5232,-3907,1211,1273
-800,-12660,10700,-197,2386,2368
-1368,-12484,11348,-3244,1203,-340
-1328,-12776,9324,-2924,1718,-1132
-1732,-11596,9328,-5139,2483,-1847
-3712,-12836,8960,-3687,1117,-825
-1804,-14048,12192,-2356,-501,-1534
-4460,-12136,7680,-1645,1495,-493
-1424,-20096,16420,181,791,-1360
-7476,-14504,6908,-959,90,-331
-4184,-5440,-1656,-804,638,-2733
-364,-21288,7628,1703,-5642,-3299
-1516,-16992,1884,714,-1903,-2901
-4028,-14720,12472,5045,-876,-1109
-2984,-14880,6116,5079,-1684,604
-4880,-13368,7032,3747,-2236,825
652,-16648,6032,772,-6698,-334
-752,-15356,4860,717,-3272,2590
-2448,-14952,7236,-640,-3093,2958
2576,-16724,9804,-1314,-3491,556
1512,-13848,6520,-1168,-1621,180
596,-15860,8328,-446,690,-186
348,-14428,8040,-2475,581,165
932,-12688,10344,-1233,-90,-151
2120,-8280,5336,6606,1432,-561
116,-13232,9016,63,2132,1724
-932,-13588,8260,-2602,2136,2840
-1880,-14284,7824,-2087,2013,1589
-2040,-14188,8276,-1064,173,-384
-1204,-13852,8000,-1195,-235,-858
-1204,-14232,8184,-1585,-249,-420
-1068,-14104,8184,-1470,90,-335
-1028,-14132,8260,-1067,229,-279
-1176,-14336,7964,-1152,34,-407
-1348,-14332,7748,-42,315,-486
-1428,-14248,7852,51,147,-439
