2732,-7576,14052,-694,-65,-98
2952,-7684,13772,-492,45,-35
2748,-7624,13968,-264,94,-119
2516,-7592,14072,-407,29,-96
2632,-7484,13768,-327,176,-71
2648,-7656,13872,-384,102,-1
2744,-7700,13876,-360,-84,-31
2868,-7880,13508,-88,-831,-654
3004,-7592,14032,197,-1588,-287
3652,-7664,13856,94,257,2265
2072,-7692,13916,-296,440,2582
1976,-7712,14316,-277,-1587,1007
-24,-9328,15872,-311,-3652,937
2468,-8344,11380,-319,-2777,3295
1824,-8060,11520,398,-2740,4653
2664,-8248,12620,633,-3733,4223
3632,-7340,13180,155,-2463,5874
2232,-7336,11452,44,-1796,5969
3080,-9104,10596,-218,-552,6101
2148,-9284,13716,-1269,-1795,5208
3220,-7560,14784,-1774,-1734,4491
2932,-8808,13412,-1444,-842,2991
3996,-9128,12740,-2232,2387,2521
5048,-7460,14200,-3350,3376,2697
5028,-6552,15120,-3705,4612,1658
7276,-6844,13052,-4605,9959,1555
1176,-7012,15576,-4322,8693,721
-1400,-3212,14568,-3027,6260,492
-192,-6316,13608,-3257,1099,-2786
480,-7964,14408,-550,-3091,-6563
-5040,-8012,15796,1603,-4097,-5074
-1500,-7468,13160,2110,-7887,-1896
224,-10948,11496,4316,-3841,941
2628,-10948,11208,3001,-3704,1455
5008,-12068,12996,528,-2946,647
2468,-5852,9232,958,1017,-379
4228,-9620,12024,-533,1207,-2584
3620,-8740,12744,-83,1552,-1157
2492,-8704,13276,831,1879,367
1600,-8876,13644,1105,1438,459
1684,-8520,13700,944,537,-229
2052,-8108,13956,210,310,-79
2204,-8072,13944,-439,99,363
2168,-8340,13604,-857,807,442
1860,-8556,13476,-888,700,-58
