-1908,-11228,9712,-985,-2739,845
1716,-12952,11752,-1523,-2403,1424
-1072,-12988,11300,-185,1486,297
-1792,-11692,10120,932,1958,-627
-508,-12004,10960,716,-747,-2185
-1012,-12244,11556,409,662,-589
-632,-11580,11780,61,1499,-1279
-872,-11208,12464,927,672,-3120
-268,-9412,12020,3650,-1096,-4697
460,-9276,11872,3780,-1004,-4298
-1052,-13856,12464,1709,471,-4275
-196,-12948,13044,1093,-2168,-5166
460,-10168,11564,1306,-1414,-4322
-588,-7528,10976,2879,-5148,-891
2952,-6392,8916,5134,-4995,-866
1188,-9552,9096,3012,-2151,-3402
732,-12220,9776,-8971,-2131,-228
3872,-12516,27180,-26188,3625,4229
-7488,-23364,13424,-7198,2772,7459
1848,-15228,10196,-14739,-1678,13350
1196,-14068,9968,-14465,-2403,6161
3728,-14416,8312,-10470,-3437,-1119
3996,-14104,9736,-10602,-92,-891
3296,-10528,10164,-5109,-2163,2295
3352,-13248,12336,2161,-120,-2985
1136,-11452,12640,2601,5372,-10023
-4248,-10416,10652,1832,5535,-7740
-3876,-13808,10736,9483,1172,-1083
-2420,-16888,6872,8755,-3340,4218
-3492,-16060,4908,3144,-5583,9549
8640,-13208,9504,-3906,-3993,14976
5236,-14440,10732,1811,6,2442
3364,-12344,8920,2946,1220,-2207
-140,-13852,13192,-173,4325,906
-808,-13360,9912,1541,3919,1106
-252,-14216,9912,7978,1449,2325
1068,-15276,13344,4405,1497,1239
876,-14452,11940,4186,4069,962
-2096,-9480,6992,2897,4012,973
-2424,-9348,8184,1223,578,164
-660,-10420,9900,263,313,-600
