2608,-7424,14176,-536,-107,-180
2832,-7544,13932,-538,103,-111
2752,-7524,14048,-504,50,-125
2712,-7608,14288,-545,-12,-190
2756,-7648,13884,-568,-72,-145
2800,-7512,14084,-436,112,-140
2772,-7560,14004,-409,47,-165
1160,-8168,14848,-152,-1395,-309
2316,-7700,14408,-236,-1438,-163
3016,-7544,13932,-43,-1941,-43
2760,-7904,13952,608,-3547,138
1748,-8096,13788,554,-5369,2277
1996,-8200,10528,21,-3010,9099
2208,-9696,16248,824,-3837,8026
3064,-11108,14796,1437,-2804,5917
1908,-10296,14596,561,-1567,5283
2784,-10336,14544,-370,-1147,4153
2988,-7580,14160,-189,-1203,3426
4772,-7608,15072,-364,-454,3028
3752,-8476,12948,-791,570,3604
5128,-8548,16288,-1550,-368,3893
6092,-7952,14172,-1793,3382,3145
6172,-6432,13788,-1866,5865,1683
3556,-5424,15060,-2268,7800,1012
1920,-3916,16008,-2737,5291,1359
-4,-5556,14724,-4267,3540,490
-1652,-8100,16672,-4175,-92,-801
912,-2928,10584,-2701,661,-6033
0,-7148,15656,-1354,-951,-7783
-2296,-7856,13328,2216,-2198,-4539
-656,-9996,13764,3112,-4761,-2002
-1960,-10888,13692,1039,-6235,-2018
500,-9940,13744,-1484,-6161,-839
2980,-8872,11908,2284,-4181,2637
6392,-9464,11372,2264,-350,1809
6768,-12916,12276,-1305,572,-1231
4724,-9652,12444,-2011,1438,-1629
2980,-8780,13104,-322,1220,-221
2552,-8732,13188,1244,423,652
2508,-8312,13572,1600,529,365
2592,-8096,13884,1156,342,-33
