3292,9348,12752,-533,36,-56
3696,9852,12836,-950,538,-131
2920,7540,13500,-3558,1764,-953
3580,7560,12248,-2837,-1214,-34
4048,8248,12988,-1916,881,114
2020,8040,13796,-1281,-3254,-2283
4496,6528,13068,-1119,-3403,-3834
2548,7832,13672,-494,-2916,-5764
-712,7284,15396,-2513,-5985,-10215
3616,8380,12980,-66,-9597,-10463
6528,9480,11896,-2858,-9565,-8011
5120,7628,11040,-1591,-3834,-10495
3944,8532,10240,3415,3034,-10014
3072,11276,11928,2498,513,-9260
3892,11068,8640,2799,4281,-7941
3352,19952,17068,1103,9699,-7340
-68,13988,10080,7631,11690,-3951
836,15552,9116,9897,13317,2913
812,16152,9720,4395,10008,8102
1184,14796,8412,2730,10154,9911
-2204,14036,10996,-1103,7051,8955
-72,17428,10064,2816,8069,10585
-2940,8016,9788,2448,5181,12706
1356,13204,7924,4986,8918,11359
-1296,11092,8668,1501,9496,10789
-3008,10992,8636,1987,10691,10597
-6780,3236,11220,1174,4910,6799
-1640,9120,10772,1797,3187,4159
552,12172,10320,1628,1232,3008
-2340,11552,11164,-2147,534,2081
-1416,8972,11432,-4035,-1852,-387
4336,8804,10464,-4433,-5101,-6667
3288,10912,15528,-2437,-3291,-8828
6252,11640,13404,1203,-2755,-3464
5128,10304,10228,984,-2588,-3244
3060,9272,10720,2092,721,-3256
2640,13708,9460,2060,1858,-166
5068,14888,5924,4180,5515,2192
1588,16368,7396,2378,7142,7173
-356,15480,7304,1469,7086,10779
344,17228,9696,961,8826,14778
-4600,15848,11888,-3847,4584,5036
-4176,20464,14604,-18679,-11722,-2581
1156,10996,8460,-20001,-15673,-1096
4200,4804,8720,-12089,-12235,-5212
10440,7304,10716,1231,-5803,-7890
6824,9596,13616,-2819,-4828,-7558
4512,9828,10968,-3329,-3504,-8847
3828,10540,11584,-2696,197,-6825
1272,11380,12488,-5335,-1447,-3819
