1396,-6652,15276,-1878,-508,-4
3028,-7644,14536,-2104,720,-1160
2248,-6232,13900,-2529,1499,-2383
1456,-5920,13372,-1652,1738,-1750
3612,-5916,11616,-4157,3041,-1173
2620,-6144,12508,-5421,4478,-2663
3196,-5788,10600,-7418,7457,-4827
132,-6840,9896,-13733,8430,-7301
-3112,-8988,7848,-25291,8011,-2072
-1948,-15888,15132,-17607,3018,2180
-3152,-12968,11556,-10528,4707,3313
5380,-16852,7708,3740,1024,114
-2696,-12660,8696,-2319,-4783,-1611
-5364,-13764,10752,-2563,-6852,7476
-6704,-14432,6700,-3927,-12718,14578
724,-15688,2852,-4849,-10496,12710
-680,-15520,7100,-3088,-13255,7225
3048,-16008,3796,878,-210,7555
-3244,-18424,9580,4358,2264,2249
-912,-12556,11952,2431,-3364,4035
1096,-15644,12084,921,11209,4681
-1128,-11116,11784,315,7223,3627
1116,-10816,14492,2662,13128,-41
-1464,-12956,18572,-82,12463,-3226
-3568,-9204,14400,-1913,8665,-9181
-848,-11276,13284,-1495,6756,-9691
1020,-11000,12656,3191,6750,-18742
-8708,-6740,15292,5524,4367,-11729
-80,-9488,12200,8065,3141,-6928
-7856,-11640,12164,4761,-7089,-5510
-8736,-11536,11616,-2974,-7483,-1557
-8524,-12616,8992,-4652,-11187,3898
-6560,-14064,7532,-3068,-11403,7422
-3996,-15800,7276,-2734,-10686,4354
-456,-15040,6848,-1822,-8095,3443
-3020,-15628,10828,-4796,-17246,15035
-860,-15432,7068,-5551,-9330,23760
6524,-16920,6332,-4446,-1811,15423
6064,-19032,13620,8215,-5852,-3694
-16,-14936,10216,8913,-4748,-9583
-2836,-11984,10600,11798,-6038,-6456
-3308,-11804,10544,20283,-2918,-6798
992,-8648,7252,15403,-6435,-4627
3608,-7916,10676,13571,-1888,-6530
308,-6424,13596,6947,-19,-265
