1644,-13872,8736,13905,-3080,-2221
588,-14112,13048,17032,-5839,-4176
3044,-10296,10912,18945,-4497,-8977
1068,-9092,14468,19763,-1280,-9843
612,-5792,13108,11175,-3366,-3919
1116,-4332,13088,8270,779,-5778
3028,-5600,14736,10109,4294,-8018
-3884,-1544,12924,1245,1519,-977
5616,-6012,15324,-7159,-5115,856
4656,-5780,13584,1245,-9,-2022
1788,-4096,12016,1734,4303,-8115
-3020,-3712,16376,-1450,3902,-3957
-620,-4584,15560,529,784,-898
1648,-4440,13348,-228,-1487,555
1548,-5304,16628,-1677,-2531,2230
3768,-6488,14292,924,-3048,2674
1776,-5244,15564,-2142,-1057,1340
4044,-5964,15148,-995,740,-294
2196,-4232,14284,755,1922,-2656
2108,-4552,14752,-1459,-54,-407
3108,-5620,16668,-246,684,-481
1892,-4804,15104,-406,418,-1280
2744,-5060,15228,508,1117,-1893
320,-2848,14512,-1102,1985,-452
3120,-4600,15564,-2078,1184,-378
1504,-5844,15656,-1219,-198,-1608
1572,-6412,15260,-1623,646,-2814
1628,-6992,16024,-1266,53,-647
1244,-5752,15180,-172,516,109
4056,-5008,13468,-1417,1685,-1666
1628,-4724,14292,-2581,1595,-1355
3472,-6516,14920,-1869,1162,-2333
