-2864,-12300,10264,-847,-219,-363
-2828,-12328,10108,-989,-64,-456
-2280,-12392,9996,-1357,-168,-393
-2516,-12404,9848,-965,135,144
-2772,-12576,9964,-287,-41,-187
-2748,-12392,9804,189,72,0
-2576,-12296,9944,121,172,227
-2772,-12376,9928,-423,153,166
-2636,-12196,9836,-970,31,22
-3004,-12400,10192,-475,-305,-495
-3012,-12596,10272,175,-1153,-1062
-3000,-12868,10060,1824,-2216,-1837
-980,-11672,9572,1598,-2635,-776
-2280,-12184,10184,430,-2158,311
-32,-18044,10788,-3621,363,2277
-4476,-13792,11448,-2891,-1764,862
-1608,-11956,8920,-3115,368,1191
-2452,-13376,8524,-4000,1662,1094
-2924,-11244,8568,-3086,-2002,300
-3928,-14064,9512,-2260,-1062,712
-2568,-12672,9212,-1959,-1649,995
-1444,-14328,7960,-609,-152,574
-2460,-13464,8856,-2218,882,421
-2412,-13452,8156,-1585,80,1307
-2188,-12380,7584,-853,-962,425
-2552,-13268,9912,-830,-461,687
-4104,-14312,9544,-757,-796,-172
-2324,-12384,9664,589,3208,-26
-3192,-12096,8816,-9,1945,-533
-2320,-12924,9940,-1973,1522,-513
-3584,-12804,10532,-2541,1935,-1143
-3520,-12828,10532,-1084,3748,417
-3536,-14384,8380,675,-5882,8077
2432,-9480,732,-2643,-10842,7302
-2348,-13100,8080,-2119,-649,-21
-3328,-11512,8840,-1361,3233,-147
-2584,-12600,9300,-1958,-81,-228
-4360,-12564,8428,-2099,869,-539
-4052,-12416,8604,-2220,-75,-650
-1792,-13420,10056,-1274,-1252,-526
-2168,-12684,9236,-1882,-41,-538
-1596,-12752,8896,-1203,-911,-675
-3584,-12764,8308,877,-1243,-779
-6240,-12544,8200,488,-160,606
-2124,-13516,7848,-1280,-22,-229
-3588,-12488,7964,-898,-3843,-1955
-5164,-15332,10120,1467,-3006,-2669
-3932,-14404,8684,70,-2920,-2987
-3336,-13864,9252,2041,-1844,-1617
-2092,-13372,8432,2162,-1473,-376
-3444,-14056,8312,127,-1595,-1587
-2656,-14864,6936,-457,-1567,-383
-3564,-10756,5816,-392,-3461,820
-1748,-17688,10932,155,-2223,-712
-2364,-13924,4972,-2676,2356,1431
-352,-12840,7832,-5002,500,2297
1144,-14184,9980,-203,-587,-154
-208,-11740,9616,625,2166,-1483
-1376,-13632,8584,-1782,1430,2172
-2760,-14228,8420,-413,694,1620
-2396,-13796,8244,278,-123,-161
-2028,-13772,8328,527,-48,-176
-1928,-13412,8504,605,335,302
-2024,-13636,8508,312,520,872
-2296,-13508,8332,381,604,860
-2396,-13832,8556,238,713,1135
