2164,-9836,12864,165,296,404
1956,-9848,12888,-91,322,623
1740,-9960,12680,-174,481,568
1884,-9564,12732,-359,411,385
1600,-9820,12684,-457,315,-47
1872,-9780,12780,-615,137,-433
1912,-9836,12680,-726,494,-862
2008,-9748,12768,-686,487,-1003
1968,-9792,12620,-339,76,-807
2064,-9688,12628,-408,388,-254
1776,-9772,12728,-521,525,-108
1524,-10028,12676,-783,85,11
2368,-9628,12900,-1883,-142,710
2108,-9932,12992,-3533,-34,1222
2444,-9692,13440,-5836,22,2388
1872,-10544,13996,-8381,675,3690
1636,-10884,11360,-11273,1585,4031
1868,-12312,10732,-14515,4802,2924
268,-15360,16260,-9988,-3586,-3991
1892,-12108,9820,892,938,-1274
6140,-8364,5380,631,2626,-2919
3764,-11032,9844,-2120,3287,-5543
132,-12896,10420,-533,432,-4391
-1432,-11260,6084,576,-365,-3445
-5304,-13432,10272,4875,-965,-3867
-1708,-24260,24664,11503,-1673,-710
-292,-15292,6336,3856,-4194,-3851
-8948,-10496,10728,7993,-2633,1314
-2372,-12400,9728,680,-2637,9100
3576,-11564,10052,2481,-4002,5185
4052,-13376,11308,3579,-3444,-1646
3164,-12656,10072,-66,-35,1644
5076,-11592,7768,-999,2302,1176
7068,-10320,11324,-1076,3653,-1427
6204,-10252,11904,-2042,2600,1016
7256,-9764,11092,-6298,5247,3561
4544,-11248,13652,-9658,9479,3501
268,-10396,13896,-6577,7948,2009
-1140,-10404,14504,-4996,3472,817
-192,-10064,12452,-5980,-305,-1078
188,-8592,8672,1201,555,-7274
-376,-15312,9244,2010,1018,-5852
-1328,-11280,9328,3944,-398,-4220
-3092,-12508,10852,2502,-5787,-2045
-344,-12476,10056,3577,-4190,-25
-800,-14024,9588,3230,-4738,-976
1452,-13708,10452,3409,-5740,598
1884,-12412,9260,3711,-3592,2821
5124,-13388,6692,2224,-2135,-2940
3880,-11736,8476,2231,-38,-498
9224,-10804,11044,2677,-1302,-2095
4992,-10204,11396,2971,1243,-801
3488,-10184,12096,2155,2060,1810
2404,-10688,12380,682,1985,2561
2396,-10728,12212,150,1556,1678
2292,-10396,12284,-102,389,521
1764,-10964,11548,-170,146,-377
2612,-10504,12116,-3,147,-399
2876,-10388,11952,-190,612,-249
