-2356,-7084,15580,6369,-2270,-1972
2684,-6608,10628,-2104,1890,1096
2820,-8548,13864,-1730,1270,1063
1408,-8228,14348,2307,-1230,-1176
1408,-7636,15136,-836,522,-193
2540,-7720,14548,-41,434,-285
4532,-7540,13004,-2181,603,-5154
1368,-6272,13208,-1819,2720,-2535
1508,-5964,12432,-7122,631,-2092
164,-6776,13824,-11737,4762,-1998
-1768,-6132,9616,-14095,2906,3172
-6980,-12560,13224,-19232,-93,5017
-11572,-11696,16432,-3373,-5402,8543
-4504,-13732,10236,-4717,-8306,12945
-916,-15436,8444,-3416,-6599,15107
1668,-16328,7024,-3149,-4222,9847
-2892,-19396,8448,-901,2529,9075
880,-13208,9236,-4858,4908,11312
4308,-14140,9872,-1569,14792,2837
1760,-13088,13300,-3925,11251,2201
3400,-9316,17664,-2524,9415,-4165
3140,-10776,17060,3152,12854,-10232
2912,-13236,17668,6066,11483,-21689
-2580,-6072,16016,5827,8123,-15608
-11796,-7896,13972,2734,3351,-4651
-10748,-8000,12388,-2103,-4126,-3638
-9544,-9444,9900,-1895,-13675,-4017
-6976,-9812,9036,1056,-12947,7301
-2580,-13780,6900,4637,-8039,7443
-4444,-17520,10416,366,-5765,3187
32,-17476,10952,-3032,-221,11595
1180,-15860,9688,694,-968,15364
6348,-15444,7768,8097,-4052,4241
2244,-13208,10932,3031,-641,-1188
1064,-10624,11384,4927,2969,-2822
-1628,-9396,11528,11043,-229,-5325
-1704,-7612,11476,8398,-2513,-3849
-356,-9424,14128,6361,-1630,-4977
-3776,-7444,13916,5130,-207,-6548
-1068,-4608,12300,2376,-5587,-4795
-2636,-7780,16756,2239,-5810,930
2232,-6988,12596,3223,-2372,-1376
