2688,-9136,13088,-105,217,731
2324,-9068,13008,-4,364,457
2044,-9280,13032,13,211,-273
2212,-9128,13344,-229,-29,-785
2540,-9144,13100,-656,-273,-832
2452,-9048,13032,-752,130,-660
2692,-9152,13216,-515,-25,-419
2624,-9056,12988,-661,-71,187
2768,-9172,13096,-615,109,826
2440,-9100,13244,-384,50,749
2004,-9288,13204,-248,90,37
2144,-9304,13048,-349,-7,-711
2428,-9300,13112,-693,-121,-1066
2908,-9160,12864,-655,-133,-817
2732,-9148,13056,-358,191,-422
2748,-9236,13168,-157,283,-78
2580,-9068,13156,-174,141,606
2420,-9084,12992,-300,234,970
2240,-9152,13152,-234,285,364
2072,-9236,13156,-557,-194,-470
2580,-9132,12888,-1052,-99,-713
2540,-9168,12956,-1062,-126,-751
2540,-9264,12992,-959,-109,-625
2928,-9156,12888,-809,-233,-31
2484,-9428,12920,-543,91,570
2288,-9244,13036,-135,-90,288
2508,-9436,12608,406,-167,-369
2404,-9500,12916,726,-277,-471
1956,-9136,11256,257,-320,-420
1316,-10296,12712,-20,-2146,-763
2256,-10772,12876,-194,-4497,-936
264,-10088,8740,-4079,-683,4774
1452,-11196,9732,-4393,14,4193
1452,-11216,10428,-5023,-58,3272
2756,-10264,11108,-5688,54,3243
3604,-10612,11240,-4067,844,2561
3772,-10396,11712,-2646,531,1183
4664,-8276,12948,-3143,2091,981
6164,-9196,14364,-2332,3258,-6
4392,-7744,14136,-1284,5931,432
-804,-9244,15820,-360,4540,2647
-1428,-9612,14404,-1929,2775,5849
24284,-20324,26924,-784,-12766,-12612
-1848,-8880,15604,2612,-6114,-7418
-1988,-10540,12260,2996,-5143,-938
-752,-12084,10412,1966,-3269,-621
968,-12740,10812,1143,-3586,-44
2580,-12400,12020,-731,-3142,828
2088,-13152,12796,513,-3879,1363
5924,-11316,8772,2289,-1904,1069
6332,-10432,10980,1933,-1577,-1530
4616,-9512,12324,2164,-467,-784
3216,-9596,12688,1759,1451,823
2448,-9992,12760,1105,1963,1523
1984,-9780,12744,165,1035,798
2300,-9808,12576,-396,857,529
2140,-9724,12888,-824,1232,551
2028,-9764,12640,-1180,1138,591
2400,-9984,12396,-1120,819,379
1776,-10288,12144,-817,529,173
1592,-10180,12588,-730,443,-236
1676,-10088,12424,-571,163,-621
1956,-10196,12508,-245,-437,-701
2136,-10088,12496,-73,133,-151
