2548,-9736,12456,-112,134,-193
2296,-9784,12736,-10,-31,-280
2664,-9696,12680,-193,-142,-91
2436,-9740,12724,-652,180,-229
2744,-9576,12568,-566,103,-375
2408,-9816,12528,-277,81,-309
2332,-9792,12668,-137,335,-113
2396,-9724,12688,-61,251,-124
2680,-9792,12660,112,290,-158
2392,-9640,12600,19,334,-191
2476,-9704,12916,-366,16,-288
2532,-9544,12916,-821,-11,-5
2444,-9660,12664,-1030,164,215
2260,-9848,12676,-1326,67,175
2068,-9800,12756,-1611,-52,-34
2724,-9768,12348,-1398,-569,412
2020,-10452,12028,-53,-1305,502
1260,-10920,11976,2037,-5356,-853
-1888,-8792,8968,2559,-6006,1001
-400,-12700,13956,151,-3135,3885
1032,-10348,11008,44,-2689,3120
2588,-9820,10260,469,-1707,1881
3836,-9812,14164,1297,-810,1428
3912,-8724,8504,1299,570,2397
4692,-8144,13128,1431,587,1913
4732,-9380,13728,515,1832,2559
4324,-9740,16872,-658,1597,2218
3336,-8572,12732,-3119,2732,2000
5096,-9024,16380,-4841,4997,710
6608,-8024,11904,-3863,9334,882
4316,-8032,12720,-3060,10833,4575
1952,-8656,13716,-4627,7382,3802
-664,-10848,15036,-6847,5531,-1460
764,-10132,14876,-4654,2080,-3931
-2172,-9416,14548,-1530,-3407,-4283
-732,-7100,11132,3796,-2603,-3922
-1312,-11356,11828,5613,-2564,-2372
-684,-12864,8788,-4036,-3733,-2399
-944,-11356,11348,-2495,-2554,-1445
52,-10564,11268,2705,-5219,1360
4496,-12468,9908,3446,-2161,745
1796,-11320,13980,2981,-2181,1196
5700,-10116,9688,248,-321,63
7708,-8940,7104,343,1012,-672
4908,-10356,10972,-954,1364,-1417
2496,-10432,12084,103,1449,-203
2180,-10160,12332,675,239,294
2304,-10156,12588,562,453,255
2128,-9868,12624,269,613,189
2212,-9956,12500,259,277,232
2004,-9888,12644,-439,342,-82
