636,13016,9724,-350,-36,-227
216,12980,9940,-326,378,-569
-20,13532,10176,-43,419,-288
96,12608,9212,-40,-84,82
628,12956,9520,-428,-229,-88
-696,12196,14624,-2693,-2005,-59
2488,14048,4760,-20845,11719,4691
-6820,14276,13752,-18266,-14643,-1135
-4152,4472,11272,-12350,-19108,-6107
16,3608,11068,-9256,-15125,-12048
1236,7532,9892,1079,-8539,-16014
1340,10660,12612,1900,-3802,-14907
2636,9780,10748,914,-5104,-12788
-416,8828,11400,6676,-2084,-11415
3016,12300,11432,1485,-1990,-11030
2932,10272,8336,6201,4204,-7096
-264,12316,11456,7804,2054,-8117
1396,15744,11804,5276,2629,-7563
6468,15872,7896,2299,4185,-1440
2172,16824,11232,7075,5092,-1965
8728,18432,5484,6820,11282,4869
3896,16400,3536,5565,7671,8470
4976,19844,3420,3126,6061,4017
-3076,18260,6576,3685,9927,6155
-1136,17516,876,2698,18877,17693
-2588,14780,2124,-2860,16575,18631
-5520,14372,7680,-3077,9078,9166
-3392,18096,8056,549,12356,10360
-2332,11792,8824,77,15345,10378
-4208,13400,9492,-2623,10760,8667
-5224,11280,10372,-3245,11459,7108
-3320,13512,11104,-4691,4938,4871
-5488,10064,11048,-4766,3490,5346
-3640,15180,13632,-5402,-663,5897
-2528,7868,7080,-4965,-1468,-201
-3144,11276,9000,807,-841,-6382
-2252,6112,10180,-2220,-5267,-8221
2320,15464,20724,5268,-5145,-7480
-140,7408,10604,-195,-3689,-6748
2712,17352,16440,3030,-6501,-4506
684,13008,12712,-2335,-4497,-2164
4216,14264,8480,-3290,-4512,-939
6504,18572,7164,1770,-5454,-4046
5140,13168,5712,-753,-270,-2795
-3456,14956,7900,-88,1661,-2668
-5772,16240,13196,-461,-2070,1080
1952,14012,6100,-187,-950,6
1468,14628,7056,-536,4205,3879
-2860,13548,11500,-197,2881,2822
-3764,12084,9716,-1106,2065,706
660,13144,10096,-1218,-1277,656
268,13040,9980,-504,-293,-68
368,13064,9304,-516,-348,-211
-80,12724,9864,-1034,-942,-353
