-6164,-13548,6168,-839,-44,-297
-6156,-13620,6364,-488,103,-183
-6196,-13668,6412,-316,-81,-143
-6108,-13408,6112,-618,144,55
-6064,-13744,6332,-728,129,94
-6500,-13736,6296,-530,67,-231
-7044,-13368,5544,-335,891,-695
-6608,-13672,5864,129,931,-1317
-6284,-13704,5784,1176,2072,-2093
-6220,-13780,5904,1847,2564,-2867
-6024,-13492,5832,2027,3255,-3027
-5528,-13572,6468,653,1025,-2660
-6704,-13220,4592,-2266,5222,-1009
-7216,-14408,4440,-3871,1604,1347
-8464,-13692,1864,-11152,1393,2946
-6120,-15068,2592,-14403,4256,3600
-4792,-15088,2240,-19078,-2696,3505
-3576,-15568,2324,-21504,-5190,3038
-2804,-15460,3928,-13384,-2358,2741
-5696,-16388,5552,-7341,-2493,-788
-6680,-14952,4896,-1927,936,-2358
-7008,-15580,3716,1817,-3938,-4021
-8864,-14284,1848,6823,-4910,-8080
-9400,-13168,2844,9094,-4681,-8526
-9340,-11840,2060,8066,-4644,-8386
-9812,-12316,804,5443,-3604,-4683
-9148,-13120,1604,2139,199,268
-10384,-13736,4212,2401,-122,2887
-6488,-15760,1092,553,1243,3466
-3896,-15592,-412,-1954,6721,3257
-2452,-16252,2956,-5548,8531,3544
-1332,-18100,7332,-4264,1911,1374
-6156,-16888,8124,848,-2300,-3680
-4868,-14004,2516,127,-292,1409
-6668,-14052,2748,-2006,505,3356
-6356,-15400,2984,-1028,-1101,2323
-6916,-14908,1808,0,-2,275
-6720,-14712,2384,-68,818,-657
