-2376,-15260,6004,2288,-927,294
-1564,-14628,6508,2350,-1139,25
-1616,-14920,6648,2273,-331,546
-1840,-14880,6980,2358,167,-55
-1596,-14568,6932,1153,-954,-908
-1744,-14764,6824,123,-803,-879
-2188,-14984,6920,703,-979,-1845
-1768,-14908,6840,1062,-2224,-2049
-1684,-14856,7040,2503,-2375,-1090
-1612,-15120,7500,4654,-2444,-1802
-1872,-32768,32767,6748,-9808,-6668
-2812,-16000,7708,-4411,-1853,928
-1024,-11668,3660,-3218,2837,1458
-1740,-14432,7104,-2082,-296,874
-1748,-13264,4388,-522,-1174,964
-2328,-12872,2704,1838,-1014,1591
276,-15092,7944,3526,-854,2530
-48,-13848,5112,-3187,-204,1995
-192,-16836,8852,-3992,669,2961
-804,-13200,5760,-1481,-740,2781
-2156,-14176,7800,2548,178,1784
-32,-12452,6692,-2496,1031,2155
-684,-14724,9424,-4004,1867,2460
-860,-12952,8840,-2860,1358,858
-1840,-13448,9216,-1735,2854,1524
-3320,-13764,10144,-1717,698,334
-3672,-8920,1756,-2024,902,-1392
-2472,-16820,10016,-4069,-83,-3033
-5840,-15476,9720,-2934,-541,-1097
-2392,-11856,10672,164,-3305,-4508
-2340,-6100,-668,105,-3430,-4043
-9200,-23616,16084,3015,-2995,-3995
-3396,-21236,8264,5107,-650,-1689
-916,-15212,5400,-86,-3729,-2908
-2956,-13596,4852,1368,-1780,-623
-2624,-15664,4172,-702,-7767,-2
-3200,-16428,7068,-3530,-7350,2684
2248,-15768,6888,-1747,-6134,1788
480,-16116,6016,-572,-3110,1588
-1136,-12428,2188,-3014,-3235,3506
92,-14960,7604,-1585,-2997,1971
620,-4804,980,5696,-3269,-1040
-1044,-13992,8020,6164,3192,1774
-2052,-14024,8400,1447,2133,420
-1564,-13784,8004,-1620,601,-951
-1400,-14252,7456,-4050,846,50
-1760,-14680,7428,-4096,-277,-123
-1816,-14828,6764,-3004,-271,-410
-1692,-15068,6436,-2031,-306,-205
-1408,-14780,6620,-1016,36,-62
-1416,-14796,6500,-392,192,-476
-1540,-14980,6732,707,282,-362
-1756,-14772,6648,1402,862,247
-2024,-14728,7016,2729,465,24
-1940,-14732,7312,2547,607,24
-1856,-14340,7596,1171,144,-242
-1600,-14232,7668,-862,57,-272
-1476,-14296,7476,-1878,194,-52
