-652,-14096,8136,-675,29,-248
-548,-14088,7988,-214,123,-225
-828,-13988,8160,21,378,-308
-772,-14128,8228,144,254,-75
-1052,-14256,8192,800,590,131
-252,-13928,8172,692,93,-54
-812,-14172,8344,117,162,-82
-852,-14384,8416,226,105,-1026
-472,-13768,8244,623,331,-1366
-460,-14144,8292,913,735,-655
-728,-14196,8740,1163,525,-1428
-908,-13976,8912,2588,42,-3416
-840,-13956,8920,3516,-783,-3829
-596,-13644,9116,3545,-997,-2769
508,-13756,8864,6359,-795,-3571
-24920,32767,-32768,-16448,15536,24516
920,-13964,12212,3339,-1488,-1509
72,-11152,6532,4557,1283,-1337
1024,-13640,10832,4611,2360,-1367
8,-14812,15484,5247,1393,-2355
-908,-8940,8068,3838,6,-1944
-396,-13736,11940,176,700,1063
1016,-12648,7616,-1416,3479,812
-464,-11136,10960,3081,811,-261
1316,-12848,12044,3707,-1999,4135
1336,-9904,11344,-2210,390,3907
792,-10924,9096,-3334,2673,2756
-240,-12236,14136,-4716,3208,818
-592,-11416,11484,-7467,3057,1152
840,-12488,9840,-3753,2102,1477
-300,-12220,10740,-4514,1602,1137
-2976,-11780,13668,-1689,1918,1990
792,-12400,10200,-3426,156,591
-2304,-12356,12028,-3507,161,1210
-356,-12876,11480,-3502,1182,977
-828,-13724,12064,-4505,1635,-317
-1972,-10124,8352,-2484,1760,-397
-4912,-14264,12504,-4060,-114,300
-3520,-18824,16448,-9215,-715,997
-9992,-12736,10036,-10607,4681,2591
7472,3640,-12252,-2542,-192,-1957
-7908,-24080,20432,-8019,-20058,-55
-13292,16080,-18016,-31051,17061,7167
16052,23176,-28032,32767,1398,-10581
4176,-32768,21520,32767,-8860,15397
4400,-22936,10600,-21118,-847,-10183
6712,-22408,1696,-8324,-17371,-3384
7256,-14312,2388,-1210,-916,-4541
5144,-18692,8800,-2604,-7503,-4812
-32768,-6564,32767,-9740,-16324,32763
188,-16352,6780,-1402,-4910,-14375
23432,-21544,6336,2424,-13474,-10310
1172,-12484,8892,4058,-1844,-6479
9620,-18468,10132,3030,2271,-3334
1624,-13020,8672,2183,738,-475
556,-13372,9360,27,455,2400
80,-13576,8592,-682,286,2553
-388,-13824,8852,390,447,1461
-568,-13488,9092,140,200,369
-364,-13372,9060,-563,-140,-291
116,-13540,8988,-1790,-5,-217
-224,-13512,9088,-2397,464,98
-112,-13776,8764,-2447,220,13
20,-13684,8380,-2167,316,13
-148,-14192,8260,-635,194,-92
0,-13996,7980,371,496,242
-348,-13900,8480,1532,723,352
-604,-13968,8704,1600,464,-137
-624,-13244,9516,574,-105,-353
52,-13532,8640,-559,36,-46
-260,-13620,8832,-744,601,260
-704,-13636,8960,-806,-106,-282
-624,-13676,8920,-974,45,-238
-136,-13856,8624,-474,49,-238
-396,-13724,8600,-451,100,-181
