-964,-14824,6864,-920,-252,-2022
-404,-14768,6876,-373,-408,-1289
84,-14860,6960,1311,-557,-706
-476,-14804,6744,1179,-120,256
-608,-14632,6680,466,-173,264
-556,-14880,6996,86,178,-109
-384,-14532,7020,-925,-456,-586
-528,-15036,7104,-2645,-294,-490
-472,-14932,6844,-3054,-409,-1013
-300,-14976,6500,-2769,-177,-1611
-248,-15476,5580,-2877,1634,-2762
-32768,-2956,32767,12740,-716,32767
-4312,-17196,7912,2779,-4495,-2959
-2136,-15616,6804,3209,379,-1129
-2148,-14396,6204,2052,1662,-48
1684,-15084,8248,2172,-1633,-1646
1020,-17052,6968,542,683,1772
1008,-14144,7020,-236,1707,1094
-452,-16988,9600,2069,2431,-986
412,-18200,13056,502,3202,-269
-808,-14912,6212,-3962,2026,1875
-588,-16408,8096,-896,-1676,1943
-440,-14852,7592,-2368,-1597,1910
664,-15896,7756,730,1421,1849
724,-14800,7036,2059,1199,836
-1264,-15388,10492,4243,3974,2429
-860,-12676,9720,1597,4018,1599
-1256,-14816,7780,-1504,2494,951
548,-13384,7600,-5081,2225,-501
-1700,-14388,8936,-2517,1847,-409
-868,-13544,8220,-1645,719,-3228
-2984,-10080,7692,-688,2333,-1550
-2124,-10816,7772,-1987,2801,-1261
-264,-12820,7244,266,1226,-3701
-6132,-17548,13132,-4449,-1310,-2517
-2368,-13528,8492,-1244,-3359,-5112
-3180,-23712,11504,-1515,-2149,-3423
-3896,-20884,11156,-16007,-1260,-8013
2412,-17192,2064,-2755,-4499,-5619
-4724,-15552,5140,6263,-5131,726
172,-16308,6784,3319,-9300,-978
1996,-16588,6080,2461,-3902,-947
-1860,-15548,4996,359,-4815,3000
964,-15992,8028,-1595,-4104,2776
5436,-14612,8244,-2162,-1589,2558
6964,-11748,6652,4843,-2817,-2488
724,-12772,10112,4890,788,1078
1020,-13100,8368,946,2018,4334
-864,-13644,8804,-414,2018,4119
-1392,-14168,8536,-711,977,1198
-1424,-13860,8596,-1234,234,-1061
-1080,-13632,8780,-2664,22,-1621
-588,-13904,8572,-3832,-157,-1109
-408,-14032,8388,-3906,-353,-205
-352,-14732,7168,-2126,568,152
-632,-14364,7800,372,384,-140
-540,-14384,7740,1825,533,-31
-828,-14104,8064,1716,590,516
-1108,-14084,8136,972,896,749
-816,-14012,8272,887,327,-108
-832,-13992,8468,1151,206,-561
-864,-13836,8752,1272,211,-783
-708,-13652,8708,968,305,-931
