2688,-10280,12124,142,300,-879
2728,-10196,12100,356,225,-512
2880,-10112,12400,299,88,511
2828,-9896,12244,-141,484,1433
2112,-10188,12436,-260,586,1419
1968,-10244,12084,-385,516,997
2012,-10316,12340,-572,539,132
2068,-10312,12384,-634,144,-1036
2460,-10280,12092,-567,-48,-1915
2724,-10132,12572,-645,177,-1507
3052,-9924,12844,-1932,462,335
2940,-9544,13712,-6927,-414,3223
3660,-9664,14056,-11908,2248,8307
3344,-11516,9624,-11035,6376,10883
4048,-17808,16408,-20472,11722,-2044
-1488,-13448,11812,-9815,3490,-4970
708,-10344,3928,-8740,3571,-1750
1436,-13468,9184,-7968,3411,-1970
-984,-11820,6020,-6332,2665,-3542
-1352,-13444,6840,-3178,-610,-1541
-4488,-32768,29704,3287,5934,4808
-8660,-17304,8908,-5801,-4597,1367
-8544,-10268,-1268,723,-4232,7773
252,-18160,3720,2832,-590,12265
-4048,-4968,5612,-340,-3858,6684
-3472,-12872,-6704,-713,1725,1141
1980,-15592,3572,-4570,948,-1248
1136,-12564,6088,-3918,6648,1119
7124,-14264,668,-1420,3567,-1153
-2384,-7884,6684,-2164,-1610,-2034
-2532,-12308,12524,-2285,3064,2472
2496,-14476,9500,-943,-3422,-2968
16400,-18524,11700,5522,700,-7959
2404,-8708,14716,-1259,3359,-8249
-21016,2896,-5340,-1443,5799,3747
-14452,-20504,-3832,-2057,8394,4181
68,-5636,13412,-195,-5039,993
-6344,-11504,12408,4157,-4330,-764
-5064,-16488,1940,3002,-6020,3265
872,-17372,8092,3296,-6161,3458
17516,-24432,8572,87,-9269,846
-9824,-11700,680,-3528,-1505,6778
-11516,-5944,10208,-4113,-6106,3706
-4116,4344,6772,-3358,-3075,2073
8424,-14892,11348,3051,-3791,-2947
360,-14552,9528,198,-1012,-3058
