2536,-7504,14056,-156,-74,-513
2640,-7524,13892,-347,-322,-718
2620,-7636,14032,-517,-148,-532
2500,-7500,14040,-443,-145,-269
2528,-7472,13852,-294,232,-39
2532,-7628,13772,-356,164,93
2480,-7672,13924,-367,169,66
2148,-7660,14188,-251,-379,-67
2372,-7440,14016,-170,-2122,-690
2568,-7960,14252,-95,-2890,-358
2912,-7808,13192,20,-2860,734
-6948,-10948,14300,-830,-1074,4998
2604,-8964,12520,-333,-1008,5374
1988,-8760,15352,-624,-1661,5076
1720,-9988,13896,-1302,-1002,4644
1516,-10464,13524,-2044,-80,3405
2564,-8792,12528,-1980,-696,2962
3564,-9544,10912,-1706,407,1912
2360,-10488,15880,-2313,552,1860
3700,-7696,14040,-2205,-232,2566
4236,-7780,13312,-2758,2099,2975
3856,-7928,13280,-3543,2713,2673
5148,-9076,13020,-3687,4090,2376
3716,-6796,14668,-4065,4831,3716
1480,-8496,14632,-3040,4264,3443
-988,-6688,15508,-782,2364,3886
-564,-8828,13920,-2883,1338,1648
-16,-8924,14288,-1774,-1149,-8107
1944,-7744,13580,405,929,-8830
-2268,-7476,13172,2606,-1027,-3261
-1800,-10372,13092,2538,-3598,-1240
-512,-10604,10392,479,-3258,282
-908,-10868,12464,7,-5192,108
980,-11320,12336,2340,-4626,747
3456,-9384,8912,1159,-2292,-325
3660,-10464,11628,302,-3688,-2420
5104,-9788,11160,2158,-2508,512
5992,-8816,11316,2900,-681,-595
3484,-8532,13348,2998,393,-212
2832,-8056,13644,2031,1507,1469
2280,-8144,14068,500,1605,765
2172,-8052,14048,-398,828,-712
