1996,9656,13320,-327,933,83
2788,8832,12724,-1297,2119,1689
2392,8740,13184,-591,728,541
1012,8404,13672,-401,447,275
1108,7520,13400,362,-693,-773
-1524,8628,15028,872,-2715,-1577
428,9084,15692,-1025,-6128,-3323
2672,6532,13488,1922,-9170,-5093
312,7996,13996,-1227,-6418,-11251
3084,8976,12212,5755,-7573,-10803
828,9920,12916,2164,-6176,-9078
4736,9104,10020,990,-4696,-13322
884,7856,8820,8866,2978,-10598
2416,11200,9672,2186,759,-12252
2176,9868,5868,-4867,8849,-12571
-3264,11768,9592,14661,8144,-6856
7896,10952,1548,1330,-846,-1833
4964,16016,7008,1773,8774,994
1780,16532,10212,4897,5987,3872
5376,17896,6392,-283,-2060,7841
324,16392,6344,-689,-210,6546
-4660,14772,5764,-2448,12027,12113
-6500,9908,5700,-2730,16471,15694
-3024,18228,9800,-914,11069,17559
-6832,12576,12820,225,12674,19307
-1444,10160,9544,-461,10461,11087
-3816,11300,10768,-1222,9006,8594
-5568,9472,13504,-2217,2514,5275
-3764,2500,9588,3422,4673,-2729
-8368,9596,12024,-90,1500,-4866
-1780,2932,1780,-5783,-6503,-2163
5248,24152,21000,800,-2756,-6591
4484,4020,2104,-3082,-2785,-6225
3336,1644,4828,-3714,-3280,-5478
4744,13028,18736,77,-5106,938
5896,-4756,6168,-3332,-2161,-4444
3152,14768,12784,-2053,-655,-434
4052,7280,5380,-6434,-826,1660
5344,6528,3676,-5151,-1968,2173
-5772,19884,9428,-1759,185,-3322
3312,12112,4688,-262,3100,208
-2072,14496,8968,866,5003,1746
-5544,15096,9416,3836,6014,-1018
-2580,17652,9436,532,4615,6072
-3560,15184,11684,28,1722,4383
-1764,14356,11176,-159,858,7284
-812,13448,12276,-2730,-2457,6809
1152,11576,10376,-10148,-7244,2697
-816,11540,11328,-12840,-12184,-3512
1736,10032,10712,-8953,-8044,-2582
2552,11348,10712,-3899,-3417,-3872
3772,9536,11012,-2920,-307,-749
2684,8744,11696,-1321,103,-1602
1988,10032,12932,-1801,313,-2013
3200,9756,11592,-765,-214,-419
2456,9984,12708,597,131,786
2548,11348,12884,-1747,-94,-413
