4396,10144,11292,6,-313,-55
3564,10692,12480,-532,95,-622
4084,10020,11068,-563,-1007,-305
3652,10116,12312,-155,73,-324
3708,10828,12244,-401,-286,-303
3816,10180,11368,-1135,-622,-905
3564,9720,11936,-842,-2015,-1788
1772,9676,13348,-2759,-4766,-4043
2920,8532,12264,-4058,-5609,-5846
1180,7652,13796,-2930,-7538,-8924
5336,9284,10936,-5686,-6782,-10578
5024,9776,11560,-4131,-6151,-11546
4020,10084,12244,-3492,-4811,-11267
3612,10104,13432,-1070,-4372,-10781
3580,10008,11996,-2269,-4966,-10360
3240,9424,11812,-843,-3181,-11017
3056,12220,12836,-247,-3123,-9092
1772,10792,11200,4792,-1864,-6150
3464,12024,10416,566,-429,-6719
2400,11864,9268,2448,-766,-7041
2232,14412,11164,2368,-901,-5857
1628,10888,7948,4480,1788,-4051
3204,10808,6384,11986,7246,-3411
1500,11704,7540,4712,10498,-4900
488,14488,9080,2611,13094,-1072
-524,13872,8604,3355,12920,2437
-548,14824,7952,3242,11967,2210
-2056,16080,9192,3870,7826,5544
-1516,14868,7248,4446,6630,8070
732,13492,5648,1781,13028,9852
-4980,15356,9324,1754,13299,10838
-756,15500,7184,2723,6150,18368
-1596,9196,5680,1795,10328,13571
-680,16752,8232,1129,16102,5984
784,16168,6168,2786,11977,9127
-1548,13680,7700,465,11617,6824
-5156,11748,10256,-2344,10193,7036
-1608,11516,7616,-200,8452,5082
-1296,14608,8100,-2456,7575,3621
-3832,12412,10408,-3279,4122,4770
-964,12572,9580,-757,4254,2906
272,12084,8604,-291,2472,1082
-804,14864,9112,-963,2060,1696
-320,13660,8720,-1731,1441,2517
-700,13732,9016,-3553,2380,1189
-1432,13368,9424,-3731,708,1087
-1504,12132,9472,-2705,-1126,-934
-2584,11452,10208,-825,-3816,-5889
188,12516,9560,-1881,-5467,-6033
-284,11504,11080,123,-6375,-8237
1276,10988,10208,1073,-6952,-7391
1584,12520,9596,763,-5896,-4945
2568,13524,8828,893,-6046,-4160
1828,13516,8344,383,-5222,-3657
1424,13156,8604,342,-4628,-2494
2380,14112,8560,651,-2766,-2272
2068,14476,6288,742,-519,-2568
888,14996,6824,715,947,-307
864,15256,7572,590,1199,1373
956,14640,6636,-162,3512,2298
-176,14972,6960,-856,4027,4946
2184,14860,7256,-1064,5097,2363
488,15664,6616,-611,6106,4154
-1668,14052,7972,-62,5291,6424
-1508,13912,7592,-1798,2571,3256
-2032,15656,9780,-5017,2244,3349
-1928,16264,12772,-15841,-7032,9325
1464,12684,8532,-9096,-6329,-442
756,13796,10296,-12951,-6608,-1866
1844,9740,10372,-9381,-4620,1381
1892,8956,11092,-7238,-6378,-923
