-1448,-11444,11152,-584,-447,-118
-1456,-11680,11184,-755,-6,27
-1368,-11572,11036,-1043,224,-190
-1408,-11660,11108,-786,-207,-367
-1112,-11628,11156,-867,-396,-194
-1128,-11836,10916,-163,100,-78
-1408,-11712,11292,-175,74,-56
-1068,-11692,10816,-617,298,123
-1472,-11504,11276,-612,-110,15
-1004,-11576,10900,-627,-106,-378
-1320,-11840,11108,-392,196,-242
-1604,-11716,11196,-596,-86,-294
-1340,-11820,11240,-545,-494,-843
-1328,-11524,10900,-1004,-545,-586
-1520,-12260,11116,-1173,-662,-868
-1464,-11704,11008,-574,-2292,-1968
-1192,-12208,11200,-600,-4296,-1813
-656,-12064,11064,241,-2916,-987
312,-11548,10764,573,-3062,-204
472,-11232,11068,1098,-2830,-232
516,2696,2828,-1919,-3470,3703
-2180,-10800,7000,-3382,-150,4925
2364,-16032,15688,789,-2486,-1934
160,-10548,7044,363,56,414
-2048,-9264,6280,-735,212,363
-120,-11668,8312,1569,3,177
-1024,-10916,9600,102,590,1179
-416,-14072,13056,-208,1822,1929
24,-13680,12760,485,-362,-63
-460,-11720,8348,2240,363,685
652,-14320,14384,247,1959,2028
-800,-12768,9288,-633,2200,2616
828,-15060,12364,-485,-136,1774
-92,-9760,8384,-1537,480,1938
-600,-12884,11660,-924,839,2371
-488,-13504,14616,182,1891,2710
-72,-10352,10864,-822,2115,2787
-696,-11984,13216,-1896,3928,3444
-556,-11688,12520,-3984,4002,1529
-1980,-10864,13976,-3247,3656,1291
-404,-11416,11968,-3515,3192,-1163
-688,-11284,11120,-4640,3034,-2115
-3668,-10244,9528,-3676,2381,-1933
-5196,-8644,6240,-2198,1191,-1571
-5168,-8820,7896,-2252,149,-2094
-6960,-9876,8804,-4796,-82,-1011
-5084,-11792,8188,-5429,-2822,-1219
-3344,-22764,17552,-704,-5001,-2121
-1928,-6440,3004,2369,-3844,-2869
-2328,-11260,5464,-8773,200,-2618
-4060,-22236,15880,12048,1988,-16
-6916,-8932,7364,3966,-3505,-449
7420,-16072,920,-4272,-10328,-4865
13832,-15292,3964,-8473,-11153,-8861
32767,-29372,-21916,4568,-28896,-4873
-32768,3744,32767,-13094,-5652,27756
-4348,-16728,10420,-1242,1223,-15633
31180,-12348,-13684,1225,-10467,-5825
3484,-7740,-6924,-13361,-4052,19825
4584,-14504,9068,8187,-8388,-8149
-29164,-2348,8108,-4924,30385,22805
1468,-12692,9852,2618,579,693
-304,-12020,10648,-772,1731,1374
-344,-12648,10308,-2413,234,474
-80,-12780,9836,-2729,450,775
-724,-13188,9776,-1551,462,595
-744,-13020,9768,-90,280,-19
-524,-12940,9840,-55,596,43
-580,-12868,9976,-236,509,-9
284,-12580,9716,-392,974,525
-756,-12816,9992,-194,502,-80
