292,-8376,13136,-3009,3090,-1828
396,-7548,12968,-6154,4205,725
-612,-9152,14604,-7850,3097,967
376,-9596,14100,-4958,827,-3552
-416,-7344,11524,-6198,2505,-2933
2580,-10080,11156,-7397,2485,-1205
-3284,-9948,11088,-10432,2683,-4733
-1592,-12660,9456,-18958,5066,1216
-26544,-11948,32767,8729,-15949,-2109
-9128,-13032,7212,-4303,-10850,4576
-9260,-16004,7872,-6525,-16629,14779
-3736,-17600,3964,-4309,-16318,18840
9916,-16572,868,-3666,-2774,11819
3848,-17908,3264,-6241,2093,2857
-4952,-14812,6500,-3617,7762,7611
10760,-15024,6544,176,9282,12587
5524,-16020,9308,1581,-3310,2753
3248,-16124,13024,579,17180,-3317
1116,-12464,15648,5376,26877,-9901
-1044,-10320,16548,7965,10289,-19204
-6156,-7840,16584,11703,16864,-25799
-10840,-6676,17028,6520,9075,-8073
-6544,-8936,13636,6004,-4125,-4754
-9936,-10080,11708,1043,-8502,-5582
-8056,-11680,11500,-3851,-11254,-729
-7940,-13620,7368,-3589,-11289,771
-11060,-12284,8152,-1331,-12757,10988
-15552,-18204,15180,1696,-18957,16815
8364,-18620,5264,834,-20956,20442
8364,-17580,8880,-2513,-7610,8959
5832,-17852,9504,738,-3319,7907
2412,-15532,8116,10473,-936,-3483
-296,-11448,10056,9694,-2475,-6172
-2512,-10748,12480,12016,-3318,-6299
-2632,-8928,12664,13017,-6346,-9069
1568,-5920,10284,9776,-2079,-5223
2324,-5672,11832,9976,-3820,-7039
1820,-6144,14804,5203,-2261,-6199
2084,-6240,14956,7554,518,-8574
-224,-3200,11456,2322,-391,-4254
2472,-4056,12516,-3493,1990,169
2536,-8904,18236,987,1683,-2369
1164,-5516,14968,378,1951,-826
