2592,-8000,13808,-5479,-314,-1591
3100,-9060,15076,-4033,3400,-1402
3848,-9388,13952,-4252,4475,-2580
3276,-7268,12196,-5922,4321,-2807
3156,-7132,13128,-8044,5610,-1169
2608,-7468,11344,-9947,5341,-1744
2500,-7264,10392,-14694,7743,-747
1808,-15844,17412,-15259,12084,-1242
-3660,-11148,10744,-9762,2099,387
-10564,-8876,5972,-16429,-726,12258
-6484,-5548,-4056,7217,-4814,2579
-4576,-15692,4148,545,-13524,4904
-3068,-18392,9016,-210,-7387,11955
3644,-15844,328,-3022,-2225,10749
8612,-9504,2360,-2315,-4521,12704
-772,-18816,8544,1306,10888,6244
400,-13832,13300,-6055,928,3033
3740,-11580,9468,-6553,9222,6962
1780,-11464,14308,-3665,14245,-2469
4072,-15504,10400,-2540,25286,-840
768,-15232,12684,-6171,19277,-10713
3060,-10948,14304,-2829,15281,-26168
-1728,-11244,11672,-151,10702,-16809
-8544,-2148,6512,12399,-1728,-6748
-6128,-16120,9512,10523,-9066,8221
-8572,-13376,12260,6553,-15562,3899
-5348,-14924,7292,1255,-11176,1604
-8512,-13424,8080,119,-14009,4526
-7048,-12904,11020,1248,-21513,2303
-2400,-13944,13584,1477,-15613,4243
-1044,-16896,7652,-1064,-16273,19485
4320,-17436,7712,-262,-5120,14804
1296,-18020,11268,6813,-7162,1801
468,-16316,10400,12154,-6821,352
304,-12556,10788,12581,-6156,2485
732,-9756,9948,10673,-1840,-6285
288,-9908,12180,10755,-6394,-3248
132,-6776,11760,8411,-5131,-1808
2452,-6272,12252,7796,-3562,-3280
2228,-6864,13116,3485,-1801,-2029
2336,-6700,14360,-25,286,-3675
1460,-7292,13784,4169,1487,-3682
1200,-5896,11036,5908,723,-4969
2540,-6356,13976,-1991,-2288,-1040
-1104,-7124,15520,-1680,1282,-2483
-940,-9236,17964,1023,-1482,-1585
1364,-6596,13696,1289,-2136,746
1644,-5292,12608,-266,-1854,-190
2272,-8512,16416,585,-1142,-435
1144,-6476,14636,671,-616,75
2632,-6380,14104,671,-795,-1063
2760,-8024,15968,-59,-1934,1191
1872,-6544,14312,236,91,29
2180,-7100,14848,-158,-315,-731
2816,-7016,15384,-95,229,-590
2580,-7020,15112,397,-308,-508
2160,-6324,14628,-498,-631,267
3368,-7256,14980,-536,650,-1187
2124,-7008,14964,721,226,-1585
1680,-6532,14296,728,-17,-415
1864,-6112,14060,-2,-178,-83
1528,-5984,13684,-1023,26,-425
3304,-7196,14720,-472,-1213,582
2564,-6532,14684,923,738,-435
2404,-6092,14132,-166,600,-1504
1868,-6204,14836,905,91,-1824
