-2628,-8648,10848,-2268,3593,-2268
-3176,-10236,12656,-3454,-241,-1174
-1684,-11008,14340,-1919,1176,-719
-2460,-10092,11696,-322,1897,-871
-1380,-10088,13076,-1436,-217,-118
-1756,-9804,13848,-562,-2282,244
-940,-10300,13076,913,-4051,543
-1280,-10112,11964,243,-1320,-682
-2756,-9852,12620,-76,-2541,-306
-1052,-9432,11196,165,-860,-234
-1212,-10140,12572,568,-1637,-964
-308,-10024,12640,1382,-776,-1578
-112,-10264,14184,3258,-2730,-1944
-1784,-9700,11856,3706,-3440,-2916
-2132,-9692,12300,3888,-2544,-2111
-1964,-10656,13580,2152,-1394,-900
-4904,-11616,10912,-3827,825,2571
-2396,-11572,9740,-9975,8929,7807
-1676,-13640,9300,-16108,6841,11656
88,-13984,12176,-14452,5500,8952
1196,-12336,12772,-11459,4364,6102
1576,-11608,11884,-9767,3114,6659
-1976,-12264,10592,-11334,3110,2597
936,-11480,12644,-8448,453,-1872
-2688,-10492,11232,-1585,-3547,-2945
-2704,-12400,13248,6237,-9919,-6201
-5568,-12336,11348,11057,-10028,-8357
-9668,-13044,12020,1761,1858,-8550
-10192,-10192,10584,3664,-6147,1774
-7352,-11700,7504,6458,357,5357
-4076,-15580,9236,6962,880,3522
-1976,-13000,9832,1602,440,3290
524,-13408,7620,-3262,10784,2801
504,-10968,11228,-4253,9126,4624
2264,-11940,13964,-516,-2731,2557
-3456,-11852,11312,1481,690,-295
-2108,-12348,12844,1040,-969,387
-1436,-13152,12560,-2016,2223,-4404
-1140,-11156,13024,8595,6300,-2392
