-2380,-14092,8328,185,250,-331
-2288,-13504,8388,26,124,-19
-2408,-13900,8668,242,54,-159
-2472,-13436,8452,81,91,-505
-2116,-13644,8456,-608,99,-406
-1860,-14016,8332,-728,-82,-264
-2308,-13872,8284,-576,101,-162
-2116,-13788,8080,-485,280,-115
-2280,-13772,8296,-426,-52,-70
-2332,-13880,8476,-181,203,-55
-2284,-13600,8300,-517,87,-263
-2236,-13860,8340,-719,110,-169
-2040,-13848,8040,-503,289,-168
-2424,-13956,8484,-519,308,-191
-1956,-13724,8424,-720,140,-41
-2160,-13744,8380,-655,335,4
-2244,-13900,8344,-779,224,-198
-2540,-14012,8048,-825,537,-575
-2348,-14040,8412,-777,328,-1752
-3980,-15140,7284,-1231,1095,-3884
-1484,-13244,7400,-1118,-1021,-6461
-1036,-14612,7480,1331,3837,-8255
832,-13364,6976,5045,1441,-7317
-32768,-11928,32767,-17801,14376,32767
1576,-16768,15904,2552,-6763,-4672
1980,-15572,12976,4121,1552,-1332
-608,-15016,8648,884,3971,640
-932,-14808,6520,-107,3292,565
-2740,-12100,2720,1481,3750,-1656
-8,-17592,13160,-863,2247,-113
-2656,-12392,2016,-2095,3096,2862
-128,-16876,15396,2764,306,794
-228,-14616,7496,-985,753,1249
-2504,-12252,12508,-3834,3779,1616
-2172,-10912,5080,-4074,5825,264
-1116,-14648,8296,-3248,9056,2122
5608,-9472,-2992,-5200,-7136,2825
-3588,-15280,10132,-3799,-181,4315
-2444,-13036,9212,-7170,7291,2528
-1764,-13852,9124,-6655,4297,332
-2820,-13720,10160,-6161,4134,121
-6728,-10656,4924,-1167,2823,-807
-7932,-12468,5684,282,337,-2253
-5912,-12308,4388,-3670,2143,-2484
-12700,-7440,-1008,-8533,-1450,-477
-3964,-7004,-1864,-5462,-2994,-5171
-2368,-6020,-6496,-9288,-1101,-2839
-4532,-15492,7740,9027,727,-525
-356,-15844,5492,198,-541,-3951
1868,-14524,1600,3380,-1354,-3591
-7020,-14852,6440,2004,-4555,-312
-1040,-18868,7728,2484,-7638,-2101
-588,-16244,5700,-1589,-4682,800
2596,-11684,5108,1703,12355,440
20896,-32768,32767,12392,-7158,-15912
-364,-12144,9656,2786,-74,1588
-1320,-13508,8160,-254,-1087,4406
-2764,-14204,8084,779,392,338
-1996,-13248,8676,-126,1427,-839
-2300,-13516,8696,-2287,2495,229
-2332,-14092,8328,-775,17,206
-2128,-14064,7944,-307,44,-40
-1916,-13804,8412,-311,417,-361
-2008,-13840,8192,-339,841,-398
-2400,-13928,7932,-255,193,93
-2700,-13720,8080,265,126,70
-2656,-13748,8252,603,195,-261
-2772,-13436,8372,562,392,-128
-2592,-13536,8400,123,331,-28
-2448,-13540,8580,-554,297,-112
-2536,-13648,8384,-1135,302,-115
-2260,-13592,8368,-1175,442,-100
-2904,-14040,8240,-994,448,82
-2660,-13852,8140,-363,174,-172
-2644,-13908,8104,-478,118,-158
-2424,-13676,8220,-365,-92,-123
-2560,-13632,8308,-104,252,-139
-2436,-13180,8332,77,527,72
