-3244,-11416,11584,-569,-497,278
-2620,-10904,11548,-82,-687,-57
-2680,-10784,11524,-277,-619,-420
-2708,-10376,11136,-427,-725,-176
-2228,-10812,10648,-165,-934,-947
-2544,-10920,11172,181,-1808,-1219
-1912,-10364,12760,-48,-639,-1843
-1248,-9784,12704,934,-1166,-2294
-2628,-10252,11464,1560,-522,-3125
-2924,-10460,11688,1312,-3280,-2106
-3252,-10596,12168,1152,-488,-1116
-332,-8988,10068,1034,-2066,-480
-2788,-9668,11500,727,-3419,226
-1292,-10356,11496,228,-1749,-290
-1560,-11124,11700,1142,-165,-601
-9920,-15908,15768,13301,-6921,-602
-4924,-13424,11096,2895,70,4286
-4384,-15336,9472,-5339,4912,5514
-5508,-15404,7588,-15941,8851,6767
0,-14364,5640,-13976,-1438,10748
1088,-14224,15224,-8333,393,5314
248,-12936,12448,-11369,2862,-72
6504,-11712,7716,-8623,11032,2755
928,-13100,14336,-4406,4463,-3628
-1904,-12572,10324,-226,-3594,-11295
-3244,-11868,8856,7422,-5438,-16375
-15676,-11660,13080,5667,-7647,-4310
-8152,-11308,9388,6676,-7829,3863
-7356,-10744,8360,7652,-5541,4897
-1512,-12832,12548,7700,-1645,5260
220,-18032,9272,6099,-3882,2116
-2580,-15984,6288,-3775,4276,4771
-1120,-11864,8940,-8694,15072,8806
2184,-13952,13188,-3698,342,10569
1776,-12068,13296,470,855,4966
-1564,-12928,11680,1469,-852,0
-10588,-14072,2184,923,-140,302
-3104,-13332,9104,358,-1431,-3397
-6692,-17456,16372,8315,-2848,-266
-2556,-13884,11760,7623,8006,1555
