-1196,-14296,7584,1163,-296,225
-1400,-14108,7828,377,67,303
-1048,-15172,7940,-453,-92,-216
-1092,-14636,7520,-633,140,-538
-1032,-14276,7796,-182,338,-557
-996,-14396,7724,236,512,-351
-1208,-14192,7832,370,691,-213
-1256,-14260,7984,35,564,-195
-1320,-14056,7888,-968,385,-539
-1476,-14260,7976,-1955,616,-1633
-1264,-14288,7792,-3748,835,-2264
-1604,-14748,7472,-3794,-535,-3535
-2220,-15412,7476,-1328,2033,-4425
-1964,-9956,6028,3420,-5154,-4563
1596,-14960,3576,4434,-3403,-1262
-736,-14376,7044,4608,-911,-1098
-572,-17604,12576,2522,-1786,-38
132,-14424,6732,185,805,515
-836,-14764,8784,-2628,1876,1449
-1288,-16012,7360,-3872,2060,1533
-204,-14432,6756,-2776,586,765
-340,-12804,3280,-1180,3295,1801
-328,-13840,10956,-1681,394,61
152,-13152,7184,-310,610,1247
580,-16636,11152,2688,862,2012
180,-16496,9064,1084,2579,2513
776,-15456,8532,2425,4156,2263
-1712,-11588,5788,-192,1494,1253
-2040,-14320,10312,1105,5372,2641
-3092,-12684,11592,-258,2996,1107
-768,-13060,8912,-2454,3468,80
-616,-13264,8268,-2222,1889,-919
-3440,-12504,9700,-3353,1187,-1147
-1932,-13992,10940,-3572,556,-470
-2812,-14104,10456,-2185,157,-873
-2996,-12696,7976,-1812,-159,-1663
-4296,-11888,7296,-2415,1171,-3054
-888,-18392,14052,-3004,-2444,-3270
-6596,-16916,13544,-1484,-2773,-1540
-16340,-15284,10004,-10029,5287,648
-1432,-13984,5384,-3461,1372,-3365
-2420,-7272,-1000,-4683,-3250,-4701
-1328,-14512,1200,-487,-5288,-2377
-7604,-10068,10620,6352,2877,2357
3312,-17192,4140,-476,-976,-902
-5412,-15036,6128,3513,423,1758
-2176,-17860,5960,1454,-8274,-829
-68,-16196,4936,1969,-1837,-1751
-1904,-15472,6660,1387,-3262,1420
-480,-16420,8600,100,-3462,1150
536,-12556,3696,-1772,-1392,2630
1028,-12704,4788,-858,-607,1900
1872,-15772,12684,2107,-3431,-601
-664,-14556,6768,686,1310,133
4772,-12204,9480,5234,-1500,-3392
728,-13364,8664,659,1481,1557
-308,-13680,8300,-2229,2451,3238
-1832,-14700,8428,-2150,1636,1611
-1164,-14260,7780,-2104,-57,-393
-1088,-14176,7832,-2113,197,-835
-740,-14328,7316,-1682,400,-528
-876,-14448,7572,-966,336,-339
-736,-14504,7480,-340,200,40
-988,-14400,7700,-224,224,149
-1068,-14388,7500,-32,660,633
-1344,-14120,7740,32,758,245
