-624,12644,9868,-323,76,-280
-440,12908,9820,-353,173,-282
-736,12740,10160,-307,251,-287
-256,12080,9520,-917,274,-434
-1164,14872,13316,-5643,-1634,-520
-2128,11684,9760,-8188,-7432,-1040
-11404,11396,17880,-12319,-12251,-5216
-4528,9204,10584,-18517,-18261,-10087
1008,5704,10100,-12261,-9137,-8009
608,7524,11148,-3778,-4116,-12694
-1276,7292,13744,33,-3396,-11833
752,8556,12244,3676,-4596,-11972
-48,9800,12028,595,-2993,-17868
124,9260,10524,3405,-1864,-14326
3304,9668,7896,18140,5010,-10258
3584,12712,10192,14546,7053,-8273
7860,11412,3748,3404,4339,-5329
3656,15820,8756,3357,4686,-497
3340,18176,10300,4458,5909,1402
3836,13436,6096,3899,3461,5437
6828,16320,3152,3295,6330,-780
896,21136,4404,-3799,15839,9778
-5660,16124,3840,-4278,17867,19291
-6044,13096,3576,-6051,16698,15580
-10356,15948,10768,-3801,17449,13188
-10380,13092,9764,-527,13120,16833
-7956,9684,9568,-505,11637,17198
-5252,14928,9560,1600,13305,12151
-8696,16260,13084,1674,9376,8881
-5780,12108,11840,-378,5621,9062
-4456,11732,11276,-1794,3068,4964
-4000,12156,11020,-4416,-1844,2775
-4176,10288,9812,-3666,-2857,-1336
-3172,13724,11144,1509,-3012,-6452
-3524,6196,3212,1368,-1656,-10680
-1816,15548,10636,1705,-8335,-5579
3808,12580,9704,-2702,-7524,-3587
1172,9828,8428,-6329,-10040,-3421
1536,-6768,2760,-1583,-1843,838
5784,5544,5832,3974,979,-5075
-12,23500,14584,837,1736,-5881
-1332,10392,11064,2176,-3321,-5046
-500,10380,4116,1660,2512,-6183
-564,13232,9584,-592,2145,-3845
-4112,14652,7668,585,1996,-1306
-696,15048,9056,-2110,-3321,1147
