4192,9624,12064,-512,-500,-940
4444,9040,12460,-450,-1400,-852
4236,8108,12916,-951,-958,-1324
2092,5164,13708,1448,-2305,-2048
1208,5396,14500,8921,-7866,-4281
6840,9204,11384,-684,-9795,-10957
5104,9212,10152,3849,-1975,-13406
2264,13524,13036,995,-1994,-15386
1580,11556,9800,385,-3558,-14648
3816,11732,7776,4759,-2441,-9778
2000,14704,11284,443,-2584,-7980
1580,13404,9500,1130,-568,-8162
4156,10796,6884,1190,-476,-6957
2208,15452,11012,3019,-1576,-5907
216,12568,10068,-176,1764,-4711
2912,13840,7796,1461,2909,-3557
684,12944,6884,4158,7849,-4051
360,14192,8752,2692,11266,-2789
172,17104,8116,3806,14078,4275
-2268,14924,8928,5613,10162,10025
1060,16152,6724,5336,6057,12419
-1448,16320,6304,3756,11095,12745
2048,16496,6744,4756,7405,11343
1400,16356,5944,5899,5491,15148
1532,13552,4440,4503,11058,16751
1180,13448,6172,1905,9933,9466
7172,19184,3012,4484,11799,10537
3788,16036,6384,4614,9345,12727
-52,15236,8360,6143,7166,14729
8656,16480,2404,3524,10434,12398
248,16532,8464,5637,11226,12678
-1076,11392,8448,671,9431,5139
4644,14904,6916,-1727,7828,-119
1180,15884,8436,-773,3728,128
2304,14228,8032,-1114,1881,1763
1472,13312,8820,-1658,1648,-1992
2020,14680,9220,-2233,-997,-4341
3820,13620,7272,-2363,-1836,-4961
1828,13972,9232,-2510,-6270,-9749
4068,11524,6816,-7157,-8347,-9330
8528,14480,6960,-4865,-3128,-4173
7508,15332,12568,-925,-5286,-3941
5860,13968,9244,400,-4569,-5031
5296,11928,7452,-323,-4218,-4598
4472,14304,7448,-1682,-2479,-4976
3924,15424,6984,-1993,-1654,-2631
5392,15544,4912,-1490,2226,910
3016,16240,3576,-1519,4364,4419
-556,16912,6660,91,8236,9697
3224,20676,8904,133,5304,15320
-3392,26332,16488,-23203,-3596,17119
2116,9668,6804,-19252,-2980,-3315
3316,13580,11516,-15114,-5952,3252
5788,7048,10244,-12343,-5608,1849
6732,5256,11244,-10936,-8296,-2604
9104,5700,9320,-4592,-5451,-6063
4484,9276,10988,2302,-348,-8308
2080,11168,12512,-2196,-2902,-9878
3116,10204,10980,-5090,-4676,-10569
