2804,-7312,13984,-234,150,-676
2652,-7280,14068,-400,455,-546
2660,-7372,14484,-452,216,-28
2784,-7648,14196,-513,281,181
2336,-7728,14120,-627,774,287
2580,-7416,14080,-461,769,770
2520,-7528,14100,-430,487,570
2504,-7460,13956,-134,120,-151
2436,-7532,13840,-266,-708,-750
2276,-7376,14196,-544,-1099,-753
2812,-7412,13748,-521,-599,-311
2760,-7296,14096,-528,-1164,-146
2208,-7676,14164,-458,-1850,86
2628,-7656,14020,-85,-1472,785
3332,-7628,13380,72,-1142,1339
2496,-7772,14284,654,-2362,1277
1844,-8532,14300,462,-3780,786
-420,-10216,12728,-924,-1018,3903
4052,-7032,15532,-255,-2593,5030
3376,-7288,12388,-347,-2739,5020
2012,-11768,16840,219,-2253,3528
2436,-7224,12916,-503,-2105,3361
2724,-9128,13552,-1173,-1588,3338
3112,-10448,12092,-1254,-935,3742
3816,-8548,10716,-1262,1131,4034
5128,-6452,11216,-1708,-648,4262
6496,-7132,13580,-1678,-935,3770
7532,-5312,14568,-2030,1839,4228
7936,-5932,11980,-3082,7714,4591
4156,-6136,15500,-3622,9496,3654
1268,-8036,16024,-3508,5269,-855
1032,-7168,15372,-2984,2737,-3202
-664,-6216,14696,-1652,471,-4413
-932,-8952,14044,-2129,-1219,-4379
-2008,-7624,14860,-1455,-3395,-2998
-3204,-8600,14060,2440,-5099,-2690
-20,-11184,12060,2878,-6645,-1511
-88,-10320,12652,727,-4864,777
760,-9424,11176,2407,-3806,3528
2964,-10120,11444,662,-1614,284
8364,-14208,14632,-942,-4082,-2264
6816,-7808,9244,-1660,1627,-2379
6216,-8796,11884,-1140,275,-2536
3740,-8788,12764,749,757,-223
3384,-8584,13332,1887,574,1004
3080,-9008,13284,2099,778,1720
2500,-8448,13864,2193,476,2014
2776,-7804,13608,1688,1108,1360
