2156,-10024,12492,-719,1,-1260
2084,-10024,12608,-701,-329,-1287
2152,-9996,12436,-230,355,-721
2276,-9932,12192,-105,440,109
2088,-10020,12528,-74,467,673
1832,-10112,12580,57,457,748
1524,-9892,12660,213,180,440
1520,-10064,12708,92,69,-45
1480,-10164,12556,-311,-335,-948
2128,-9916,12172,-395,-901,-1657
2024,-10116,12680,486,-1121,-1501
1560,-10264,12688,2034,-2165,-1074
1724,-10216,12164,1954,-4958,-540
668,-14348,7400,-1082,-975,4110
3500,-12648,12752,-1210,735,5328
2220,-10796,11476,-692,-601,2535
1412,-10896,11768,-726,-590,1490
2232,-10472,10020,-1779,-220,2649
1860,-10964,13344,-2194,-1558,2647
4232,-11024,13248,-2225,-323,2647
5076,-9860,12768,-3564,1533,2878
4964,-10364,10568,-3207,2244,2662
7044,-9984,12516,-4810,4668,4563
3592,-8984,13628,-4991,8719,4248
200,-10964,14844,-5943,5979,-308
-20,-10464,14244,-4831,2433,-2207
-972,-13204,12968,-3320,1616,-6078
-3044,-10220,12488,-693,-1334,-7892
-1556,-10248,11480,3612,-5313,-6135
-288,-12376,9800,5218,-4567,-1470
368,-12808,8692,4216,-4908,-307
68,-12376,9348,3592,-3081,1922
4056,-13336,10516,2186,-2730,383
6484,-13240,10172,1492,-4289,-2485
4892,-11536,10936,2297,-1874,-2018
4908,-10152,12248,2251,415,-2657
3184,-9892,12448,1857,1259,252
2892,-9944,13024,1323,1509,2122
1792,-10072,13016,478,1746,1996
