-1036,-7924,14572,-5218,2910,2525
404,-11212,14924,-1754,-5769,-2051
3448,-8900,10700,-5163,-38,-7673
-1196,-7760,12172,-5701,5382,-1745
300,-10448,12472,-6984,5232,-3665
-360,-9804,10004,-12734,4896,-8875
-4888,-11732,13072,-10189,4785,-4635
-3592,-14196,11292,-8726,-2100,-800
4160,-13108,-9836,854,-11438,-4806
-5024,-13080,9400,836,-8568,2696
-2060,-14620,9208,-1506,-6274,16651
-3208,-14232,6912,992,-11750,14065
-800,-14852,8680,311,-17356,4522
-1048,-15572,6892,-2761,-8223,12135
10916,-17440,2656,-2055,-231,10561
568,-14940,7164,-2002,-2940,5020
1876,-12404,8528,-2339,4112,5481
1308,-13876,13116,-5408,738,10924
5940,-13324,7180,-4895,6219,6198
2372,-13088,10372,-2506,17013,-1665
-140,-11804,16672,-3176,18416,-2219
1624,-10096,13488,-2164,13728,-12330
-1684,-7956,14988,2083,14201,-3167
-4932,-9428,15084,9468,11657,-10119
-10840,-10292,13152,8892,-2643,-3009
-7372,-11476,11676,286,-2203,-1247
-7480,-12060,10368,-3427,-6896,-5223
-6848,-10088,8516,-1814,-10767,-2781
-4040,-14956,8872,-1115,-11310,1850
-5476,-14680,8740,-2671,-10203,-185
-5252,-15124,4480,86,-6465,14400
7116,-17596,6300,1741,-14725,18185
-968,-18316,10324,-1397,-8442,11849
7248,-19712,11164,12083,-6594,7530
4016,-14084,8556,11456,-9713,-1298
4988,-12456,9072,8047,-1663,-4575
-1232,-10684,10616,9109,-1702,-6650
808,-7700,8864,6098,-842,-6032
104,-10672,13456,5721,-1243,-4470
1308,-9472,12912,8615,-1937,-6913
1496,-7092,14320,8990,-2621,-5837
-1656,-6228,14244,17465,-2227,-3280
4692,-7076,11628,4698,-10575,3458
