-2232,-15212,6236,-4535,-666,-1878
-2112,-15040,6456,-1181,-1339,-1331
-2788,-15348,6544,-238,-657,-1576
-1416,-14236,6212,336,-2336,-2923
-2756,-17064,7136,-1610,-937,-6246
-820,-14448,13200,-693,9217,-7404
23328,796,-20524,7709,7375,-1150
20728,-26520,-8404,2872,-22492,-7415
-1728,-22528,18568,170,-4311,-3465
1436,-18324,12192,1261,-2399,-2534
2896,-19044,14268,-634,-1513,-863
-1544,-15532,6808,997,-4494,-1409
76,-18868,14560,1199,-4647,-1813
-2124,-14756,7812,1027,162,555
-1260,-16216,9600,1403,127,721
-696,-9128,528,1290,2935,1949
-260,-18852,13004,2741,1270,-257
-3224,-9300,1620,-898,2019,2344
-608,-12812,10560,-721,-2317,645
-1488,-13004,6636,873,-989,82
-28,-15624,9108,-810,1818,218
-1012,-14880,10756,1055,-192,208
-736,-15432,10820,-1223,-930,1439
-756,-14512,11352,-1117,-2339,474
-596,-16536,11272,-379,1704,1312
-760,-11588,7896,-1916,830,-152
-836,-11896,6348,-2584,2435,916
-972,-11584,10496,-453,324,1414
-888,-14044,8976,-559,2569,1188
-904,-15564,10304,-129,3479,1638
-1488,-11616,8296,-2647,2094,1409
-1492,-14080,10412,-2044,2517,1693
-1832,-13712,9744,-2578,1330,260
-2036,-14436,10392,-1559,1916,591
-1884,-12880,8556,-1797,2104,621
-2944,-12728,7632,-2149,2734,13
-2324,-12988,7400,-1079,1216,-950
-3292,-13952,9688,-730,310,-1771
-3788,-15540,11668,-833,269,-2106
-3972,-10348,6112,-2037,1040,749
-2476,-13160,8292,-1563,-2591,-930
-924,-11832,3008,-1425,-274,-854
-3664,-14856,13152,-4587,-4334,-2813
-11376,-23144,15720,-8529,4065,804
11716,8496,-10544,13468,-2152,-7753
-96,-20528,-2024,-9002,947,-656
-1352,-14244,-3236,-17076,2727,-1954
4060,-8684,-11984,-13782,-1855,-1793
-704,-16256,296,2355,-4354,1932
-3056,-18356,5188,2564,-3394,-1126
-5676,-14936,4392,5021,-1469,1383
-3624,-14552,4004,3631,-3789,-631
232,-16756,9772,1517,-3645,-2363
-924,-13372,3032,968,63,-291
1016,-16176,7960,1107,-619,-2132
1180,-16264,10100,625,-1422,-362
1652,-12040,4280,2292,-911,-1342
-888,-13784,10220,5353,1660,-3096
-88,-13064,9008,2562,610,1059
-316,-13488,8848,789,347,2446
-1012,-13972,8516,-677,649,2003
-1532,-13944,8804,-1336,275,205
-1052,-13912,8312,-2258,-93,-116
-860,-13992,8260,-2386,222,207
-432,-14076,7968,-1675,-252,97
-768,-14204,7980,-1210,174,172
-720,-14236,7868,-469,250,-88
-844,-14284,7984,-87,389,-326
-1136,-14220,7896,-176,179,-213
-876,-14180,7996,-584,219,253
-904,-14100,8044,-789,229,357
-908,-14244,8032,-1144,-118,379
