1908,-10472,12332,-252,186,-339
2120,-10348,12384,-346,35,-102
2080,-10188,12120,-568,247,-20
2240,-10296,11920,-500,240,-117
2280,-10184,12200,-517,30,-206
2168,-10336,12404,-445,10,-156
1976,-10396,12204,-356,-53,-233
2048,-10316,12292,-347,138,-266
1964,-10420,12148,-458,-29,-215
1916,-10464,12404,-625,-667,-888
2156,-10384,12064,-537,-1001,-1847
2412,-10284,12088,-503,-1275,-1959
2620,-10504,12292,40,-2246,-1670
2536,-10744,12228,1084,-1529,-1391
616,-10072,11812,1105,-2071,115
1932,-9272,4956,-1281,73,2935
1792,-9484,12780,-1185,-1799,2884
2132,-10548,14040,-194,-2215,1571
3068,-10764,8760,-404,-486,2347
3052,-9740,12844,186,62,1815
2996,-9788,10140,-300,546,1773
2276,-11912,12876,-2693,501,1325
2704,-10744,12676,-4640,2561,2303
4980,-10988,10932,-5344,3818,2406
5648,-7420,11420,-4328,3655,1672
4536,-8972,13616,-2575,5486,3666
2200,-8392,13756,-4875,6260,4386
-540,-7840,12516,-5932,4249,924
-312,-7508,11680,-4664,2564,-2353
-332,-10840,13956,177,-3033,-7320
-308,-9944,12444,2575,-3421,-3798
-1412,-10892,11424,4656,-4213,-1452
-688,-12476,10708,4719,-4610,83
44,-13196,10168,3192,-4768,390
1096,-11224,11024,1724,-3459,1416
-344,-11876,10884,3698,-5297,2673
3604,-9652,7284,1452,-716,-109
6688,-11484,9900,164,-1217,-3037
4292,-10188,11716,359,298,-1260
2968,-10272,11684,839,1043,1029
2600,-10356,12240,350,1726,2117
2020,-10520,12152,-68,1438,1139
1648,-10452,12200,-444,479,-309
1864,-10540,12212,-913,298,-1025
2548,-10532,12028,-1065,238,-614
