-1780,-13736,8496,-107,120,-100
-1732,-13784,8448,-85,-9,-116
-1768,-13548,8304,-413,-12,-152
-2008,-13680,8552,-202,-6,-171
-1912,-13728,8680,42,54,-280
-1788,-13632,8484,-74,-129,-412
-1712,-13612,8600,-132,112,-261
-1520,-13708,8664,-408,210,-248
-1716,-13620,8792,-591,25,-217
-1752,-13660,8576,-433,-87,-222
-1548,-13612,8496,-309,-3,-454
-1900,-13680,8584,-336,93,-204
-1412,-13500,8632,-511,-349,-331
-1732,-13660,8888,-326,-609,-709
-1768,-13632,8724,-70,-847,-794
-2100,-13940,8596,232,-1519,-1655
-1008,-13992,8400,1653,-2044,-2092
-1684,-13860,9152,2345,-3179,-1635
-1872,-13960,11068,3266,-3510,-1963
-6624,-32768,29952,2297,-5762,-6268
-3388,-16036,8496,1728,1353,144
-952,-16432,10408,-167,1268,584
-748,-14232,6980,-1881,1502,1639
-1652,-11408,4688,-1952,1041,1252
336,-14768,10764,312,-604,1397
-772,-14832,11488,-1531,-631,2066
-1752,-7076,5268,-4099,-1575,1167
436,-11656,4128,-1571,1583,2160
204,-14888,8756,-1773,2050,2529
-264,-17728,10168,694,2304,3069
-1144,-13412,12624,-1485,649,2999
-1480,-15556,9268,-1876,2205,3404
-2256,-12176,9272,-7299,1304,1849
-3228,-12196,9336,-6224,1111,1931
-1808,-14496,6292,-4432,-123,317
-3408,-13168,5736,-2717,384,1254
-4812,-12976,4576,-3157,-139,300
-360,-16920,9656,-4152,-1245,-1550
156,-11728,3804,-2029,-2848,-2844
156,-17892,10592,778,17,-2803
-5352,-21464,15740,-1860,3638,2640
-8600,-3236,-6992,-9746,2841,3652
3536,-19056,4840,4062,-2039,-3944
5132,-9596,-1488,6260,-6472,-7473
-2980,-7684,432,-1604,-2701,-1979
-5276,-15856,10980,3738,1504,-2181
-5104,-13432,4888,3131,-2753,-2042
-9060,-13000,7992,7161,-2481,-6
-3576,-16336,3796,5252,-7225,-3579
-3492,-16888,10596,1354,-6830,-59
2488,-16124,7480,231,-4433,100
80,-13816,4072,-760,-4225,3058
728,-14072,3280,28,-2920,2432
-840,-9736,1644,-3163,-4225,2463
-1200,-10060,1312,-961,-1444,2221
-160,-14084,8508,-1410,-1986,2292
2992,-16836,10992,4646,-1325,-2
-820,-13232,8816,2570,2435,986
-1480,-13960,8352,-1187,787,-93
-1112,-14072,7924,-2692,363,-82
-1436,-14616,7424,-2695,858,907
-1408,-14748,7212,-1151,586,317
-1208,-14668,7080,-190,99,-157
-1060,-14416,7444,-158,608,55
-1100,-14380,7292,-132,204,-114
-1408,-14456,7456,-152,484,-178
-1308,-14480,7292,-251,374,-104
-1436,-14444,7248,-31,244,-315
-1476,-14332,7456,-170,610,-152
-1556,-14484,7516,-399,-43,-143
-1100,-14312,7404,-698,-104,-235
-1400,-14376,7348,-750,492,24
