2100,-7980,13760,-419,123,-355
2356,-7648,14048,-291,-230,-546
2252,-7808,14128,-670,-2,8
2012,-7948,14072,-778,261,429
1808,-8004,14052,-531,76,111
2108,-7944,13884,-281,-43,-502
2212,-7904,14024,-125,-266,-813
2200,-7840,14048,-282,-172,-677
2348,-7840,13728,-130,64,-370
2492,-7740,14048,-125,141,-276
2220,-7832,13880,-355,6,-180
2108,-7776,13920,-456,189,-57
1924,-7960,14052,-553,-126,-22
2088,-8216,13784,-407,-1236,-811
2520,-7992,13188,-132,-1750,-1196
2396,-8344,13996,-113,-2423,-901
604,-9560,14780,182,-5508,-729
-2300,-6476,12064,-1349,-1654,5753
2340,-8956,10620,-1540,-189,6825
1576,-8188,9836,-503,-1479,4578
3400,-10908,12660,-26,-1348,3726
3116,-9136,13800,-323,-791,4551
4048,-7224,15600,-118,236,4343
4712,-9488,11776,24,1363,2206
4156,-8088,13272,-1665,2915,1673
6792,-6484,13808,-3958,5044,2642
5488,-6272,16008,-4817,7342,2939
3504,-8372,15516,-4217,5352,1394
-1188,-4424,15616,-3476,3058,525
968,-8580,15868,-4105,2256,-3159
-4856,-5444,13700,-1584,-697,-4700
-5680,-7276,13780,-1163,-2490,-4293
-1500,-8248,13472,717,-3637,-4473
-184,-10388,11940,6216,-5276,-2459
1236,-9892,11980,7570,-8958,1363
5108,-14456,12660,2806,-5185,-1052
5116,-10524,12664,1425,-4811,-2492
2824,-7796,13148,1856,-1032,468
11020,-8024,12808,3071,2273,-4397
4488,-6752,14076,2615,2642,-5438
2972,-6692,14816,316,2048,-698
2572,-7260,14704,-1646,2488,1329
