3972,-5316,15344,-395,155,-673
4456,-4600,14544,-1077,1078,-1629
6064,-2908,12848,-3035,1266,-3351
6084,-2692,12108,-6058,2829,-6638
5028,-3788,13216,-9585,6741,-9182
4472,-4192,14668,-14431,9805,-8346
5940,-4404,11440,-11522,8271,-3222
2692,-7832,12164,-13388,11318,-7003
-4172,-8824,13360,-8835,7807,-8613
-2532,-13104,13860,-16164,4815,-987
-6728,-11524,13304,-12491,-2082,4349
1464,-19956,8412,-25027,-5142,6333
-11344,-14480,10036,-7946,-6276,5290
-6456,-16272,6548,-7809,-5844,14297
-1964,-16276,5544,-6254,-10337,12034
-3676,-19288,4700,-12447,-9157,7783
9872,-11844,1856,-15037,-1331,13104
7148,-13888,2332,-3124,6621,8449
8120,-14992,10532,-4,11392,6430
4676,-15964,8840,-3542,4790,-1567
10192,-16972,8964,-3960,13730,-6096
5832,-14748,10360,-886,14081,-19538
-5936,-7956,7788,3062,16693,-17999
-7940,-8456,14540,4036,7715,-418
-6960,-11824,15008,7626,-5346,-2127
-8980,-13492,6608,1193,-11678,3401
-8808,-14224,7604,-1248,-6539,3356
-7080,-16052,5912,-1691,-6899,-325
-9424,-13168,6636,-373,-8552,-339
-7356,-13472,6084,3126,-8001,4483
12,-17260,3176,2061,-9389,10136
7592,-18684,1972,-1256,-5750,16649
1440,-14488,5836,1113,-3832,17595
1964,-19992,17408,14208,-3528,1303
3460,-15220,9120,10547,-5538,-3878
384,-12340,8864,10771,-740,-4489
-2148,-11204,12620,15891,-2395,-5154
-524,-8712,9880,6928,-1561,-2988
236,-11384,14036,3698,949,-2848
-896,-10024,13120,5986,-557,-3694
-2124,-8184,10928,3652,-2196,-1698
1016,-9556,14216,4017,-645,-3347
-676,-8252,12160,4783,1741,-3445
-60,-7388,12952,1418,-836,-1413
1740,-6996,11504,-1000,1016,-424
768,-9344,15320,679,2625,-1896
