2148,-9252,13048,-507,200,520
1868,-9400,13044,-705,197,427
1672,-9580,13060,-804,203,-366
1804,-9508,12800,-689,108,-692
2036,-9448,12704,-232,226,-539
2040,-9464,12828,407,272,-286
1796,-9480,12928,408,180,-321
2164,-9212,13260,-453,617,18
1900,-9240,13296,-1793,1794,114
2288,-8768,13140,-3458,2119,818
2288,-8108,15692,-6930,3281,4124
1644,-9752,11604,-7153,5610,6088
17172,-32768,32767,18043,-16110,-23692
912,-10300,14852,6490,-5721,-10323
-2120,-7544,9488,1366,2002,-4533
4500,-7700,10640,-2268,1549,-3762
2612,-9932,14816,957,-864,-7245
404,-8576,9728,756,1271,-6555
-964,-7692,4596,-10050,2390,-2212
-6420,-24432,32767,8548,-2518,-2385
2216,-12592,11620,-1551,-3977,-1534
-6276,-10800,13964,383,-8206,7488
-188,-11060,10640,-601,-4327,8315
2328,-11792,9848,-218,-3595,9543
3204,-11688,9436,-672,-1911,4871
2816,-13168,8980,-2445,272,3695
1860,-12452,11096,-4602,2885,4191
4336,-9376,12308,-5882,4658,4483
6968,-9608,13968,-1500,3131,132
5620,-7336,14264,525,1539,-2727
3968,-7460,15524,-2410,6900,1193
2588,-8028,14560,-6543,6009,205
2292,-8760,16792,-8304,3312,-5524
1452,-9884,11896,-2477,1636,-8458
-1676,-12200,10884,3544,239,-9609
-2920,-11408,11008,3169,-1025,-4731
-1216,-12864,9500,3624,-3903,-5231
-3824,-12764,9376,5152,-4432,-2006
2700,-12832,10824,4722,-4226,4827
2716,-12460,11128,4587,-3627,2660
9172,-12340,9408,2023,-758,667
7888,-9932,10568,1050,-104,-529
3640,-9736,12304,1407,994,-1918
2736,-9656,12772,1376,955,29
2888,-9632,12676,842,642,910
2536,-9628,12688,87,1176,1523
2068,-9880,12712,20,764,913
1880,-10024,12632,5,998,-89
2004,-9824,12632,-106,1014,-772
2180,-9588,12824,42,212,-814
2704,-9556,12792,-246,284,30
