-2376,-14732,6632,105,-641,-809
-1656,-14568,7100,623,-512,-504
-1832,-14952,7076,210,-136,69
-2256,-14552,7068,480,-54,-266
-1960,-14452,7128,-77,-197,-468
-1792,-14544,7148,-878,71,-444
-2124,-14676,6832,-1411,-78,-745
-1716,-14488,6632,-1596,384,-1248
-1712,-14612,7000,-1988,228,-1538
-1892,-14560,7040,-2226,505,-1182
-1660,-15032,6560,-3201,-32,-1354
-32768,6640,-13304,32767,28908,32767
-30368,56,22680,4155,6670,13893
5112,-16796,1316,2792,-3917,-3304
-6280,-14412,11292,1017,-896,1584
-728,-12216,3352,3119,-2222,342
-48,-11840,3668,4286,-2900,-121
-744,-10676,1748,1715,-1511,1816
-1948,-10856,2776,1129,398,1104
-288,-16936,5716,4831,3005,-818
-1460,-16108,7124,2583,1402,63
-532,-16380,10960,3134,-1023,41
-724,-16364,9984,2682,-673,1035
-2528,-13872,7884,-2220,-708,2408
272,-15464,10668,-3499,347,2539
-544,-11116,7092,-1412,-2827,379
264,-13100,7856,379,-370,925
-584,-11760,8632,-721,-134,972
536,-13608,9272,-1249,2866,2140
-820,-11668,10092,-2889,1900,2107
-1196,-13128,8908,-2805,1774,1757
-524,-13736,8272,-4506,2826,854
-1336,-13428,8416,-5178,1266,317
-1892,-14184,10104,-4056,186,-1395
-2368,-16008,10516,-1088,-346,-1376
-3584,-16064,11716,-2231,-864,-723
-2160,-9364,1292,-3355,-742,-1228
-3904,-19712,10664,496,-166,-299
-3944,-19912,8804,-13534,-4145,-1310
-13772,-26320,32767,32767,403,-6029
-10892,12360,12596,7016,-15072,1627
21416,-17296,-5300,-15112,-1865,-11284
-8076,-18168,9696,-11427,-4395,-6426
9328,-26420,4448,-1285,-16024,-4577
-4856,-12056,4860,3485,721,45
44,-17380,9972,752,-4913,-2217
8180,-16096,4564,3173,-4553,-6894
-320,-14152,7592,4909,-2077,-2275
-1364,-8996,11428,5722,-8600,-3886
-1004,-32044,17152,-579,6040,2211
-1092,-18016,9204,523,1151,1156
-516,-11020,4848,354,-340,674
-260,-13040,9600,1010,437,311
-980,-13592,9240,-1537,874,666
-1104,-13720,8728,-1957,129,-69
-856,-13908,8652,-1592,128,-292
-872,-13936,8452,-994,167,-58
-624,-13788,8460,-467,71,23
-672,-13828,8504,-431,315,62
-680,-13944,8688,-317,547,96
-960,-13880,8480,-438,305,51
-1000,-13740,8528,-313,412,-118
-836,-13776,8600,-100,230,-156
-1100,-13896,8564,-166,37,-125
-1004,-13832,8460,-352,251,-112
-704,-13724,8432,-513,438,-142
-956,-13956,8468,-508,125,-192
-768,-13876,8520,-542,325,74
-916,-13804,8648,-118,169,-196
-1180,-13792,8736,-244,224,-269
-992,-13800,8672,-236,18,-194
-1132,-13884,8688,-440,-263,-287
-972,-13888,8548,-513,192,-127
