2408,-9908,12468,68,169,-102
2124,-9976,12536,-22,270,41
1892,-9960,12768,-335,164,20
1964,-10156,12716,-812,-61,62
1960,-10272,12404,-1096,101,-170
2216,-10060,12504,-839,-119,-361
2096,-10112,12232,-658,-105,-319
2248,-10128,12540,-828,31,136
2248,-10064,12860,-1618,3,733
1964,-9900,12236,-2194,-312,932
1856,-10396,12124,-2440,-409,430
2028,-10692,11380,-2933,-471,50
1880,-10784,12056,-3149,-698,-443
2268,-10916,11664,-2761,-379,-690
2216,-10988,11572,-2076,-256,-745
2496,-10948,11664,-1865,-376,-475
2048,-11204,11484,-1377,-48,-22
2072,-11224,11332,-493,26,-136
1984,-11292,11632,273,44,-966
1708,-11748,10556,1098,141,-2646
1564,-11756,10720,3643,215,-5354
2096,-11064,12008,7145,190,-7408
2920,-10924,11712,8984,-1071,-9403
876,-11600,17136,9015,-4050,-5421
-1196,-9564,8736,4536,226,1988
3352,-11048,16232,3614,-989,1856
3072,-8540,14288,2655,-1297,2127
5144,-7128,13736,1070,-1224,1928
5396,-8040,12960,240,-14,3994
4508,-8760,10392,-148,453,3544
5548,-8124,12196,-742,254,2714
5772,-9328,11524,-1264,2146,3322
5164,-7848,14312,-1755,4324,3345
5160,-7412,11292,-2274,5147,4385
4956,-7608,13276,-3629,6138,5110
3968,-8892,14552,-4663,6448,3832
416,-4940,15828,-4152,5418,1775
-1384,-5980,16440,-2507,3824,661
-2804,-7720,14136,-2493,1123,1503
1496,-6972,13904,-1039,-1339,-3270
804,-8568,14936,-354,-1794,-5345
-1700,-8636,12656,2940,-4662,-3965
-2204,-12220,12820,3883,-8078,-3012
1744,-9568,12268,2397,-5166,-590
804,-9336,12548,1496,-3828,677
1864,-8800,10772,1545,-5303,1110
2576,-10548,15416,553,-109,626
3440,-8352,13032,1118,-398,-941
