-2288,-13716,8644,-440,-55,-167
-2212,-13576,8492,-232,136,-103
-2480,-13776,8700,-153,-39,-338
-2120,-13692,8448,-192,101,-370
-2216,-13660,8572,-312,21,-215
-2388,-13700,8648,-98,50,-282
-2400,-13392,8756,-184,-10,-252
-2388,-13540,8704,-425,144,-200
-2528,-13660,8564,-484,191,-356
-2232,-13632,8492,-557,297,-139
-2344,-13600,8560,-427,189,-499
-2640,-13740,8536,-47,-732,-963
-2372,-13668,8732,373,-2178,-1348
-2052,-13964,8464,1382,-2652,-1893
-2012,-13528,8704,2171,-4938,-2177
-704,-14004,8500,2508,-3039,-1845
-1944,-13496,9232,1923,-2550,-1234
-2272,-13316,23148,-356,-6527,-749
-3520,-7448,348,-2664,-1532,2271
-3808,-13592,8136,-2149,1482,2384
-2404,-9868,1876,452,1554,616
-1884,-14872,7964,-777,1358,1968
-1240,-14184,7292,-1227,1004,1458
-688,-13316,10632,-587,57,832
-1380,-10548,7000,-2764,-898,939
-624,-14916,11060,-1102,2225,1184
-676,-13496,7808,-3756,1858,1335
-1056,-12132,8368,-1445,2195,2254
-1352,-12892,8292,-3936,858,2114
-2860,-13900,7384,-4887,532,2595
-2620,-13440,11040,-5513,763,2663
-1336,-13488,7908,-4639,1604,2192
-564,-13764,8492,-5811,1607,1905
-3732,-12968,7916,-4503,2696,220
-4672,-12360,7940,262,2297,-1977
-8044,-11104,5724,1549,401,-1894
-7276,-15300,12788,-3938,-491,-1228
-3908,-12696,9836,1128,-1337,-4930
-14320,-19748,11812,-11028,2794,411
-3096,-5844,4888,6815,-1487,-5657
-4628,-16508,7376,4069,-367,-3316
-4260,-16104,6396,-1370,-5607,-4281
-5844,-13888,7692,6544,-684,-399
-5960,-15612,5808,5470,-4511,-2
-1288,-15300,5648,2206,-6496,-191
-3404,-15776,8024,902,-3184,2793
324,-16220,9552,666,-4493,3617
4548,-15432,8608,195,-8560,4096
6768,-11896,4240,525,-2403,3092
1252,-13488,7984,971,1967,2688
-2212,-14048,8508,-352,3003,3525
-1724,-13820,8792,-1171,-115,-574
-1148,-13672,8480,-1559,415,55
-1604,-14092,8292,-643,374,340
-1552,-13960,8340,-132,361,276
-1392,-13780,8428,-437,234,-215
-1388,-13828,8380,-572,532,287
-1648,-13972,8352,-651,736,325
-2028,-14164,8372,55,96,-230
-1544,-13524,8048,156,220,-302
-1816,-13732,8328,-121,474,132
-1828,-13996,8720,71,-105,-392
-1752,-13868,8744,-812,81,-243
-1624,-13796,8516,-789,16,-94
-2148,-14108,8544,-656,341,40
-1512,-13772,8448,-66,165,-250
-1792,-13796,8728,-346,252,-110
-1560,-13868,8424,-484,185,-208
