1776,9584,13508,-2530,-2291,648
1404,8724,15400,-4954,-1468,-425
-2596,5700,12024,-725,-4425,-1928
1184,7584,13460,-1113,-10537,-7085
1844,11436,14640,-7182,-8933,-11476
2688,10008,12668,-2383,-9088,-10533
6556,6820,8852,2791,-8029,-7633
4536,9480,11768,3007,-4182,-6532
1432,7492,11056,6889,-1564,-7482
2348,9760,9916,4065,833,-9123
672,9884,10580,5205,1732,-11926
2456,12992,10612,6140,1141,-12172
4660,13116,8804,5565,3163,-10650
2548,11340,7760,9677,3126,-5709
11948,8908,1296,21909,10215,-231
-1832,13804,11896,3672,6510,-7633
20,17752,8584,4072,8200,1513
4612,17272,4628,3061,-4845,12152
6456,17272,-528,788,1093,13453
-1892,16336,2400,571,8305,7682
-288,13700,5428,-4070,18437,10505
-12760,14424,9944,-4341,15716,11672
-1712,14288,4584,-2944,15053,8336
-8532,14484,13564,-1405,14684,15652
-2748,12816,10508,-135,15937,15523
-5872,8528,10864,-1774,6204,7720
200,10060,8908,-2007,968,2191
1696,11292,7616,-3584,-2779,1132
-2624,13204,11224,-4132,335,-6065
-4036,14212,16192,-396,-4704,-2936
-4948,-3652,4164,-2017,-1784,-12563
-6260,7788,15984,-2742,-888,-1220
8396,14988,13088,-279,-5802,-2272
2932,884,3952,-1034,-3692,-2928
1276,23868,16116,2336,-8318,-4284
6376,2564,5048,-3311,-4197,910
7780,9612,7436,1105,-3449,477
3448,16332,7160,-1148,-4598,-335
6172,10224,5072,1116,1288,1083
1900,15172,10284,-3001,1722,2883
232,14704,3720,1468,7999,1998
-1096,14556,9320,-602,3995,4469
-4704,12056,11340,-1479,2083,2399
1936,15588,9016,-431,851,4057
1852,11168,11032,-3335,-1703,3462
3360,10676,9528,-9000,-1736,2023
-32,14692,13928,-10505,-3134,-2655
2004,14336,11064,-15005,-3363,-106
1500,7308,9140,-8330,-3295,1628
2276,7276,11112,-2183,-1616,-102
1484,9416,14168,-3945,-1267,-2810
3236,8572,11776,-1895,-2227,28
2688,8684,12076,514,-712,-1244
3652,11748,13308,-1045,-281,-636
3632,9916,11492,-2103,-770,-241
3120,8376,11156,701,925,261
2984,8868,11960,3683,1584,-279
3340,11528,12716,-1413,-837,36
2180,8360,12384,443,538,-101
2836,9572,12576,1646,599,-826
2464,12616,13612,23,78,-319
2792,9332,11368,-1418,-131,217
2700,8852,11664,866,-144,-583
2544,11740,13228,798,980,-854
3008,10016,12320,-1651,143,518
2420,9064,11640,735,308,-113
2960,10380,11856,978,500,-468
