-2376,-12908,9532,-771,126,-31
-2444,-13068,9472,-562,-31,-203
-2504,-12844,9644,120,-44,-134
-2552,-12772,9464,25,160,198
-2664,-12940,9824,114,112,3
-2404,-12844,9720,-21,21,-158
-2440,-12804,9904,-369,25,-128
-2456,-12716,9604,-768,73,-42
-2808,-13144,9932,-1167,-424,-635
-2396,-12852,9620,-1228,-772,-1243
-2472,-13000,9652,-1245,-868,-1370
-2332,-13132,9312,-933,-919,-1313
-2412,-13396,9800,-234,-1348,-1825
-2416,-13656,9504,98,-2754,-2127
-26724,7404,-12328,-2384,19606,19657
-32768,29792,-32768,-3238,25552,27477
-828,-14144,7592,627,463,985
-1960,-12492,7200,-629,-400,2045
-716,-18720,11960,-1493,2154,1275
-152,-12820,9332,-1811,780,2247
-1808,-11536,9324,-1294,2331,1020
-1496,-14388,9648,-789,1096,1057
-2316,-12908,8588,-1134,945,1461
-1164,-13856,8844,1801,-762,1457
-996,-12968,9076,191,1100,2587
-1432,-12448,8156,-2730,1847,914
-2268,-12840,8828,-2904,3347,-594
-2052,-12956,8772,-2916,4137,-782
-16,-12388,7432,-1829,4071,1134
-4968,-10696,12444,383,2605,4609
-3520,-13392,11784,-2393,-4321,3245
-2836,-13440,12220,-1599,2759,-2426
-624,-12268,6536,-1393,-158,710
-2092,-14284,9924,-2561,-1120,-1777
-1096,-13484,10368,-1595,890,-2544
-2468,-13352,11992,-76,258,-3297
-5456,-12672,11236,775,1117,-2201
-5500,-12672,9248,-1843,-516,-1615
-3732,-9144,3872,-2227,-2569,-1318
-5676,-19896,13032,688,-3896,-2274
-4436,-12616,7588,-2036,-3355,-1570
-2472,-13180,7420,178,-961,-624
-3192,-13020,7720,2483,-727,-808
-4072,-15068,7052,5360,-2508,-1416
-5116,-14168,8244,868,-2826,835
-3128,-15452,7188,-2257,-3564,4823
-3196,-19464,8200,-7943,-4989,5419
-120,-14500,6260,-5915,-1955,4631
2184,-13792,6556,-484,1856,2052
-1016,-14168,9468,132,314,442
1024,-13068,10140,1732,4260,357
644,-11440,12752,10512,1167,-1110
-2516,-13124,9720,2468,1644,1103
-3180,-12984,9648,409,999,298
-2860,-12848,9452,-178,121,-598
-2828,-12976,9356,-710,-1,-516
-2868,-13136,9104,-1402,323,-57
-2244,-13068,8744,-2143,-284,-621
-2048,-13508,8748,-2501,-234,-770
-1856,-13044,8556,-2134,149,-18
-2256,-13376,8568,-440,240,-243
-2684,-13708,8672,2227,97,-117
-2476,-13108,8736,2673,142,182
-2608,-13016,9436,2287,466,307
