2376,-7088,14428,-1033,-100,546
2144,-7216,14296,-947,50,283
2372,-7128,14096,-912,-521,-359
2444,-7144,14088,-1004,-202,-455
2568,-7160,14196,-1048,-178,-157
2412,-7368,14296,-744,90,-14
2560,-7264,14108,-622,204,176
2440,-7436,14456,-644,171,85
2444,-7324,14164,-587,192,167
2484,-7120,14156,-707,85,107
2284,-7368,13980,-610,-56,-50
2064,-7416,14196,-843,-779,-473
2548,-7576,14008,-1039,-1007,-672
2412,-7480,13740,-900,-1035,-874
2808,-7632,13484,-331,-1808,-381
2652,-7592,13488,285,-3314,512
3960,-7340,13120,400,-4607,343
-716,-8468,16720,-1321,-5867,5077
-368,-12220,11860,-3234,1522,6615
1804,-9912,13612,-2430,-123,2881
3248,-10812,10672,-1199,45,1632
3324,-6740,15600,-1540,1601,2025
4884,-9664,13656,-1369,2218,2953
2712,-7348,13372,-1061,2351,2542
3536,-7372,12064,-1220,3421,2252
4832,-6836,12892,-1478,5249,3210
4364,-8468,14056,-3428,6569,2807
3108,-7192,14524,-4001,7650,1700
188,-5860,16852,-3811,-3455,2265
-5176,-6664,16604,-3408,-605,1651
-3236,-7576,15160,-2322,-636,4248
100,-2456,11984,-1144,2681,-6094
1976,-6512,14804,2709,994,-9506
-3608,-8268,15792,6188,-1798,-4847
-1660,-10888,12140,1096,-4541,-1539
-1800,-11672,12828,-2141,-5238,-1794
-772,-8588,11928,193,-6277,801
2072,-9600,9972,3680,-5658,1661
1560,-13456,15564,3596,-5506,-111
3664,-6796,9020,2109,-1603,102
6216,-9116,16120,1458,-1959,1143
5672,-6908,13156,2182,599,1356
2924,-7948,13944,2197,3933,2062
1708,-7468,14744,541,1603,389
