-5652,-13708,6240,253,583,215
-5616,-13580,6316,-275,290,84
-6084,-13884,6472,-187,695,240
-6000,-13704,6296,-72,343,-124
-6208,-13616,6468,-163,419,-234
-6492,-13452,5900,159,916,-600
-6584,-13664,5392,533,1278,-1243
-5356,-13620,4900,-705,2029,-1472
748,-16300,2844,-7838,-264,7117
-4072,-15948,488,-16781,3633,10017
-3592,-16300,1432,-23048,6908,6445
-3228,-19328,3552,-27945,-2283,1739
-3548,-16288,7048,-12796,-310,-763
-8172,-13164,5732,-1693,-2323,-3013
-9556,-13052,5268,4146,-6049,-2408
-16148,-13680,5224,12582,-7138,-6182
-14424,-11848,888,20108,-9398,-14066
-14152,-9124,-2348,12513,325,-7979
-7008,-11832,-1832,-353,9604,5391
1720,-15932,6052,-5013,10416,6688
4116,-22176,11148,-417,3585,-3983
-3056,-13852,3760,211,-4383,1426
-7296,-11964,2796,-2871,-374,6001
-9588,-14880,3616,-2035,-1884,2601
-7980,-14540,3016,261,1083,-1575
