1704,-9628,12760,-1047,5,-423
1888,-9608,12772,-640,122,90
1812,-9728,12732,-89,455,371
1588,-9940,12968,383,721,294
1356,-9744,13028,474,39,-212
1820,-9312,13136,30,-40,112
1568,-9396,13112,-521,434,437
1232,-9468,13004,-1002,309,399
1560,-9544,12868,-1055,115,-116
1192,-9704,12824,-766,41,-762
1492,-9584,12736,-580,-287,-1036
1344,-9924,12888,-252,-281,-1111
1564,-9756,12672,-110,-927,-1234
1980,-10080,12148,56,-3863,785
-23756,-4504,-728,-2711,6313,17789
-3060,-11532,12200,-3883,-1182,16998
2312,-11424,10668,-1710,-1227,8026
-852,-13460,12500,860,-5792,37
-1564,-11552,11816,-40,-2945,1662
1172,-10456,13392,-405,-1331,2207
2292,-10296,13084,1190,-706,1174
2356,-8908,11088,1159,1422,1401
1472,-9584,12284,412,2424,829
2744,-9468,12104,-1370,1905,585
5944,-10216,12548,-4175,4889,1815
6624,-8296,12888,-5160,9242,1816
-760,-9200,15976,-6580,6240,-2262
-944,-8840,15324,-5289,2413,-3825
-24,-12168,15712,-5017,255,-7944
1436,-9128,13580,720,-2191,-9220
-1748,-10004,11968,2787,-401,-6366
-3644,-12604,12172,-309,-3448,-3315
-4180,-12212,10752,-1708,-4224,22
-2996,-10904,11332,2935,257,9553
-820,-11624,8132,2392,-2754,12923
1160,-15140,10596,-1232,-1242,5464
2604,-14204,8096,-1980,1048,-5109
2652,-10840,10188,-412,-3230,-7615
1672,-10508,11128,1731,274,-3914
1312,-10468,12044,2272,164,-824
1288,-10508,12036,2071,756,1776
348,-10888,12248,1834,330,1580
544,-10428,12300,1188,-104,437
400,-10388,12488,568,-214,-588
640,-10316,12424,230,94,-1015
668,-10260,12568,-115,325,-1089
