2628,-7424,13940,-326,185,-219
2444,-7296,14216,-484,-140,-629
2796,-7184,13964,-673,-414,-599
2932,-7420,14016,-550,272,-228
2628,-7304,14076,-168,357,-81
2568,-7360,14136,-199,271,68
2636,-7220,14068,-454,170,82
2760,-7280,14084,-516,545,289
2296,-7368,14252,-388,378,2
2400,-7264,14116,-328,90,-390
2508,-7216,14024,-658,-175,-547
2504,-7340,13952,-762,17,-351
2576,-7412,13972,-431,213,-164
2356,-7380,14132,-291,157,-136
2112,-7524,14352,-305,-383,-513
2816,-7316,13952,-600,-508,-334
2352,-7688,13912,-507,-829,61
1304,-8160,14552,193,-2267,-375
2840,-7912,13828,258,-3810,-412
5472,-7940,7312,-869,-4951,2258
2824,-8172,15468,-317,-1475,3918
2816,-9508,14708,84,116,3977
3232,-8712,13804,135,-1195,3720
2272,-8664,11968,-592,-747,3001
1508,-9400,14280,-1015,-986,2852
3044,-7848,13532,-676,-1037,3011
2596,-9872,14640,-204,-2126,2609
2976,-6244,13016,-1043,-411,3385
3592,-8644,12832,-1421,802,3211
3612,-6592,14152,-2109,2152,3330
5436,-7020,13468,-3425,2913,2949
4408,-5796,14712,-3352,6330,3511
1576,-4532,18888,-3688,6626,5242
880,-5264,15848,-5779,4712,7000
560,-6400,13628,-5155,3266,3225
-1336,-7080,14760,-3022,1543,-5581
-988,-7924,14896,-553,-1865,-7557
-1496,-7372,13540,1735,-1101,-3599
-204,-9740,12860,3342,-1137,-1454
-2752,-10480,13904,33,-4223,-3791
-720,-9248,12356,-665,-6560,-2927
3640,-8608,10540,1448,-3186,310
1728,-10176,12512,728,-2310,442
2976,-10768,12840,-606,-963,-1581
5744,-9128,9620,317,-626,-1924
4972,-9036,12168,893,690,-2414
3600,-8448,12732,1817,1435,-485
2644,-8556,13460,2692,1871,691
2008,-8384,13932,2081,544,-174
2304,-7664,14108,920,-4,-724
2396,-7704,14004,-532,496,-218
2152,-8040,13868,-1202,892,286
1996,-8280,13744,-1018,763,-183
2200,-8272,13672,-304,-144,-319
