-3876,-10000,11892,-2067,-836,-2050
-3476,-9432,11464,-3713,2678,77
-3252,-9360,11468,-4000,3721,974
-2128,-10868,13148,-2283,-2,62
-2392,-9440,13628,-766,251,-426
-2320,-7972,11688,87,213,-553
-2456,-8240,11592,-340,-350,-852
-2992,-9936,12464,-37,-739,-522
-3096,-10476,12384,661,-1085,84
-2564,-10264,12280,-72,-1026,-371
-1644,-9300,12752,217,1363,-1130
-956,-8148,12720,870,527,-1930
-892,-8244,12600,4546,-1895,-4194
-1876,-8488,12568,4912,-2965,-5413
-1872,-9152,14512,3152,-1326,-1643
-1264,-8020,12640,3003,-1475,-2038
-1468,-8280,10264,1736,-2370,-3756
-2628,-9752,12472,-5370,3744,-3699
7152,-9612,4556,3811,-5344,1942
-12752,-11184,15252,-12546,4647,2922
-408,-11748,12232,-14878,331,5337
1908,-11680,12092,-14589,-3821,6145
5428,-11500,14332,-18625,15907,1420
5312,-9356,16928,-14635,-3036,319
5892,-5536,15628,-3334,-7261,-11394
-5756,-7932,11408,3471,-11825,-10240
-13252,-11872,9644,5430,-10049,4588
-832,-18496,6696,5272,-2089,2279
-840,-15088,5240,6011,6369,101
7544,-11688,12212,-432,6174,12165
8720,-10772,16752,4231,7009,9653
3848,-9564,19760,7706,538,-6604
-3460,-10996,10792,15441,6001,-3377
-2316,-8440,7972,1913,176,315
-2856,-9888,10172,47,1105,-1462
