2184,-9264,13028,549,700,162
2116,-9280,13312,285,341,-170
2328,-9064,13208,-48,-33,95
2320,-9196,13120,-284,694,609
1840,-9264,13148,-384,699,691
1768,-9324,13084,-443,445,686
1920,-9304,13048,-622,471,420
2072,-9236,13260,-782,15,4
1808,-9384,13148,-1071,-154,-305
1940,-9380,13148,-1135,-210,-655
2164,-9580,13040,-1180,-78,-902
1908,-9380,13024,-953,-68,-495
2096,-9492,12732,-603,-256,-275
2184,-9508,13024,-682,-250,-23
2156,-9596,12772,-458,-170,130
1856,-9728,13076,-307,-756,156
2140,-9584,12852,-697,-1807,83
1876,-9804,12816,-515,-2117,342
1232,-10392,12444,455,-4667,383
4264,-5344,6280,-1320,-13020,6863
340,-11412,12832,-2360,-4849,11379
2008,-12416,12984,-781,-2842,7367
1944,-11488,13180,-741,-4295,3925
1964,-10208,8636,-1627,-1745,5664
2840,-10752,12572,-86,-1029,4045
5380,-9832,13236,1996,-1742,342
6280,-9884,11488,633,1216,493
5456,-8600,11252,-1587,4368,862
4520,-8668,13120,-3829,5926,493
3732,-8120,13004,-3908,6869,-89
1036,-8864,14912,-4350,5274,455
-4180,-6816,15756,-3389,3782,2891
-1020,-9568,14644,-6451,-190,556
5684,-8484,12860,3069,-4396,-9495
-1648,-9088,9888,6445,-1157,-6477
-832,-10684,11524,2137,-1056,-1425
-288,-12180,10156,1558,-3485,-554
-1384,-10820,12968,-588,-4300,2086
2832,-8924,10692,-543,-1108,1725
4968,-12008,11636,-903,-1659,-1336
3884,-10204,12076,-1023,-365,-113
2856,-10040,12116,288,1184,1960
1684,-10036,12616,1002,1823,2161
1772,-10040,12588,1504,1395,1458
1204,-9920,12740,1428,937,976
1368,-10132,12852,390,1763,1083
772,-9672,13068,-587,1865,1141
896,-9788,12948,-733,518,180
928,-9876,12600,-944,346,-211
1184,-9996,12692,-685,144,-323
1040,-10060,12748,-512,97,-382
1228,-10036,12620,-400,96,-475
1196,-9944,12904,-131,-150,-491
1032,-9924,12548,-78,66,-448
1260,-9940,12792,-34,30,-233
