-1100,-8220,13940,1116,-1810,-2237
-1144,-8192,12660,215,-2352,-2272
-1796,-8544,12932,-1304,-2097,-1775
-1372,-9188,15168,-2065,-640,-243
220,-8080,13200,-853,-574,-378
536,-7996,11940,-1502,-325,-762
-820,-8268,12040,-3903,350,-2129
-180,-7616,10096,-6971,282,-2894
-624,-10028,12124,-8566,-672,-3644
-52,-11492,15912,-5123,-139,-2650
292,-10856,14448,-331,493,-1234
-44,-11244,13904,3468,-788,-839
20,-10740,12540,1998,-1718,-1033
-5120,-10692,10408,-434,-2362,3419
2516,-11688,9396,-2151,-1571,5191
-3304,-12760,11244,-4629,-1498,10762
920,-12012,9328,-9386,3420,12079
1400,-13532,8656,-10414,6185,9001
892,-13604,10512,-9984,5092,7447
3204,-14336,10780,-10850,4113,3382
800,-13032,11956,-12542,4577,1974
-1916,-11572,11504,-11388,4763,512
-2304,-11868,13644,-187,616,-2388
-5376,-11452,12692,6060,-4371,-6905
-5920,-9580,11752,8990,-7378,-6428
-6764,-10716,10572,7360,-8072,-2258
-8940,-11060,8196,8359,-3879,3774
-2056,-14864,8272,7258,-1804,5240
-2180,-16064,9276,611,-328,1562
-1384,-11840,8168,-5524,4643,5633
2720,-11832,11884,-5356,5902,7234
2484,-13336,14688,1895,1640,-741
-580,-12044,12840,2068,-2278,-5734
-1052,-12948,11228,11215,-1130,-2035
-1952,-11600,8060,7458,14339,-3841
20,-10648,7936,2562,-6093,-463
-3608,-10228,13784,3926,1092,-2327
