-1188,-14228,7764,215,368,-658
-944,-14160,7840,96,300,-940
-828,-14044,8044,-228,22,-243
-1484,-14232,8028,83,-124,119
-1132,-14176,8064,229,62,113
-1096,-14092,8068,382,-56,195
-1284,-14176,8172,348,-47,-78
-1208,-14008,8048,-111,180,-500
-1132,-14204,8484,-304,227,-686
-1052,-13884,8108,-609,338,-517
-1192,-14004,8220,-1287,315,-561
-1156,-14268,7812,-1541,167,-658
-900,-14292,8064,-1596,-130,-986
-936,-14080,7828,-1531,-284,-1353
-884,-14388,7804,-1471,-175,-1856
-660,-14216,7844,-779,-651,-2824
-1388,-15268,8252,-751,-2598,-2833
-464,-14780,7400,1055,-847,-2492
16384,-4116,-30100,-8642,2103,11733
1016,-17164,10176,-175,-2748,-1940
1024,-14152,5480,1295,227,-741
-336,-12932,4580,-1040,1146,450
-408,-13356,4676,532,1241,-749
1292,-12176,6024,5469,-1025,-3780
-692,-17412,12240,-865,1320,942
-808,-13040,3468,-5512,3590,2863
-1060,-11428,2628,278,234,386
-1236,-14392,7512,456,1311,912
-1200,-9044,5856,-1534,-1582,-142
-464,-8980,3528,206,868,1362
-1532,-13032,6732,-5136,1698,3255
-760,-9564,5448,-6013,951,2167
-572,-15652,12240,-1237,3264,3589
-988,-14956,7780,1414,3944,3948
-2892,-14152,9992,-1643,4783,1053
-3024,-13600,7368,-2001,4046,647
-4236,-12024,7320,-558,2208,-684
-5608,-12712,8696,-1212,-1066,554
-3560,-16716,11852,-3526,-1696,330
-492,-15220,10528,-3061,-2783,-3472
-2820,-17712,9916,-3066,-1777,-2477
-1924,-15900,5480,-3940,-2461,335
-1184,-16024,2232,1881,3938,-1921
-17368,-24784,23152,-20387,-2126,1690
-360,-9864,-18800,-9074,11541,1963
1300,-16940,11316,15615,-6654,-2202
-2272,-21384,9840,-6854,-4531,-5679
16200,-21084,-6288,-3321,-5772,-5509
-10936,-16108,12748,753,-10346,538
2540,-14700,1468,-166,-1259,-2401
48,-16212,6252,2438,-3373,-2101
-3452,-13768,10232,3413,2772,-1633
-2284,-15256,14304,3718,-5368,334
-668,-14448,9656,1429,273,-1999
576,-14020,7896,1825,-807,2064
-256,-14444,7992,1689,-1391,1637
508,-14288,7692,1440,-215,1012
-272,-14104,8372,936,-731,-364
292,-13928,8188,305,-887,-1109
420,-13756,8540,-1212,-605,-609
-304,-14332,7956,-2308,178,-330
240,-14216,7992,-2362,18,-1032
528,-14096,7864,-2491,30,-670
492,-14316,7512,-1878,118,-22
172,-14332,7640,-978,258,16
404,-14396,7468,-415,204,13
116,-14600,7692,403,-10,214
-140,-14616,7584,398,231,304
108,-14296,7892,329,446,-78
-68,-14312,8060,235,-457,-159
100,-14244,7772,189,-85,-91
244,-14224,7852,131,-376,-443
84,-14276,7980,-104,41,67
