2792,-7144,14252,-478,129,-30
2272,-7196,14548,-612,342,297
2500,-7136,14128,-361,553,59
2436,-7144,14684,-388,38,-367
2552,-6992,14468,-695,-396,-525
3028,-6948,14080,-907,-72,-332
2804,-7196,14252,-690,107,-302
2812,-7108,14304,-496,-243,-188
2664,-7200,14224,-315,-35,-94
2456,-6804,14456,-118,-1224,-314
2824,-7020,14352,27,-2433,-810
2832,-6912,14320,-88,-2839,-297
3636,-7348,13756,-180,-2424,144
2776,-7904,13812,172,-2837,-443
6748,-7648,6428,-701,-3098,2753
1104,-8772,15788,-1021,-1308,4529
2316,-10384,14668,-988,1722,3462
2700,-10900,10852,-1981,2686,2158
2260,-7872,15116,-2683,-353,2593
1340,-7004,11308,-2364,-82,2237
4284,-8196,12840,-213,-106,1492
4120,-7400,11172,-740,1291,2392
4104,-7228,12936,-1658,754,3165
5760,-8092,11244,-1412,2072,3029
5736,-6420,15120,-1719,3544,2845
7016,-5280,12976,-2609,7480,4712
4672,-8304,14232,-5117,6056,5253
628,-7152,17036,-5661,3708,1613
2208,-7792,16036,-3928,1521,-2530
-1492,-4672,12988,-392,896,-5478
-3548,-6692,14816,1203,-772,-5262
-1808,-6908,14312,842,-1150,-4408
-3748,-8812,14000,3560,-5723,-4029
40,-10100,13248,2898,-11099,-798
3304,-9588,11600,1614,-4573,2871
1112,-9240,11436,1171,-4407,2077
100,-9792,12320,757,-3483,893
2700,-9888,12240,1432,-2593,672
5236,-6800,9288,1523,-668,2081
6160,-3140,5496,1976,-894,3671
7648,-7096,12792,851,309,-1040
5020,-6904,13028,798,815,-303
3972,-7380,13576,321,2525,1453
3208,-7616,13896,277,1404,1138
2856,-7412,14164,-399,308,-399
3368,-7488,13756,-1110,810,-740
