-8,-8292,13780,-583,275,12
-964,-8628,14380,-331,911,80
-436,-8320,13732,59,139,-53
-340,-8460,13988,-460,304,117
-732,-8740,14180,-544,-30,-96
-284,-8240,13892,-834,-50,-246
-348,-8380,13768,-990,-33,-274
-616,-8600,14080,-936,-346,-484
-260,-8584,13704,-481,-291,-372
-632,-8356,13856,-492,-1266,-831
60,-8272,13728,-1036,-2783,-1698
332,-8524,13212,-673,-1123,-1474
1080,-10208,12380,-2132,-2958,-1671
2156,-14360,6400,-3486,-1305,9138
-1144,-6232,7780,-1244,-3594,2600
1840,-8012,11988,-816,-2501,2899
1800,-9892,16720,-1405,-2986,1004
3024,-7028,5260,-307,-364,1417
2672,-9104,11716,-741,592,2864
788,-8124,10620,699,768,2396
2056,-10328,13168,80,859,1331
-40,-8712,12064,435,1769,2203
1436,-8896,14468,-639,-68,2392
880,-8776,11712,-1120,-1518,2695
1844,-8652,13740,-303,287,3179
-796,-8924,8928,-566,1002,2576
792,-7924,13652,-1575,-1721,4049
256,-8072,13700,-1147,-987,4359
1780,-8692,14364,-2087,959,3229
544,-10000,12036,-2208,2551,2475
-848,-8420,14104,-3423,2070,2407
-524,-8840,13592,-2795,1026,2643
-436,-9428,13412,-2019,3008,1574
92,-10968,12176,-1131,2145,1106
556,-10908,12032,-2328,2479,450
-388,-10504,13900,-3985,-110,-321
-1112,-9172,12084,-3753,1123,599
-164,-9600,11264,-2787,970,768
-1892,-13092,15428,-3723,28,-755
-1928,-9532,13652,-4334,1701,-1076
-2172,-12436,12932,-4843,889,-1877
-4380,-10156,10300,-3255,1544,-1979
-5596,-8624,10392,-5607,2764,-724
72,-12500,8336,-15745,-1160,1184
-1932,-15520,12016,-12703,-3548,-1110
2980,-22584,1216,-22152,-1434,-219
-8244,5708,-31872,3723,-2530,-6655
-3248,-14008,10264,-23168,91,604
-7328,-32768,32767,-25822,8408,-9841
8836,1124,-10852,-17803,2521,-8010
-5468,-3816,6004,-4311,-32768,7428
-32768,20928,32767,32767,21755,24919
-32768,8928,32668,32767,32767,31865
-16976,-17380,-23344,32767,32767,20604
-3408,-17600,11344,-2914,12985,-10388
5420,-17476,2088,-3400,10722,-10200
1284,-14416,27876,3558,-17107,-11496
24364,-15008,6972,2167,-32768,-4598
1288,-12108,9856,1810,-2106,-864
732,-12472,9476,777,1556,1657
180,-12708,9964,-137,888,504
196,-13000,10524,-883,234,-89
-28,-12884,10360,-1059,95,83
388,-12760,9744,-723,268,105
-88,-12936,9968,-924,555,460
544,-12988,9768,-765,478,415
424,-12960,9892,-893,1019,734
512,-12828,9476,-393,255,-73
-40,-13224,9344,-359,999,266
-12,-12980,9876,214,307,34
