-1672,-14172,8008,-548,-66,-225
-1644,-14244,8016,-103,-52,-472
-1432,-13936,7860,-270,-17,-149
-1656,-14072,7856,-834,-395,-143
-1472,-14072,7944,-640,-113,-299
-1516,-13924,7608,-835,31,-315
-1792,-13904,7628,-1366,-156,-712
-1808,-14132,7864,-1544,-175,-998
-1852,-14576,7948,-800,66,-1890
-1708,-14292,7980,-857,-257,-2930
-2136,-15152,7732,738,-3667,-5143
5000,-19108,5068,-1289,7340,6747
-3776,-14376,6784,1709,-6603,-1979
-1248,-10564,4412,202,-2464,1200
-672,-9836,900,-1180,-1839,2587
-156,-19216,13476,-250,-2527,-83
-284,-18644,12760,1988,-558,705
-388,-20344,15164,2823,-1342,260
-24,-17932,13148,1375,243,1096
-360,-12980,7436,-179,-819,1494
-1012,-12260,5236,2275,418,1724
-844,-15292,7428,-186,-234,1551
236,-15840,14060,-254,-2204,398
-1888,-10796,8216,-2266,-941,676
-580,-13724,6708,-2214,791,1999
-1264,-13736,8644,-615,433,2097
-128,-12960,10940,-1806,2653,2772
-452,-12456,9300,-2196,3498,2412
-1788,-13304,9112,-2556,4086,1396
-1888,-12828,9620,-4068,2972,1371
-3748,-10920,5448,-5658,2584,1018
-3852,-16444,11816,-3930,-661,-1084
-4512,-9880,2600,-3618,4188,1071
-5168,-7472,964,-4017,-2337,-2561
-3076,-9052,900,-1146,-3954,-4326
-11864,-10240,-5024,-5116,4398,2783
-1480,-4804,-4088,-4445,525,-1466
-5068,-13284,5936,1126,-570,-2811
-5336,-7816,7460,4826,-1238,-3598
-540,-14588,3400,3058,-2823,-2328
-6608,-12836,4644,2879,-4319,105
-3504,-15540,7360,339,-8604,-277
1760,-17244,8868,1917,-7035,-318
3252,-15072,9180,1318,-3636,-1138
5448,-20636,16668,1269,-2012,-1726
820,-13700,8064,1769,583,2396
-860,-13544,8412,448,811,2419
-596,-14156,7996,-317,656,229
-588,-13912,8108,-767,1024,-294
-1004,-14020,8072,-975,839,92
-612,-14320,7636,-559,91,-100
-868,-14324,7932,-511,151,-37
-336,-14100,8044,-1111,470,17
-524,-14328,8068,-286,520,-344
-572,-14060,8064,55,657,-65
-716,-13972,8088,446,589,62
-976,-14220,8068,25,621,100
-1244,-14264,8524,218,295,-359
-416,-13776,8084,-389,595,-127
-780,-14044,8336,-540,424,-8
