-1516,-14508,8068,-4110,393,-3369
1296,-14936,4372,-5493,6074,-7578
-32768,-132,32767,8209,-17908,32767
-4940,-17308,10160,1271,17761,-15125
-2548,-19680,12492,1628,22538,-14856
21272,-12248,2552,5706,3550,-16982
9948,-17188,9900,4335,-3570,126
-940,-14712,9220,1679,-983,2115
1388,-15016,9804,-1688,-1104,2361
-252,-14200,7548,-1540,924,1580
-1572,-14988,7484,-3804,1079,2954
-900,-16080,9292,-1086,991,2495
1548,-12740,9656,-2213,-26,3832
760,-15424,10020,1866,-1361,2699
1068,-14432,7452,-2733,2944,2579
-840,-13216,11900,-3535,5738,2187
-688,-12752,10180,-1731,3056,2140
-12,-13264,11284,686,3556,2894
-2112,-13220,11880,1209,2077,2277
-832,-12164,9944,-3239,2536,771
-656,-12980,10672,-5537,1506,-1746
-2856,-12080,10676,-3717,1279,-3308
-2560,-11280,10416,-1454,1383,-2178
-3176,-10556,8944,-401,749,-206
-3856,-14340,9396,43,170,-4055
-5396,-12112,8948,-2108,-512,-4458
-6920,-13408,8348,-2202,-1946,-2471
-4860,-14052,7852,826,-3701,-2881
-4952,-14060,7588,2021,-2955,-1164
-2932,-15004,6784,2234,-4250,399
-3812,-14232,4544,3322,-2132,1501
-2696,-15276,4708,423,-3924,2099
-2032,-15520,6428,-2992,-3092,3008
-1296,-15272,7236,-1455,-1293,2446
2052,-15964,12764,-1566,-3678,716
1996,-13736,10896,-3022,-377,830
1408,-13844,8700,-111,1009,-550
-312,-12188,10356,6106,2564,-1424
-1112,-13376,9100,-376,2431,2313
-1660,-13820,8668,-1948,1663,2222
-2488,-14084,8172,-1379,1053,579
-1816,-13792,8016,-914,-217,-1096
-1668,-13768,8368,-1155,-261,-1265
-1608,-13768,8332,-1708,-90,-211
-1520,-13952,8140,-1858,216,-149
-1776,-13952,8180,-1242,314,557
