-1968,-14308,7816,-1042,-169,-300
-1376,-14092,7584,-908,-409,-533
-1680,-14376,7232,-1487,-388,-316
-1548,-14780,7476,-1765,-393,-325
-1624,-14432,7380,-1591,-59,-211
-1988,-14532,7500,93,-92,-538
-2056,-14556,7468,2272,-340,-1039
-2152,-13820,8060,3467,-589,-2732
-1572,-13200,8388,1423,-1369,-4176
-308,-14256,7460,-1137,-1596,-4906
-1872,-14064,7756,-1979,2891,-3137
-2344,-4708,-8868,2047,9826,4395
-676,-20580,16300,2267,-5091,-1411
-108,-15816,9860,2831,-438,-1545
-952,-13068,7400,2614,-109,999
-1164,-12480,4672,76,2100,1799
440,-16360,10828,-445,-1012,-874
-708,-13168,6580,-591,-874,65
-1204,-19756,8932,-134,2338,857
-908,-16728,9296,992,2836,849
-520,-16116,11288,873,-507,-728
-532,-12728,5056,103,439,690
-204,-17784,13636,1585,-305,-170
-1008,-13648,11116,2232,447,39
-1004,-14168,7092,-834,2574,992
-1112,-14492,8624,-671,501,659
-996,-16672,8264,1430,2120,145
-884,-15712,14672,-11,-768,-290
-952,-14880,12860,-56,1476,1411
-1844,-13452,4348,-2260,2397,2149
-1912,-10812,8972,-2937,464,926
-1168,-12592,7208,-1624,1694,1054
-1268,-14592,8128,-3038,1921,1032
-1484,-13672,8048,-2235,1804,502
-1848,-13744,9296,-2629,1691,935
-384,-14552,8592,-4031,2352,486
-2444,-13664,9388,-3841,1994,434
-2092,-14104,7544,-3453,1776,-401
-3264,-13432,7216,-1911,1758,-65
-2492,-13060,7224,-1129,1516,-777
-3720,-14664,9296,-907,-640,-1249
-4988,-12136,7380,-1755,4,-1148
-3768,-14172,7400,-2039,-2868,-3011
-1644,-15036,9560,-2397,-1914,-2386
-1160,-13276,4368,-342,1291,-1362
-1588,-14484,7132,415,-2301,-2060
-3580,-20160,11372,262,-3522,-2548
-3248,-14340,7200,-1543,-1580,-1414
-1148,-13904,5908,1113,-1691,-1305
-3420,-14968,9308,788,-1439,-418
-3508,-16856,8264,896,366,-663
-1776,-17300,5168,19,79,252
-1008,-14412,3516,518,-762,-317
-3292,-14136,7052,-411,-994,-417
-2768,-15104,5500,408,-946,588
-2836,-14628,5204,123,-1219,195
-800,-16048,4712,-577,-2538,-1352
-768,-15296,6356,-1058,-817,13
-876,-15448,5504,-977,-1622,258
120,-16296,5796,-366,16,-467
-428,-12544,2776,1013,44,-240
-876,-12960,4068,173,428,600
-248,-12100,1176,-1277,1934,-235
-368,-14632,6644,-660,858,-659
-836,-14924,6708,-684,1103,1818
-1868,-15216,6304,-274,594,1597
-1612,-15148,6388,11,94,-72
-1128,-14864,6580,-308,-298,-714
-720,-14820,6364,-1357,159,-146
-824,-14964,6348,-1074,103,-29
-1436,-15196,6480,-248,78,-119
-1120,-14916,6436,587,310,-52
-1636,-15112,6540,1266,229,-360
-1152,-15092,6688,2162,362,-488
-968,-14612,6764,2160,379,-168
-1572,-14676,6928,1771,572,186
