1888,-10028,12432,85,18,-414
1652,-10044,12588,-236,223,140
1452,-10100,12564,-444,158,350
1672,-10216,12344,-382,287,173
1324,-10476,12280,-258,203,-176
1664,-10128,12408,-62,97,65
1488,-10232,12448,164,435,58
1372,-10184,12604,23,218,-73
1528,-10108,12660,-314,124,-165
1680,-10128,12928,-541,97,-33
1492,-10128,12628,-641,185,-6
1532,-10136,12380,-762,-105,-168
1576,-10252,12440,-893,61,-463
1504,-10184,12744,-910,259,-92
1052,-10496,12164,-152,-1130,63
884,-11252,12052,1355,-3331,-385
884,-11188,12372,1479,-7122,-678
5820,-15216,2416,-835,-1613,3097
192,-10860,9940,-2763,-2454,7090
1784,-11376,11636,-895,-2960,4152
2572,-11420,11800,-1295,-2165,2629
2964,-11144,9780,-1500,-927,3101
3368,-11224,11856,-800,-1523,2175
4440,-10876,11212,-1174,105,1774
4212,-9456,11780,-1690,1593,1873
6400,-9780,12124,-775,3574,1706
7008,-8396,12648,-1128,4899,1053
2348,-9100,12700,135,9047,1456
-632,-8444,14544,444,5429,973
-1572,-7888,14720,-2963,3951,966
-1784,-9700,14320,-4796,2139,-5159
-1144,-11596,15276,-3051,-977,-4662
-1344,-9096,12572,-2153,-918,-4632
-2444,-10724,12172,1767,-2594,-5481
-120,-12100,9132,-1642,-3462,-4006
-288,-11584,11532,-2058,-3000,-2228
-1120,-13444,11916,202,-6631,-2028
1276,-13296,11428,4087,-3113,1427
3976,-10844,11508,4229,-3595,-669
7040,-12256,13400,1140,-1176,-2536
8524,-9296,9664,-21,892,-1502
3796,-9984,11872,394,1503,1116
2436,-10516,12420,892,1479,2602
2248,-10528,12304,903,1140,1387
2156,-10276,12216,406,646,309
2444,-10112,12424,5,468,56
2252,-10200,12412,-194,558,47
2224,-10140,12452,-215,269,-253
2352,-10060,12480,-715,195,-403
2236,-10228,12112,-697,236,-766
