-1944,-11356,11956,-567,280,133
-1916,-11160,12304,-712,168,-105
-1632,-10732,12064,471,942,591
-2244,-10240,11564,-30,2602,-502
-2676,-10676,11160,-1380,1785,428
-1764,-10304,11812,-1142,1285,1194
-1644,-10600,11112,-2119,2417,-891
-2596,-10368,11420,-2407,180,-1571
-2668,-10336,11744,-4218,36,-2166
-2428,-10588,11436,-3572,-1004,-2393
712,-11924,8544,5586,-7726,485
-1872,-11340,10584,3102,-2191,-228
-2964,-11212,10828,870,-2020,-885
-3292,-11504,11412,-114,-3305,1414
-4640,-12972,10424,-2558,-3903,4444
-832,-12460,10228,-5590,-70,5298
-1696,-13308,9412,-7665,3213,5794
-172,-12256,10592,-8913,3724,5329
-2692,-15592,11016,-6262,3545,3697
-1140,-13400,11252,-7767,3410,-1453
1228,-12012,12728,-8923,2922,-3173
-2648,-12612,9252,-8740,4908,-3252
-2368,-12644,9864,-5249,612,-4067
-4312,-12640,10096,1016,-5559,-7216
-6664,-12652,5312,2109,-4442,-5992
-7196,-13084,5996,1124,-2188,-568
-4152,-13816,7276,4146,-3249,8553
-728,-16960,5936,6368,4156,8198
-388,-14368,8104,4938,2788,8265
-1100,-15140,11776,-3542,800,4547
1096,-13268,10352,-6520,5521,-3022
-3856,-13484,10288,-1107,4583,-1107
-3504,-14040,8868,508,1509,-3028
-6424,-14744,8464,1160,2338,-3217
-4572,-14512,9984,5075,1599,982
-3020,-12288,8212,3522,5096,47
-3480,-12356,8236,3160,3804,393
