1892,-10428,12396,-656,152,28
2044,-10412,12108,-261,-9,-254
2004,-10400,12456,-258,167,-388
2200,-10164,12256,-262,150,-70
2176,-10212,11988,-272,323,-49
2032,-10140,12424,-284,299,-83
1860,-10280,12384,-225,354,-110
2144,-10248,12032,96,490,290
1720,-10380,12224,278,316,165
1908,-10072,12212,310,387,19
1692,-10368,12704,176,221,-274
2012,-10036,12496,-236,-28,-267
1576,-10184,12484,-686,-395,-229
1876,-10220,12404,-882,-1218,-181
1180,-10636,12180,-312,-2061,0
1224,-11264,11676,593,-4402,-442
-14476,-3036,-1748,-1381,1776,6489
-3292,-12852,11212,-4157,-1477,5360
1248,-11672,12128,-3000,-3100,4436
4204,-12068,11444,-787,-3012,1076
4028,-10380,9952,444,-1622,1465
4492,-11256,11404,168,-405,1970
5188,-11788,13008,-119,2108,1910
4128,-10348,12436,-963,2360,1822
4528,-11088,11096,-1873,2560,2168
5556,-7912,11936,-2646,4887,2742
3516,-8872,14140,-2564,7060,2119
1984,-9360,13312,-1696,5184,-591
1168,-8968,13272,-207,2886,-3468
1276,-9512,13492,1217,-137,-1895
-1580,-9320,10412,-1043,2027,-3705
-836,-9412,12876,642,-1074,-5884
-2572,-11256,12172,1075,-3624,-3195
-1940,-11716,12704,-1081,-3693,-1995
-736,-11764,10892,-314,-4292,1463
8,-12540,11480,1463,-5074,5546
2888,-13032,10616,1424,-3322,3293
92,-11764,10640,47,-3458,830
2272,-13888,14032,-852,-3763,2556
6920,-10928,9472,418,-2063,1243
4792,-11700,11044,-338,95,-3892
3068,-10188,11776,205,584,-595
2492,-10212,12340,197,1557,990
1992,-10716,12156,641,1102,800
1896,-10528,12172,1008,488,-112
1884,-10276,12508,477,219,-743
2168,-10124,12488,-318,411,-574
