-7288,-12916,6272,-425,-291,-197
-7212,-13160,6304,-312,-8,-182
-7124,-12900,6112,-133,216,-88
-7204,-12952,6384,-184,213,-156
-7272,-12792,6332,-238,359,-112
-7444,-13072,6580,-416,-3,-214
-7436,-13184,6692,96,584,-242
-7620,-13280,6704,485,1334,-235
-7204,-12380,5956,-185,1081,-335
-7408,-12768,6924,-1244,434,-507
-4144,-11636,10332,2236,-77,-1484
-7904,-12360,5572,362,-32,-1073
-7776,-12988,5340,624,647,-1218
-10664,-11812,3692,-4330,-2933,4361
-6940,-13340,2892,-9083,468,5831
-5304,-15128,1004,-17161,120,3139
-5820,-16236,2212,-22425,2472,2579
-6344,-17084,3344,-25339,4670,180
-2028,-16112,6672,-13872,-1905,-1240
-6608,-15144,4596,-3380,-1831,-5015
-8220,-15276,3644,1388,-2085,-5774
-8684,-15396,5488,7974,-5118,-8676
-15164,-11260,396,12743,-2299,-10721
-13156,-8600,-1236,8671,-5234,-7400
-10120,-12684,1680,4512,-900,-614
-6956,-14448,1184,3288,733,1816
-4120,-15256,176,475,4771,752
-2748,-17180,2396,-639,4426,-624
-104,-17592,3960,-641,3621,-764
4068,-19700,6364,128,1337,-4725
-3548,-14884,4172,-130,-2914,-6
-5424,-13660,2988,-1562,-608,3531
-6648,-15052,3432,-1321,-1437,3053
-6632,-15072,3164,172,-547,1654
