-528,-14776,6856,-343,-75,92
-648,-14856,6872,-697,-35,-22
-516,-14716,6500,-685,-108,-414
-512,-14520,6624,-752,-149,-789
-508,-14880,6708,-654,-401,-1217
-532,-14960,6608,-290,-331,-1101
-572,-15344,6512,1359,-857,-1432
-432,-14880,6960,3748,-2014,-2169
236,-14912,6748,4854,-2412,-1837
324,-14712,6516,6127,-1111,-1632
-60,-16068,7876,-1276,772,811
-700,-16160,6632,-2457,525,996
580,-13836,8352,416,3024,101
436,-17780,7144,4404,2174,326
436,-17852,10496,1656,974,1286
-832,-14212,7332,-5141,1888,2816
-96,-15268,8868,-937,791,1931
2740,-16944,10332,1825,2736,3232
-428,-13188,9764,4068,3166,3717
-1308,-12708,8180,-3384,2757,1905
-1500,-12820,10096,-6747,1607,653
-392,-13896,9276,-3282,-579,-502
-4928,-11792,7736,-1054,1797,1452
-2268,-16164,9580,-2275,-2194,400
-420,-12228,5532,-4180,-3409,-3645
-1968,-22448,18096,-3994,-3963,-5292
200,-8652,1504,-713,-399,-2565
-8352,-15128,4608,-16279,5467,4948
4004,-7108,-9984,9444,287,-3861
-7076,-6960,-2292,-30502,2966,-1223
-9664,-32768,32767,32767,8642,2120
-17832,-32768,32767,32767,18886,10755
-32768,1640,32767,32767,24459,14916
-32768,15692,31300,29352,23434,21735
-10616,-10924,-21676,32767,32767,28138
-11928,-17912,16724,1230,-1421,1189
548,-15520,7396,1599,-827,287
-3140,-13012,5876,2174,2395,587
148,-13852,8288,3716,1784,-2950
576,-14044,8068,2504,366,278
360,-13844,8208,1594,712,1625
-184,-14096,7928,354,899,1930
-284,-14132,7704,-182,866,1278
-960,-14388,8044,-620,113,-43
-660,-14376,8192,-1097,-306,-616
-388,-14060,8104,-1749,-40,-189
-584,-14252,7836,-1786,244,-107
-564,-14420,7620,-1509,263,-90
-204,-14312,7600,-915,152,45
-452,-14808,7552,-371,25,-193
-380,-14560,7664,10,385,-333
-404,-14284,7592,286,336,-65
-420,-14336,7956,577,269,125
-528,-14300,8000,788,284,166
-608,-14248,8052,899,440,125
-532,-14272,8132,1048,476,-63
-816,-14256,8140,657,337,-245
-672,-14116,8140,301,301,-239
-620,-14024,8432,-7,247,-265
-648,-14072,8196,-155,173,-381
-420,-14032,8160,-149,113,-220
-396,-13828,7952,-70,-15,-86
-456,-13952,8368,-126,90,-187
-740,-14100,8032,85,340,-19
-376,-14080,8172,420,257,-239
