1960,10800,10824,-538,40,-360
1800,11540,11280,-248,189,-104
1752,11280,11164,83,242,-397
2012,12060,11700,-1350,-78,-375
1872,12036,12424,-3264,-1373,-575
-40,11288,13680,-6684,-4607,-2434
1284,9652,11972,-8417,-5098,-3552
-3028,9800,16040,-12414,-10986,-7460
1408,4764,10520,4820,-11260,-7076
-312,14876,16080,6273,-8201,-9287
4900,10068,11572,-3254,-9267,-7624
4188,6940,9660,-1101,-7908,-12998
2628,8952,9264,9360,1745,-12247
3752,13992,11768,4003,-598,-12854
916,11704,9800,1874,564,-11240
676,14592,10980,8401,764,-10330
4400,15228,9260,2059,-1576,-8402
1972,8200,4708,14308,1488,-5610
8004,16704,1156,10258,12682,-5872
888,12872,5908,6737,605,-11965
3068,17368,4992,1471,2942,2443
3464,16156,1776,2617,2029,6937
-1684,13456,3920,192,6559,1611
-4452,19880,7252,442,11375,5806
-752,17552,2228,1259,8784,10952
-6884,13956,6944,-1738,12886,12790
-4108,14868,5128,-2267,22130,8731
-6668,16548,5948,-2497,18047,11345
-2600,18300,7292,82,15438,14740
-4452,15596,7316,2828,11951,16386
-4220,9588,7736,-384,10138,6657
-5004,14976,10580,-1994,7696,4350
-6464,12012,10672,-4758,3002,7868
-6276,10772,10920,-4494,-723,499
-8532,7364,12520,-2797,-1685,-12247
2636,10248,8980,-4869,-10988,-6310
4508,10712,6480,-4005,-5753,-6780
-4448,13336,19336,1859,-9518,-10018
2344,16956,13000,195,-5767,-3392
4912,12468,8632,-2623,-603,-2687
5948,23192,8300,-4882,-4381,67
3952,16180,10000,2850,-7348,-473
3984,13096,4104,127,-816,-2029
-2428,18572,9192,-2722,2560,-1220
1728,17884,6972,-2774,107,1199
-748,15812,6612,-3919,5705,4906
400,16988,6892,-5490,3720,8499
428,17168,11164,-4452,6442,7820
-1660,11220,12692,-3786,1760,7288
-108,12300,11288,-1992,-351,2375
3060,12932,9468,-3926,-3181,490
1756,11716,10248,-3950,-1073,593
1876,12428,10564,-4800,-1862,-1186
2472,11700,9072,-3636,-1468,-1477
