-2364,-13460,8484,-306,-280,-1021
-2352,-13492,8620,-258,59,-515
-2772,-13536,8620,-2,157,-446
-2420,-13512,8988,212,316,-194
-2488,-13308,8708,-39,253,240
-2700,-13436,8864,-186,152,136
-2716,-13500,8960,202,-45,-586
-2364,-13492,8872,672,-199,-1137
-2676,-13324,9132,-161,24,-939
-2648,-13340,8824,-429,-244,-1354
-2520,-13368,8712,-160,-833,-1629
-2148,-13496,8672,380,-1224,-1263
-2032,-13456,8756,698,-763,-870
-2020,-13004,9480,1105,-125,-572
-1672,-14372,4180,-876,5885,2728
-3704,-13668,10216,2343,-1643,-4456
-1488,-13172,9432,1613,-566,-1613
-4096,-17744,19548,23,-3309,-1709
-1680,-12040,8664,-153,-143,1028
-1680,-14060,9128,-1316,74,1003
-1996,-13180,7252,-2224,587,1070
-2172,-13920,9436,-1533,8,-334
-2276,-13416,9192,-551,498,-309
-1992,-14316,10564,-1599,666,291
-2764,-14652,10200,-1028,1741,134
-2432,-13568,9552,-1105,507,-115
-2364,-13112,8880,-1152,846,153
-2936,-13428,8048,-2263,188,504
-2256,-13052,8716,-1125,590,1013
-880,-17044,7972,-805,4369,956
-1880,-13124,8032,-354,3360,120
-2760,-13008,8576,-222,3220,-579
-3604,-12944,8288,-316,1742,699
-3072,-13612,8720,-864,2066,205
-3288,-13188,7780,-812,1590,-497
-3300,-13624,7400,-384,1964,245
-2324,-13940,6940,-611,484,-13
-4496,-14120,8868,-852,-553,-832
-3544,-12804,10180,-338,5617,-442
-3064,-13124,8300,-1061,4171,3
-2544,-11996,7728,-1545,2731,-562
-3868,-12688,8868,-921,2813,457
-2740,-12212,7896,-1369,3159,1400
-4004,-13136,9528,-1802,2975,245
-3464,-13620,8252,-1165,1471,69
-3904,-11940,7812,-1697,1313,-936
-3684,-13624,8124,-2111,1163,-1572
-3696,-11552,8968,-1218,-9233,2004
-2216,-13736,7124,-1310,-1672,-1066
-3956,-15300,9188,-559,875,-1746
-4384,-11452,6516,-662,-1035,-141
-4072,-13552,7532,-681,-2176,-650
-4896,-12736,6288,-1506,-904,40
-4660,-11036,3180,-2130,-814,516
-4016,-15556,9800,812,-1856,-418
-4616,-13348,8328,-120,-1896,-1231
-3412,-12212,7116,-477,-1708,-897
-3920,-13656,7768,-579,-2181,-804
-2844,-14584,7376,-649,-592,-952
-3968,-15128,9132,652,-402,-1643
-3456,-13768,7744,94,-1412,-782
-2032,-14332,6268,458,-1758,-155
-3048,-14176,6340,6,-1344,-1076
-2444,-13420,8400,-615,-952,-1107
-2260,-14024,8080,617,-720,-495
-3064,-13304,8772,1454,-553,49
-3720,-12240,8572,3238,-1706,-363
-1736,-14160,9216,3452,-3090,-1031
-1552,-15816,9704,2741,-3003,-2024
-1640,-11204,5868,1088,59,1590
-1516,-14416,10232,-1124,406,1326
-2280,-14120,9744,-488,-771,973
-3272,-15696,11936,-996,66,-875
-620,-9216,6452,-2163,-477,1536
-1424,-13692,11736,-1602,651,663
-900,-12804,11556,-337,-1777,-1353
-1872,-12000,9180,-187,594,-128
-2632,-13124,9300,-1772,820,1460
-2964,-13376,8868,-1086,312,712
-2984,-13308,8876,-487,130,-38
-2588,-13240,9000,-326,320,-139
-2912,-13140,8940,-588,384,48
-2812,-13196,8968,-365,201,0
-2940,-13232,9124,-387,283,170
-2928,-13140,9104,-338,207,-52
-2740,-13160,8872,-6,4,68
