2580,-7492,14136,-280,329,86
2516,-7460,13948,-513,211,152
2352,-7464,13908,-662,402,276
2328,-7636,14064,-433,228,-12
2548,-7676,14120,-574,-447,-614
2720,-7560,14192,-678,-587,-780
2540,-7588,13800,-509,-152,-421
2228,-7476,13060,-219,713,339
2636,-7756,14108,-193,475,1036
2328,-7788,14120,-197,-317,1253
2548,-8008,13304,80,-2454,907
5584,-9288,7256,-996,-4745,3812
592,-11340,13712,-265,-847,5627
1524,-9908,12436,-20,-1515,6201
1340,-10788,13796,145,-1673,4425
1640,-9392,10340,-445,-2217,4208
1544,-9000,13024,-157,-2785,2696
1668,-7120,11332,332,-2655,2444
4208,-8272,12440,572,-2099,2449
3072,-7320,10948,-247,213,2008
3264,-6368,14004,-1160,-199,1694
5620,-5276,16080,-1965,935,1902
7656,-5824,15688,-2316,5083,1471
4128,-3812,14692,-2436,9619,3145
2332,-8456,15552,-2887,6763,4501
496,-9180,16844,-3738,2788,3300
1164,-7052,17140,-3991,1996,-3017
-196,-7684,18180,-2093,-720,-7030
-2440,-8584,16664,414,-2667,-6945
-2952,-8460,14904,1625,-3903,-2921
-1176,-9696,14036,1048,-6455,-1938
776,-10344,12304,406,-7401,-1013
1140,-9932,12196,1275,-4477,1027
2864,-6760,9864,2113,-2373,-344
4988,-10316,14504,1182,-4691,-868
7420,-8716,12228,818,1089,-476
8716,-9148,10012,-2118,2314,-757
5496,-7976,12476,-4125,4721,2419
2632,-6556,16164,-4598,6045,7167
3688,-7800,15084,-517,3108,7021
2976,-10028,17268,6832,1215,-7593
4408,-7504,13008,9721,3258,-8276
4560,-8920,12304,3599,6838,-12762
-2696,-7176,11476,3307,4893,-10714
-3792,-6136,11564,-549,1156,-4161
-1208,-7688,15528,-3246,1380,-481
1812,-6908,11284,-1862,-456,429
1472,-7656,13608,-4471,-2104,1060
5656,-10324,18180,-4607,-2863,-32
4016,-7584,13964,-891,133,-50
2516,-7776,14308,-271,-220,-662
2940,-8024,13588,-329,-452,-1363
2684,-7864,13852,-399,189,-1015
2744,-7820,13504,237,471,-385
2892,-7448,14220,160,738,-145
2828,-7532,14012,-283,76,-172
2624,-7632,14128,-103,385,160
2764,-7536,14176,-225,408,137
2516,-7524,14076,-227,-64,-658
2688,-7672,14180,94,-550,-1146
