-2680,-12884,10128,885,-341,221
-2256,-12620,9988,1077,-401,-194
-2288,-12624,10144,935,50,-368
-2164,-12300,10064,522,-112,-350
-2408,-12320,10096,243,42,-297
-2484,-12296,10536,281,-564,-664
-2124,-12300,10336,459,-472,-937
-2156,-12148,10240,482,-526,-1155
-2312,-12404,10104,415,-278,-813
-2452,-12628,9932,1757,-456,-1268
-15612,3964,-10096,-6081,6375,9970
-3000,-12352,11976,-2336,-2536,1754
-3284,-14340,9752,-3277,-1635,2753
-2256,-13716,8120,-1687,435,1405
-3348,-10948,6524,-2292,-641,1481
-128,-14400,10316,-2783,-2332,2942
-2060,-13744,10904,-4760,-4042,4572
-1564,-12876,9932,-7414,-3766,5217
416,-13584,9396,-6042,-2603,4001
-4944,-12116,9268,-2161,1206,-935
-2400,-13432,9464,-3892,1965,108
-2844,-13604,9268,-3802,-4068,3389
-1320,-17128,10364,-1401,-5048,1932
-2340,-12676,9244,-476,4611,1867
-1656,-13600,8896,-807,442,2907
-940,-14256,8796,-1879,-671,-74
-3624,-13044,9468,-1244,2120,-675
-2776,-15120,10656,-1766,-2062,-2293
-4132,-11752,8432,-1785,-1235,-2247
-3728,-14620,10084,-744,-645,-2577
-4512,-11308,6704,-1596,-975,-545
-2100,-15208,10660,-393,-1660,-2119
-5496,-18176,15900,-3870,-4231,-288
-780,-16368,7264,-614,81,-3340
-4448,-15800,12864,1516,-3458,-5314
-4104,-14260,6512,1640,1520,-2404
-2656,-15804,8592,3663,967,-2426
-2936,-13640,7628,2516,190,-2563
-2948,-13940,7416,2880,-1093,-2417
-1644,-12916,6808,5005,-2200,-1322
-2412,-13476,7768,4771,1190,-1158
-3716,-13652,9196,1833,-1530,947
-1560,-13452,8068,-1195,-2218,2951
-3020,-10684,5456,-11425,-2081,3811
3676,-14492,7844,-6940,-2505,3357
3552,-15312,8732,-997,-188,-236
796,-13168,8772,1839,1412,-477
-408,-12644,10184,8392,1899,-802
-2412,-13308,10168,2850,1590,1858
-2112,-13412,9480,-782,197,339
-1560,-13116,8780,-2027,232,-625
-1728,-13608,9256,-1979,552,-191
-1632,-13412,8664,-953,489,98
-2048,-13956,9116,496,362,-233
-1800,-13324,9048,1050,231,-225
-1916,-13512,8984,482,687,111
-1580,-13292,9264,-77,471,-116
-1512,-13080,9308,-230,392,-83
-1944,-13400,9232,78,191,-131
-1860,-13328,8916,18,373,-151
-1780,-13372,9220,-190,122,-307
-1592,-13188,8980,-276,75,-291
-1616,-13324,9280,-585,367,-279
-1788,-13068,9328,-46,142,-90
-1940,-13356,9420,37,360,-178
-1720,-13016,9164,296,21,-165
-1976,-13096,9492,-277,217,-242
-1924,-13184,9200,-484,-145,-55
-2016,-13320,8968,-521,185,-238
-1500,-13112,9292,-44,-30,-284
-1836,-12904,9452,37,353,-219
-1684,-13216,9424,50,-64,-217
