2076,-9340,12792,-93,47,138
1820,-9372,12992,-315,213,301
1936,-9620,13016,-596,25,-23
1932,-9848,13024,-624,-226,-704
1980,-9684,12964,-685,-345,-994
2372,-9372,12736,-529,-1,-901
2272,-9468,12868,-157,33,-604
2224,-9548,12704,-12,117,-35
2276,-9580,12600,130,346,368
2240,-9332,12848,242,561,409
1720,-9268,13248,-187,434,-72
1700,-9464,13168,-698,-13,-791
2144,-9596,12964,-1236,199,-839
2404,-9344,12848,-1701,549,-403
2088,-9452,13152,-2077,307,-58
1656,-9780,13080,-2510,217,-234
1792,-9804,13016,-3135,-241,-488
1488,-10028,12764,-4012,-610,-497
1772,-10584,12352,-3124,-2489,-1437
-1728,-10308,12200,-39,-3538,-546
-7528,-12228,10584,3080,-651,7789
6536,-12308,10100,2546,-3832,1344
816,-11272,10276,-810,-4764,1219
2220,-12672,8656,-5299,478,6373
5968,-12348,10248,-5007,2358,4171
5788,-10876,11716,-3452,2096,1331
6072,-8332,11380,-2738,2675,1965
7728,-7588,13016,-3428,6111,2406
4140,-8904,13564,-4318,9347,667
1816,-10780,15332,-4288,4949,-7742
-1936,-6916,13508,835,180,-7724
-5692,-9920,13180,3375,-310,-2103
-3972,-9716,11332,815,-3651,-880
-2468,-11408,12428,2427,-6679,241
1632,-11752,9608,5175,-4492,2026
956,-11624,10100,5093,-4433,1734
2432,-13092,10336,2882,-3393,-76
3436,-12124,12040,1710,-3556,184
7496,-11088,10680,873,-1340,-510
4796,-10256,11400,-1087,484,-643
2852,-10004,12268,-1018,1361,1378
2240,-10112,12392,-833,1333,1055
1852,-10372,12340,-386,458,-143
1916,-10068,12592,99,116,-735
2244,-10060,12300,123,266,-452
2312,-9996,12588,-91,152,-289
2444,-9980,12464,-404,241,-175
2276,-10092,12396,-585,440,-287
2028,-10156,12248,-450,78,-895
2240,-10080,12428,-284,129,-694
2524,-9968,12312,110,156,-150
2456,-9960,12416,219,402,76
2068,-9996,12456,186,502,-62
2460,-9772,12512,210,-15,46
