-2960,-11972,10364,-1350,-82,-358
-2796,-12420,10324,-1540,-327,-488
-2168,-12740,9684,-1245,-446,-881
-2292,-12492,10008,-1644,-372,-948
-2360,-12496,9884,-1372,-116,-499
-2652,-12572,10516,-1839,-1568,-1798
-1900,-11276,9260,-1798,-4546,-1657
3160,-13296,7024,5045,-9098,-1061
-4844,-11712,9832,5715,-3816,3300
-6256,-12844,13236,4334,-3177,3239
-4984,-12488,12832,2107,-3171,5751
-2480,-11924,12288,-615,-3097,5117
-1444,-8692,11588,-1325,-2875,6293
-1536,-12204,9268,-1883,-2481,4516
-1336,-12008,10388,-2694,14,3935
-1244,-14228,11872,-2410,-917,2345
-1932,-12476,10960,-1855,125,1727
-2320,-11320,8684,-1725,-633,1374
-3552,-7476,16432,-2081,-4639,-81
-3640,-11508,8932,-3107,-301,1324
-2716,-12404,10572,-1720,-1366,1038
-1896,-11608,9304,-2716,1905,398
-2184,-11764,10448,-5852,4110,474
-5736,-14072,13852,-4558,2059,-439
-2292,-12624,11000,-5791,6469,105
-3532,-13200,10356,-4722,6904,853
-3176,-12800,12800,-5189,-6717,3347
-9044,-16620,14644,-5665,898,-156
-4264,-14244,11296,-4601,6295,-4089
-3964,-11636,9620,1037,3895,-4081
-4492,-14780,10284,-843,2519,-4068
-4628,-12804,7844,-3479,2047,-6203
-4692,-11312,6096,-193,1441,-4701
-2960,-14252,9776,7030,2464,-7337
-3660,-12244,5540,5468,7599,-7672
-3848,-14016,8256,8434,7822,-9550
-4404,-14972,8888,13410,5925,-10956
-4320,-11944,10360,12476,350,-7991
-980,-10716,8852,10479,-2089,-4726
-3212,-11488,9424,6695,-907,-2685
-64,-9840,10672,4551,-2026,-581
-892,-10480,10732,5238,-3756,516
-388,-10488,14908,5045,-7511,526
844,-8584,10860,2904,-6127,6401
-1280,-8372,11424,-1226,-2453,7909
-1224,-10996,15672,-1112,-3239,3753
-1600,-14400,19660,-1126,-5764,2791
4856,-9772,9280,283,-5922,-1689
-332,-9852,12600,-1193,1091,201
-572,-10064,12704,-951,417,87
-336,-10220,12388,-1760,541,192
-420,-10332,12124,-1643,1900,567
-768,-10224,12688,-674,1144,161
-680,-10288,12368,-341,1214,-5
-612,-10292,12000,-259,679,22
-1044,-10144,12492,-183,861,-207
-1036,-10040,12428,-953,1054,34
-1088,-10312,12420,-457,1409,-26
-1212,-10268,12420,-908,1901,150
-1184,-10460,12372,153,56,-232
-1144,-10220,12384,222,657,-126
-1272,-10096,12376,798,-164,-325
-1352,-10180,12280,-42,340,-163
-956,-9912,12412,255,-329,-389
-1092,-9988,12324,-918,726,-32
-1244,-10312,12424,-719,-228,-261
-1180,-10180,12400,-896,551,8
-1200,-10200,12556,-863,689,38
-916,-10392,12308,-1091,1246,165
-1328,-10104,12184,-61,95,-161
