-2828,-13200,11320,-2976,3582,-589
-2180,-13956,10204,-1330,3449,950
-2360,-12956,9784,-1819,1754,270
-3172,-13164,10116,-1878,1247,528
-2192,-12280,9312,-3054,229,-122
-2284,-12148,8796,-3514,596,91
-1988,-11884,8056,-3943,1366,50
-3256,-17840,12180,-2936,934,286
-3324,-13684,8888,-2318,884,730
-2792,-13252,8832,-2246,1273,528
-2772,-13220,8852,-3269,1179,336
-3560,-14564,8496,-3155,-351,-1295
-3888,-14208,7868,514,-3943,-4004
-2708,-13592,7256,4650,-8010,-3347
-1084,-17480,8812,258,-4344,-90
-1180,-13140,6992,1793,-1185,-763
-2328,-13684,6664,-699,1849,306
-2188,-14268,7512,-3100,1384,478
-2012,-15324,10500,-2458,627,-178
-1344,-14784,6060,-2172,1293,1073
-1912,-14884,8920,-1751,1926,819
-136,-14668,5896,-1897,4890,-75
-2600,-14836,10540,340,3961,-335
-264,-14180,6828,-984,4775,627
-2040,-13744,8616,-1208,4540,635
-2220,-14216,8892,-1843,5080,219
-776,-13428,8348,-634,-7450,4919
-4848,-11564,9604,-1508,-4761,2730
-2276,-12652,9344,-2159,400,444
-2508,-13900,9292,-2332,1363,-103
-3488,-12640,10200,-3138,-107,-647
-2648,-11796,6916,-1336,29,-1009
-2460,-13676,7404,205,-476,-3142
-3848,-12728,7168,147,-650,-4102
-3332,-12644,8380,-1779,-2567,-1877
-3740,-14392,8516,-716,-2252,-1907
-5392,-12652,4528,-384,-2507,-1850
-3668,-17824,9600,172,-2635,-1760
-2032,-13004,4576,1060,-2185,-721
-2052,-15464,7768,2256,-1077,-1311
-1864,-15356,6548,321,-2491,-1699
-3208,-14952,8280,445,-3035,-75
-2040,-15592,6684,1313,-2811,-26
-1524,-14676,5672,1005,-1500,1146
-2604,-15480,8632,-440,-3009,1806
732,-14216,7412,-120,489,1324
-816,-10260,8028,34,-2158,802
-1180,-14280,7412,-1920,1776,628
-356,-12396,7800,-125,675,-711
244,-12152,8592,3533,-486,-1029
-1344,-12888,9232,85,1591,1376
-2316,-13348,9424,-314,1028,1410
-2844,-13768,8988,-233,514,53
-2116,-13448,8868,-679,284,-473
-2144,-13324,8748,-1222,134,-948
-1860,-13340,8692,-1755,119,-559
-1872,-13856,8960,-1739,-182,81
-1864,-13556,8128,-924,516,629
-2092,-13744,8496,427,294,300
-2332,-13844,8736,1108,434,206
-1732,-13288,8584,1381,182,-58
-1920,-13900,8560,698,333,257
-2188,-13212,8964,225,216,289
-1944,-13224,9024,-138,532,443
