-2928,-10960,11976,-369,240,-1467
-2728,-11060,12716,-745,-5,-1033
-2236,-11152,11684,-289,-304,-2294
-3012,-10660,12432,496,-2187,-991
-1748,-11752,12212,-911,-243,-1524
-2332,-11484,11480,447,236,-1219
-2992,-10744,12744,317,-47,-897
-1976,-11216,11356,-843,701,-856
-2284,-11420,12676,-1054,-5,-525
-2060,-11232,13300,2055,-425,-212
-2240,-10528,11840,-629,-615,-869
-1812,-10264,11808,541,-103,-229
-2404,-10288,12488,422,-3470,-374
-2036,-10084,11828,-2441,-3056,-1213
-5540,-13232,-3244,1262,15163,-5587
-1172,-11532,10980,-3496,6585,100
-1304,-13676,9064,-9481,-4680,2308
-2356,-12968,10448,-5388,5896,4885
-2368,-14156,9984,-7638,1644,5360
-200,-12972,9620,-9130,-3790,5764
3268,-13136,9136,-15128,17135,4053
-3012,-12468,11004,-11724,9172,-1837
-656,-12740,9280,-7870,6718,-1847
-3796,-11824,13376,-4709,-2006,1066
-3220,-11472,12704,444,2447,-6040
-3792,-10896,11368,5837,-8559,-7035
-4012,-11948,9028,5124,-9368,-1631
-3048,-12180,10344,7733,-7396,-882
-5196,-14464,7624,8132,-2226,-1382
-6060,-13504,9940,1235,-9520,1983
-3496,-13764,8256,510,-4827,5341
-1564,-13756,9300,-1669,-1482,6309
368,-13044,11276,-3429,-1113,8146
2364,-13060,11156,-2073,4527,4253
420,-12104,11148,672,706,-1120
-2212,-12528,9964,767,2165,390
-4996,-11208,8812,1225,4553,-253
-2524,-13012,10440,1444,1398,-2771
