-2484,-10008,12724,131,-501,-111
-2836,-9132,11968,713,-1087,-255
-3384,-9280,12540,294,-861,-460
-2276,-9380,12572,689,-1819,234
-3776,-10336,13200,231,-755,-748
-2872,-10228,12436,275,-506,-428
-2424,-9784,12672,736,-233,-364
-2856,-9852,12812,468,-957,-663
-2768,-9008,12564,980,-139,-282
-2000,-8952,12468,628,2,64
-2440,-8612,13684,1787,-1925,17
-2004,-9180,13040,1807,-1668,-914
-1992,-8340,12540,1619,-2976,551
-1268,-8696,13876,1373,-3581,-962
-476,-8380,13380,2526,-5742,-2653
-792,-8944,13260,1853,-4606,-3149
-520,-8576,11208,-84,-2014,-1790
-736,-9868,10160,-3157,4888,-3689
-1644,-15092,14988,-516,1206,-2505
-3784,-11996,13204,-2805,1279,4056
-4276,-12172,10516,-10743,9961,6715
-1848,-11976,11028,-17411,5618,11202
-852,-11856,12260,-14380,947,7139
932,-11276,13388,-12221,5428,2096
1236,-10276,14700,-9481,-444,1557
840,-10824,14120,-7712,2457,659
-224,-11292,15648,840,-2418,-5473
-6776,-8868,11780,4482,-9174,-9181
-11788,-9532,8644,4784,-8632,-718
-7364,-9900,8348,3259,-2999,5227
-6992,-11428,11260,4031,-2259,10258
-3080,-15332,7204,2427,323,4634
492,-16876,6244,-2613,-822,903
1032,-11992,11600,-5785,1766,-402
-116,-10464,13728,-4314,899,-207
-2980,-11772,13700,453,-93,-829
-2148,-13944,11504,4217,2955,-156
-2052,-12820,9000,821,2770,-465
