-5252,-13340,7620,-864,235,-255
-5320,-13440,7644,-655,-442,-294
-5392,-13516,7040,-397,433,-528
-5628,-13656,6956,-372,422,-1116
-6148,-13488,6968,-142,498,-1595
-6668,-13568,5812,-1830,3369,1520
-6360,-13756,5476,-3607,3530,3366
-5548,-13952,5620,-5129,3191,3056
-4412,-15004,5080,-5800,3961,2101
-3688,-15580,5016,-7900,578,1076
-4396,-16052,5912,-12746,-46,1282
-4404,-16196,5580,-15436,1454,1886
-3796,-14588,7036,-10092,1195,-1044
-3708,-14880,7532,-3391,737,-3645
-7788,-15188,8776,2018,-1167,-5381
-8488,-13992,7488,11424,-10080,-9357
-11168,-10972,2612,14107,-10800,-10730
-10468,-13632,792,7376,-2255,-2702
-9204,-15460,2060,3964,3888,2031
-4008,-14772,184,-1952,7063,4931
-476,-16484,7064,-8519,8802,7754
2372,-17076,9748,-5013,2700,3012
-2340,-15532,7324,1567,-2861,-2011
-5868,-13212,4688,-692,1188,3970
-7580,-13884,4628,-1407,140,3020
-7268,-14644,4464,7,18,-104
-6148,-14108,5000,26,408,-1291
