-2748,-14072,7728,150,98,-128
-2748,-14192,7620,-101,177,-395
-2696,-14156,7920,-736,-116,-524
-2332,-14184,7684,-985,69,-250
-2272,-14280,7756,-646,147,-543
-2384,-14308,7616,-287,379,-812
-2060,-14176,7332,-431,298,-744
-2776,-14364,7516,-223,211,-772
-2604,-14040,7524,115,288,-1421
-2900,-14088,7932,310,96,-2794
-2324,-14172,7880,512,134,-3191
-416,-13644,6832,488,-501,-2784
-1752,-14236,7596,6,-1000,-2117
-996,-14520,7072,698,-513,-2147
-2100,-14236,8124,1226,-444,-2330
32767,19836,-32768,2459,-2397,5286
-6500,-8200,3268,2291,-4300,-727
2008,-17212,14056,-419,-2858,821
-888,-16384,12928,-1162,-226,1251
-968,-5540,-5888,1181,1765,1170
-1124,-15900,10816,1222,1021,227
284,-12364,7672,4568,3881,180
-568,-18324,14804,3665,1123,-2049
-1068,-10288,4540,988,6123,-139
-1288,-12176,8480,493,3527,-846
-3664,-9288,2068,1566,5762,1060
-2048,-14056,6352,2789,5565,-990
-2024,-7648,5432,-2537,1604,-2498
-2748,-7876,12448,-3088,-887,-3309
-2112,-9928,6568,-2008,-10,358
-2092,-13060,10164,-164,-2643,1071
-800,-17176,12068,2420,2194,2057
-1936,-9324,11236,-4589,1554,-1556
-2528,-11944,12680,-1373,1819,512
-2004,-14736,12432,-462,1798,1854
-3168,-12292,10692,-2672,791,489
-3728,-11480,12328,-2435,2027,-164
-1288,-13504,7744,-2681,466,-538
-1740,-12332,9572,-4089,1431,131
-3752,-11884,10136,-4658,1628,895
-4012,-12036,8720,-5134,2866,1171
-5572,-10936,7220,-5768,3759,249
-4864,-10796,4188,-5835,1066,-889
-4096,-16960,11576,-5709,267,-1653
-4108,-14488,10928,-5059,-1538,-1869
-3748,-16108,7616,-2166,-2335,-2861
-19804,-14924,11756,-19446,631,3033
19532,13776,-15716,25659,-930,-11122
-21840,-868,-9976,-32768,13192,6399
-7648,-12260,8784,-30175,-6949,-1858
456,27524,-17796,2677,-9931,-1322
7068,-32768,13428,-19169,4070,-4009
-15672,-8536,27672,32767,2205,2314
4664,-16924,14984,-14867,6418,-10251
-32768,980,25216,31625,14363,16901
32767,-29680,-7692,-5026,-10220,-16959
-11812,-13224,12948,1728,-8794,-62
528,-16160,6436,603,-3281,-447
-172,-15484,8756,9,-2384,-222
-2476,-14080,4416,701,-1398,-57
1364,-11396,-1620,1378,-11,-234
-2272,-10528,452,-349,1547,2407
-1076,-11592,776,-282,-644,518
1436,-17304,11496,-1372,-3270,-1594
972,-24252,18044,2208,-3722,-3010
3140,-15900,8620,5304,247,-4198
120,-13824,7632,2844,826,-1011
-348,-14032,7988,825,876,1611
-1044,-13868,7740,-436,1405,2205
-1172,-14440,7720,-782,574,939
-1272,-14216,8040,-1578,14,-45
-1104,-14376,7568,-1662,112,-256
-1480,-14384,7436,-1346,429,-230
-1072,-14408,7272,-1231,271,9
-1144,-14748,7084,-639,-288,-125
-1204,-14520,7396,-113,198,149
-1300,-14524,7212,553,648,364
-1428,-14452,7352,954,357,-160
-1288,-14404,7624,1117,-158,-475
-1244,-14280,7748,1351,471,-71
-1320,-14228,7720,1333,511,92
