-1588,-8932,13304,-668,-330,-354
-1148,-8864,12840,-721,74,-80
-1312,-8920,12872,-674,369,-195
-1416,-8940,13244,-633,390,-75
-1696,-9236,13268,-411,438,44
-1652,-9000,13204,-405,312,-93
-1784,-8708,13032,-841,118,-164
-1752,-9236,13452,-1493,-248,-313
-1520,-9088,13300,-1400,-68,-250
-2308,-9512,13668,-1346,-1009,-607
-2280,-9700,13268,-919,-2273,-1267
-1232,-8812,13352,-1450,-7046,-2420
400,-10804,12048,-1513,-6708,-126
-31452,8740,-31680,-6703,29410,25327
576,-9324,16132,1674,280,879
5860,-9752,11224,-2255,-6893,1955
-792,-5024,5492,-1476,-1183,1826
-852,-8700,9848,182,-853,1326
3176,-7260,6684,-309,-3061,811
-516,-9808,12068,-371,-172,1207
492,-8608,7760,-1028,1664,2753
1040,-9020,13568,-1141,-483,1374
-476,-9960,12052,-820,683,1416
468,-9344,12112,-1729,674,2150
964,-11052,12804,-1082,1243,1543
304,-9876,9396,-1876,-402,2220
-184,-11140,10052,-782,1224,2653
304,-10156,14700,-2693,-157,2115
-272,-9264,13544,-3176,1980,3049
-276,-9632,15448,-3867,855,2639
-988,-10856,10384,-2809,1613,3385
-640,-10988,13404,-3147,2434,3553
-1272,-9584,13452,-4687,1462,2253
-1344,-12056,12404,-3191,879,1822
-1264,-10256,12404,-1203,2076,2430
-1228,-8688,10540,-1934,3293,2014
-3028,-8148,9936,-5437,3416,375
-2884,-13192,14220,-3992,-329,-2960
-2940,-11256,12852,-3117,1052,-2576
-8688,-4760,4036,-6436,2992,1560
-2640,-14376,11344,-6396,-1383,-831
2040,-20532,16600,-3562,-2934,-2569
19172,-30272,32767,22603,-12748,-14459
-19696,-856,-12968,-17967,18005,5924
5004,-21344,3808,-12270,-12359,450
-13092,-22976,6944,-21197,17130,1550
3188,-15328,1536,-8496,916,-5448
-980,-14020,5452,475,-7765,-3941
368,-15372,9084,-1880,-7418,-4496
-23176,-10264,16584,12157,-1197,9487
24340,-32768,25284,-4747,-32768,-9350
32767,-14504,-26576,2029,-32768,594
-160,-11920,12784,440,-2434,-2594
1164,-13012,9632,521,699,2686
-220,-12664,9700,809,757,1010
-8,-12260,9908,244,1181,145
-204,-12740,10052,-959,604,-12
-744,-13292,10252,-1296,1095,1099
-292,-12872,10308,286,328,-46
-108,-12612,10024,-674,376,-507
124,-12760,9720,-1515,151,-146
-352,-13304,9752,-1511,813,494
-524,-12868,9620,-329,176,-4
-168,-13264,10004,-73,620,304
-1148,-13496,9992,1035,-476,-282
-456,-12656,10068,1341,100,-606
-452,-12436,10212,180,609,-169
-776,-12908,10400,-1133,415,-92
-156,-12848,9908,-1488,331,-41
-864,-12960,9856,-1004,526,87
-504,-12988,9960,-68,78,-77
-648,-12728,9840,9,406,-5
