-7296,-13396,7296,-983,-210,320
-6520,-13516,7420,-699,-92,647
-6644,-13436,7296,-981,-647,301
-6584,-13264,6984,-1190,-37,2
-7064,-13092,6956,-1163,-248,-503
-7176,-13300,6196,-846,-407,-1703
-8260,-14052,5932,-602,-505,2524
-8124,-13040,6280,-482,2017,845
-6708,-13056,5872,-484,3076,-4
-6072,-13404,6136,-1571,2509,369
-6028,-13560,6400,-1062,3046,-879
-6244,-13920,6352,-2713,3192,174
-6288,-13960,6352,-2929,2406,-182
-6644,-13620,5324,-4325,2739,225
-6468,-14152,5768,-4260,3157,572
-6476,-13856,4408,-4355,3083,1025
-7428,-13428,3440,-8002,5895,4261
-6772,-13984,4380,-6673,4892,3504
-7480,-14632,4204,-3062,1531,426
-7428,-13372,3180,-3574,912,-1914
-8368,-14068,2912,-3218,-220,-110
-7576,-14276,3632,-3478,449,-659
-7524,-14476,3696,-2780,-798,-1423
-7444,-14048,2668,-2338,105,-2433
-6980,-14596,3428,-2640,-635,-2916
-7724,-13868,3308,-1513,-938,-2468
-7540,-14512,4632,129,-2045,-2631
-8264,-13852,4324,1912,-5272,-3798
-8056,-13372,3716,3246,-6406,-4735
-7784,-13316,3852,1266,-7105,-2493
-6652,-13852,5304,1100,-6550,-2836
-10276,-13052,3940,829,-5027,-640
-7476,-13764,2920,1515,-3123,-858
-8500,-13784,1864,184,-3188,-408
-6704,-15184,2120,-462,38,320
-7188,-14904,3764,-661,221,1027
-5248,-15184,1600,-734,2022,-1001
-4764,-14356,3052,-1916,4466,-521
-5048,-14508,4008,-1459,5209,-268
-2780,-15292,5176,-934,3262,-380
-5968,-14176,7888,322,1961,-2370
-5240,-15484,4840,345,-1778,-17
-5352,-14128,3440,-538,92,1802
-5928,-14708,3912,-978,-141,1996
-6432,-14896,3732,-305,-781,1152
-6320,-14796,3768,248,332,341
-6176,-14508,3924,-93,248,-255
