-2676,-10504,11960,-872,43,-1003
-2456,-11060,11580,-726,268,-742
-3068,-10792,12512,-731,706,-177
-2732,-10896,11800,-128,741,-654
-2632,-10956,12016,-191,533,-301
-3160,-10988,12008,122,118,-342
-3056,-10384,12004,376,-179,-471
-3236,-10220,12268,433,-881,-61
-2840,-10224,12048,404,302,-181
-3144,-9948,12728,286,1636,-672
-3488,-9668,11356,456,-448,-135
-2048,-10056,11184,166,-42,24
-3796,-9156,10180,-460,-1064,-923
-2500,-9348,10336,-1830,-731,-1127
-6792,-12308,17572,-7215,6074,-905
-2904,-11496,12056,-29,-2783,-1008
-1892,-13588,12232,-2408,-1836,-2356
-2300,-12204,10952,-4768,-2278,-3157
-2000,-12692,11364,-5077,-2934,-2353
-1888,-12304,10396,-3899,-3906,-914
-2336,-12752,9944,-3764,-4659,-14
-1336,-13540,8264,-3863,-4621,2189
-408,-10584,12936,-4397,-3981,3145
476,-12624,9916,-3247,-2442,447
1212,-10868,9952,-4846,8261,-1989
-1144,-12228,11268,-5661,3780,-1963
-1292,-10416,11148,-3997,4978,-1182
-452,-11812,12800,-9,-1835,-3391
-1404,-11812,9652,8617,-1005,-3060
-3136,-13332,9540,14010,256,3204
-3836,-15932,10696,14012,-2737,4135
-2868,-11332,9780,5012,8568,1691
-2796,-9964,10748,-92,-1219,743
-1636,-9408,10708,42,-1442,759
