-1800,-9980,12412,2923,1905,196
-3100,-10656,12396,2068,3021,-1278
-3452,-10592,12544,2485,1002,14
-2372,-10060,11912,1375,3583,-900
-4244,-9552,12788,231,983,-680
-4844,-10104,12180,548,2072,1025
-2544,-9308,13108,-327,-618,1105
-2772,-10416,13324,-483,30,-510
-3684,-10264,13144,27,-66,339
-6560,-8696,8656,-1351,-1388,2956
-2220,-10064,11852,-340,-6179,2346
-3684,-10696,13312,-2327,-992,1949
-2240,-10584,12356,-3102,-4382,3222
-1416,-9520,11344,-3135,-2376,933
-812,-9368,11652,-4126,-1648,-944
-552,-9780,10552,-5138,-998,-3309
808,-10972,8344,-1732,-1003,2466
-1824,-10912,10748,-1919,533,191
680,-10192,11088,1144,1811,-3480
-4728,-10648,10500,-381,1635,-1503
-1748,-11036,10960,241,692,1182
-2384,-10656,11900,332,1102,653
-2852,-9972,11312,809,572,792
-2936,-10548,12576,-250,223,-198
-2960,-10532,12048,-329,-92,-1263
-2536,-10400,11900,-260,-172,-1449
-2400,-10576,12164,29,-172,-1286
-1156,-10716,11708,-291,-430,-1096
-1652,-11100,10972,-765,542,-1544
-2088,-11848,10812,-19,-3837,-1215
-1196,-13108,10384,-6117,-43,-2852
-1512,-12432,10836,-6597,-1557,-1887
-1316,-12356,9676,-5883,-2573,-1422
404,-11728,10960,-5429,-4038,-587
476,-11628,10572,-3828,-2729,-1264
-1320,-10880,11980,-1758,-2815,-871
-24,-11260,11008,-178,-2589,740
52,-10004,12676,-947,7293,-1384
-1596,-11616,13364,-2796,6408,-2588
-1376,-11332,11980,-508,1953,-519
-2336,-12112,12424,-276,-110,-257
-868,-12752,10508,-1192,-1001,262
-1336,-12756,10156,-1139,-893,225
216,-13632,11172,1269,4849,2028
-2132,-13156,12176,4575,4548,3503
-1864,-13204,13456,8986,3493,2788
