-1788,-8300,13336,-187,258,-129
-2128,-8340,13352,-482,-85,-151
-2344,-8464,13776,-597,113,-277
-2020,-8592,13616,-692,-97,-306
-2296,-8760,14040,84,181,106
-2252,-8484,13448,-332,16,-179
-1832,-8276,13332,-370,217,-135
-2000,-8704,13452,-39,39,-122
-2104,-8616,13440,-240,226,-179
-2012,-8244,13332,-323,-15,-195
-2100,-8456,13360,250,256,68
-1992,-7896,13816,-425,-7,-212
-1940,-8556,13284,-619,-24,-240
-2068,-8524,13616,-306,-207,-242
-1572,-8584,13608,293,34,-300
-2256,-8312,13596,-300,61,-367
-1640,-8384,13632,-297,71,-272
-2168,-8188,14284,-179,46,-154
-2260,-7784,13700,-319,233,-60
-2332,-9148,15520,1506,-160,660
-2260,-7896,13788,355,-653,607
-1840,-7480,13348,1225,-899,1366
-1372,-6944,14016,2381,-2303,1703
-1840,-8624,12996,1339,45,705
-2332,-8744,13520,-680,807,-364
-2252,-8912,14052,1599,-404,325
-1548,-6936,14128,207,146,-111
-2064,-7568,14708,625,160,277
-2044,-6992,13812,475,-208,396
-2172,-5796,14884,869,-655,1437
-1192,-6132,15556,3248,-1154,1630
-2500,-5424,14960,2426,203,1671
-1604,-3260,15364,5207,-2290,2319
-308,-2268,14416,4348,-1156,685
-2176,-3616,15732,5087,472,773
-3104,-4028,16152,5212,436,1519
-184,-4812,14076,-244,-2347,1310
-1716,-6824,16140,2061,-860,529
-1916,-6160,14072,1723,1304,514
-2756,-7340,15076,-1003,-1059,185
-1524,-6180,11832,-5764,-867,17
-868,-6656,10036,-19069,295,-3691
-6132,-12632,10684,-32768,-3676,-12539
292,-9248,9020,-7223,-3087,-949
1400,-12884,10356,-4928,-153,-1651
-1520,-11828,9916,-3577,4752,-1851
-1640,-11804,10304,-5100,4907,-2978
-2580,-12972,13088,-2919,4474,-2830
-5572,-11472,9476,-3447,3828,-1203
-1496,-9552,12972,-4001,4341,-46
-3028,-11440,13032,-3184,2739,680
-4304,-11280,11368,-3807,626,-247
936,-17744,13144,-1077,-1658,-1244
-1940,-6732,8284,-3242,1890,-2547
-2448,-11756,16220,-2154,2079,-1398
-2432,-10436,12844,-867,308,-2225
-1552,-11216,12704,1044,403,734
-1692,-8944,13588,4039,-991,177
-980,-11048,11624,8024,1201,-956
-1952,-9396,12428,6735,5346,-1891
-3404,-13220,15348,15405,392,2354
