-296,-1292,16712,-430,-724,-155
868,-916,15632,-713,-110,-255
996,-936,15580,-1651,1116,-427
-264,-1176,17024,-835,-454,16
-4,-736,15912,-106,96,-64
280,-1024,15936,-434,-146,-105
248,-1144,16808,-128,98,524
2144,-1148,16288,2267,-403,-119
1796,2792,13728,2490,1236,162
-512,2812,13068,-2441,2075,2174
-696,-2916,18848,548,1387,3513
88,1312,14800,5379,3511,-145
2380,1836,13484,9396,4257,378
2988,-1020,11748,1055,312,4471
296,-1688,17704,1129,6476,107
-1516,2592,14776,1884,6506,-2433
-1008,2324,12020,-5080,6459,-2995
-776,-2576,14300,-21500,6324,-8016
-3964,-3248,17688,-12332,4316,-4881
-6292,-8092,19248,-15750,-1366,-1417
-1312,-9120,3856,-32768,9247,-9909
2468,-14320,-1528,-16153,-5016,-2282
-2656,-12772,8120,-11502,3776,-3804
-6588,-12496,12004,-12615,1196,-2505
-5412,-13588,8380,-10241,5802,-3409
-5564,-11260,8716,-5861,5546,-4616
-4208,-9268,15428,-4648,2362,-1426
-15184,-12032,22836,-3488,275,-7963
-5336,-10636,9900,1659,14011,-5551
-4532,-14432,14048,-70,9305,-5539
-11868,-11900,16136,11279,309,106
8,-3588,3600,5838,1517,1329
-6788,-8408,13644,7512,-5141,572
-6632,-14132,17800,13443,-6769,6451
-2172,-6844,11520,14637,-11244,1678
-2828,-7672,12644,9700,-6370,4707
-2068,-7608,15004,14900,-1024,8687
-1840,-996,10928,10127,559,7757
-4280,-2056,12264,4340,-5911,2543
-1668,-1956,14324,2248,-5648,2755
-2188,-6208,16048,-2106,-2743,3454
-4220,-3732,15320,-7,-7051,952
484,-4744,13920,-493,-6665,1255
-1988,-4652,14556,1430,-1086,2916
-3972,-5292,14076,-558,-475,4207
-3388,-6780,15140,-3619,-5359,-633
-1020,-8324,13972,-2525,-1300,831
-3416,-8432,14964,-1015,-1180,-75
1416,-6232,14624,632,-1162,-239
-1500,-4664,14564,170,1509,-462
-496,-4148,15572,-1116,117,-1384
-1168,-4264,15984,247,2683,-490
-3788,-3968,16032,162,2260,-1288
