-2976,-3740,15028,-1031,-958,-327
-2840,-4792,16112,-436,1426,-1206
-3348,-4108,14904,-802,-175,-565
-3800,-4260,15044,-1230,207,-381
-3080,-4280,15824,109,-468,-321
-1884,-5244,14728,-1933,494,281
-2864,-5312,15824,-644,161,-376
-3308,-3412,13652,-3578,-726,95
-2992,-6204,16432,-1172,-675,-14
-2052,-4592,12520,-1207,1333,-958
-3408,-5396,13388,-5415,3636,-1122
-2204,-7512,14900,-4955,1763,-1880
-1392,-7740,10440,-15391,4636,-7514
8040,-7036,-724,-7381,-4813,-4648
-4020,-11004,13000,-7147,310,-2660
-4660,-10908,13788,-9765,3145,-3300
-1532,-9144,10480,-4314,2964,-1392
-3784,-13044,11308,661,6343,1126
-3708,-13284,10592,-2129,2504,-857
-5500,-10012,10220,-2649,5331,-2800
-4552,-9968,12476,-2626,-402,-3018
-3012,-9500,12304,-1496,2393,-1936
-3592,-9408,11620,-450,4165,-496
-4256,-9656,13756,-1102,1237,-1085
-4332,-8696,13144,-145,2907,-357
-4232,-10448,6844,164,4578,-1462
-5384,-8716,15928,-3349,1897,-3374
-5176,-11660,14912,2192,2725,-2454
-6124,-3860,10692,15596,3761,569
-3752,-7556,14840,12516,-5891,4909
-6056,-13028,22808,32767,-11757,7903
-6196,-1860,5280,32767,-9883,8392
-1400,396,12220,15136,-5115,9723
-4880,408,15148,6701,-6004,4898
-2176,496,17124,9134,-5892,4368
