3408,9044,13028,-310,335,-159
2728,9148,12852,-394,470,-239
2540,8544,13508,-345,-79,-140
3128,9072,13348,-381,-77,-125
2380,8976,13252,-288,119,-188
2820,8232,13776,36,-948,-168
2860,7440,11784,5700,-6572,2244
3084,9652,15416,-7187,-10022,2416
4276,6440,13840,1829,-10351,3095
5580,8120,15136,-336,-6609,-5808
2608,4752,13972,-2760,-9103,-6165
8076,2592,8516,1813,-5733,-8484
3352,3948,7192,11030,3410,-11491
1548,13028,13088,4774,-423,-10800
4664,8068,6640,-2174,2306,-8840
1444,10092,7972,9502,11466,-11850
1428,17804,12432,2404,6670,-6412
-24,11996,8728,5049,5519,-9154
-1488,12852,4864,20179,378,-13331
-6252,32767,2024,6250,759,-6065
-3332,15816,8272,2093,-2557,315
92,21424,16392,1334,9159,3035
-8788,13420,9576,3794,1352,-1369
848,14108,1756,-947,-2300,4918
-2072,13484,8880,-2259,10467,-708
-3264,11384,10544,-7596,-594,815
-1936,11892,13960,-5835,-2148,886
-372,10696,12676,703,353,1880
620,10644,11000,-540,2105,-252
-888,11972,10856,-441,29,-1511
-716,12960,8788,-85,-314,-2057
-1132,12724,7200,-1403,-239,-1684
-420,13736,7436,-1086,366,-657
-228,14696,7124,537,4249,-841
-2116,14420,7436,245,2049,-1728
-1448,14744,10420,620,803,1264
-9900,11264,19708,-3081,-1789,2810
-628,17060,3412,-3532,-3549,19636
-3152,9280,13076,-1134,15075,10182
-3520,13404,12844,194,8897,3351
-4024,12620,11924,737,-4499,8825
7152,7064,-7088,1345,3613,150
-968,12756,10048,1968,2971,152
-1760,12864,10692,1628,-1656,3091
-1024,12060,9588,-184,2676,653
-1344,15112,10068,-1012,-13,1033
-312,13312,9460,332,-2197,1471
-40,13160,8608,-15,-1884,575
92,13416,8032,-1176,-1155,-360
-64,12788,7920,-2193,-844,-352
-200,13480,8280,-1719,-168,145
-236,12892,9372,-1083,-341,283
168,13084,9056,-2057,-683,114
36,12504,8464,-2669,9,-127
16,12844,9444,-1271,561,64
-408,13116,9680,-679,-341,358
432,13536,8864,-1056,-31,35
