-1088,-5808,15144,-526,579,-125
-1824,-6352,15480,-6,121,-281
-1124,-4932,14060,382,393,-548
-308,-5068,15092,-126,-249,1040
-300,-5784,16092,6843,2314,84
-92,-3636,19236,24568,-925,1283
-496,4460,10288,7657,-418,420
4380,2788,11264,3886,1276,-508
-916,-748,12732,1880,3954,-2564
-3176,-3340,18296,5858,1756,-2385
-1840,308,9544,3727,2717,1684
1440,-1376,8632,-20390,7976,-2531
-6956,-6348,19716,-13176,4817,-1612
-16156,-4920,32767,303,-7893,-3360
-4852,-1788,12572,-3073,2922,-2795
-4040,-3544,13396,-8210,-3288,-1597
-1616,-6672,12684,-13556,809,-6365
-1360,-5636,4340,-32768,7567,-7847
1504,-12644,6104,-9406,9180,-4098
-2700,-12880,8968,-5118,6365,-2798
-4860,-15452,9328,-11836,3169,-2186
-2860,-12256,7344,-12806,-2683,-2318
-4208,-13688,9452,-11359,-473,-2743
-2752,-13984,9336,-6780,4042,-3130
-2916,-13148,10248,-4040,5687,-2352
-1052,-14076,6116,-80,4767,-921
-520,-13712,10456,-1595,9302,-1518
-4492,-12984,5324,3522,-9777,-5833
-2140,-9596,13104,9634,1847,-3262
-3132,-12020,17300,12706,7383,1010
-2780,-5048,13408,5907,694,-1547
-5300,-9236,15572,13365,729,5160
-5020,-11184,15392,15570,-3609,4760
-992,-5044,10872,10963,-5579,2200
-3812,-6996,12224,4830,-1363,2282
-2176,-7628,14844,6510,-4570,3469
-3396,-3548,11112,4465,-1739,3197
-2620,-6728,13500,2117,-6347,2814
728,-6160,14428,2524,-4937,3490
-1960,-5600,13628,1696,-2908,2569
-2276,-6340,14596,1110,-3514,1921
-1076,-5520,14228,1219,-3281,1416
-736,-6780,14516,352,-1718,1372
-964,-6764,15472,814,-1145,928
-840,-6892,15448,2168,-1474,-295
-112,-5932,15080,3238,-867,-198
-3016,-3408,13708,1241,-1013,-417
