-3024,-10044,11864,-157,240,-160
-2848,-10332,12056,23,-1177,151
-2828,-10524,12116,-510,521,-761
-2416,-10292,12156,-112,-18,88
-2300,-9792,11724,-264,1859,-140
-3344,-10080,12812,64,359,-63
-2756,-9832,12364,60,-888,114
-2676,-10328,12004,-450,1640,-1200
-3576,-9972,13020,-1293,-868,-1051
-2336,-9768,11712,-758,290,-1217
-2564,-10172,12320,-797,473,-1115
-2780,-9096,12220,312,463,197
-4636,-8384,13584,-830,-1121,-422
-2464,-9060,12340,352,336,800
-1612,-9100,11212,819,2113,533
-2892,-10996,11908,-1021,2089,-1852
-3320,-10936,11600,-187,696,-938
-4696,-9988,11464,-629,-759,1139
-3024,-8888,10064,-2820,-4307,508
-4156,-12072,8620,-8065,639,-988
-7520,-23320,23036,11255,-11918,4140
-2856,-12704,9560,-3415,-777,3112
-2076,-12972,10272,-7671,-4581,6787
-808,-12736,10876,-6937,-5940,3604
-1448,-13032,10720,-4160,-5893,687
-268,-13044,10724,-4350,-5995,901
-1780,-11260,12472,-5320,-4534,704
-272,-11204,10408,-4721,-2016,260
-200,-11464,10472,-4752,-1295,-637
-1944,-11192,12744,-3089,-2627,-921
-1252,-10316,9708,-2140,5523,-3418
-2680,-12340,12516,816,1014,-858
-1520,-12504,11224,-322,-765,-1001
-640,-12992,10656,-1046,-405,-770
-1016,-13248,10264,-672,-351,-824
-120,-13388,9948,700,1806,-548
-296,-13156,11096,2330,3353,179
