-2676,-8176,14696,977,323,-106
-2212,-6968,13208,823,457,196
-2448,-7632,14412,855,773,-149
-4504,-7168,14540,7291,-54,1565
-3308,-7256,13056,5926,-1677,2920
-3240,-6388,15296,5320,-357,2335
-3624,-4328,14748,4296,-797,3227
-2660,-3188,14148,10283,-1024,5693
-2072,-3820,14424,2256,-854,2548
-2408,-2360,14464,-477,198,-237
-3864,-4960,15508,-2605,-156,-851
-2548,-5564,15468,999,68,703
-3884,-4200,13044,-1251,1170,304
-4208,-8072,17260,-4203,-1138,777
-2308,-4728,14224,-559,-1613,3044
-2844,-5920,15280,-1952,-729,2670
-3028,-5732,14592,-1493,-1949,2300
-2536,-4704,13740,-5615,-1154,897
-2680,-7528,15760,-1569,-889,1077
-3216,-6364,12708,-4629,690,-448
-2792,-6620,11804,-12093,881,-3933
-3340,-7004,7588,-31560,255,-8340
-1480,-7648,8156,-10060,3270,-2675
-3628,-12720,12728,-5453,-1356,-64
-2176,-13836,12424,-5885,-1370,-2613
-2560,-11340,9568,-6263,4824,-3689
-1448,-10876,9700,-7294,4794,-4468
-1296,-12032,9936,-6558,2824,-4090
-5016,-11768,10236,-5785,2623,-2240
-1400,-10424,8912,-3720,1152,-743
-1792,-10516,10652,-3784,728,625
-3424,-11744,12776,-1961,2811,-62
-1500,-8444,13992,-686,2302,-940
-1800,-12760,12932,-4,2287,-1228
-2300,-10724,11624,1261,3228,-699
-3140,-9704,12880,1113,2391,-1481
-2724,-8096,9472,449,1579,-275
-2748,-11776,11736,504,685,-402
-2640,-10352,12396,659,-216,-320
-2972,-11808,12016,594,1145,517
-1944,-11620,12248,4615,1038,1332
-1880,-11344,10664,3713,6147,-1407
-1448,-10636,11376,9639,5494,-2063
-4648,-10300,12204,17151,1601,-692
-3372,-8092,10412,7149,429,242
-3192,-9288,12796,-669,695,-1173
-3088,-10684,14536,7509,641,-458
-3736,-8788,13420,4528,-280,-335
-2792,-7372,12380,1212,1671,-583
