2208,8200,13724,-55,1734,745
-1140,7996,15184,-887,1546,1293
116,6908,14100,-1167,-194,-16
1256,5980,13032,-46,2042,-2082
788,7552,14040,1631,2112,-3093
604,8324,14776,530,-385,-4304
476,7804,13632,376,-1280,-3721
-676,7012,13416,1744,-2762,-5113
-804,7660,11616,3506,-828,-5589
1504,4216,8232,6357,-136,-5781
940,11568,11480,1291,-3921,-7736
1760,11868,11532,4809,1201,-4441
296,10208,10468,6882,2551,-4127
-556,8948,9148,4373,4254,-4951
-580,12020,9352,7215,9640,-3598
-2796,9056,6944,18341,19468,-5908
-4064,12064,13004,5705,6918,-586
-1908,14932,8780,3698,2843,1246
-3984,16020,9328,3155,2754,2721
-3604,13092,8048,3331,1083,4874
-348,15464,5852,3975,1926,5712
-24,14180,6176,3122,3614,3404
-3924,12876,8156,2634,5699,5899
-4040,13048,8884,532,6262,8135
-1240,13248,8860,2262,5364,8169
-4296,11164,10624,927,1678,6600
-936,14396,9300,248,3806,4286
-3992,13364,9556,-761,3134,2017
-4020,16092,10564,-2650,247,5397
-3632,12140,9748,-4140,-1259,5649
-2000,9904,9072,-3117,-594,3587
-544,11652,10088,-632,1226,1584
-1316,12596,9452,1089,884,-202
-848,13852,9276,982,931,-960
-1672,13624,9180,825,69,-460
-2604,14616,8888,191,-155,366
-3288,15424,10488,-7014,-3370,1114
-1588,12884,8948,-15789,-10526,1331
-312,11308,10964,-13347,-5966,-3403
-332,12240,12656,-21527,-4640,-6668
544,7720,10568,-9387,-5807,-1913
1552,8992,11552,-176,-3973,-203
