-772,6004,13920,-1351,-896,261
-1036,6264,14324,-1637,290,149
-1360,6312,14884,-2246,-58,735
-404,6432,14476,-2939,-524,767
392,8244,11812,-6800,641,122
3516,9380,6240,-22082,3061,-1843
720,-2156,17924,-31311,6128,-4044
184,4160,12796,-15560,4328,-1704
3664,-3952,9176,-22951,5425,-10093
-8320,-9640,24960,-1263,9256,-7242
-8196,-820,14504,7143,5630,9409
-3628,-2368,12792,-8639,-47,2678
-6760,-3096,14612,-29852,-15,-2054
-1944,-11772,12192,-32768,8567,-10121
4860,-12892,2252,-11801,12025,-5492
-6512,-13752,12732,-7830,5999,-3459
-4720,-12856,9056,-7450,6372,-273
-4156,-12268,8720,-6139,4354,-22
-1932,-12580,9260,-3416,6421,-2112
-4792,-12536,7928,-3432,7339,-2132
-2180,-9448,6636,-321,10023,-2326
-576,-9900,6984,1154,10259,-2917
-7456,-9580,15336,1766,12890,-4071
-6456,-7504,9068,4086,8567,-2387
-6748,-5564,15080,4118,1154,-2096
-6688,-7568,12836,294,3918,-865
-7824,-8320,13504,189,1992,-1081
-8112,-9144,13332,1710,788,-571
-8320,-11220,14376,4354,-3970,-798
-5952,-5752,11252,6458,3047,466
-13940,-8784,17880,13604,-599,3942
-7664,-5328,8724,32767,-9104,11833
-5772,-3380,11764,21604,-3953,11798
-6960,-3856,20468,26506,-6328,9524
-7460,2572,13768,14852,-10170,11191
-508,3652,11396,-2195,-11331,7704
-4612,2776,16632,2713,-5391,7529
-940,4192,8464,-390,-2825,5788
-4992,3312,10396,-7102,1348,6034
-2304,1996,12848,-12204,-246,7982
-2268,-2488,18096,-5330,-1149,3997
-2832,-6188,22240,-1016,-4244,2875
-2216,-1276,15132,6487,844,2038
-1088,-616,12076,2198,1160,2038
-20,-68,13212,-2809,-710,1344
-4332,-2976,20532,1383,61,314
-1092,-524,13932,1375,-1824,339
-1504,-2528,14560,-3486,356,-506
-5420,-732,18880,-1437,-777,-1633
-2212,1320,15720,5258,-835,-1410
-4192,2396,14900,1402,1811,-1507
-3692,-136,17472,447,1839,-564
-2584,2144,15600,-86,-2239,611
-1528,1100,15680,-233,-1357,-1034
