-1456,-10328,12560,-8,420,-175
-424,-8984,11556,-780,538,-110
-1364,-9780,12884,-1102,392,-346
-1716,-10712,13152,-169,472,-111
-1596,-9384,12044,1269,53,125
-1652,-9472,13112,1481,-789,1132
-1140,-8992,12072,-191,552,-261
-2172,-10028,14612,1302,-1586,702
-3048,-8796,14876,4929,-3900,3620
728,-6896,11820,5005,-2636,3721
-460,-7044,15588,6445,-3501,1754
-1176,-7108,15492,14352,-6754,3976
236,-4992,15524,8495,-2512,3065
152,-3380,14168,6416,-563,1525
-1640,-4592,14284,5441,429,264
-1696,-5104,14464,6406,1518,469
-1712,-3628,14584,2741,3333,-398
412,-3860,13756,2442,4187,-3760
-2248,-6120,17084,4440,2681,-2482
-576,-4668,14256,1219,-156,-1099
-572,-2748,10328,-9907,1261,-731
-3256,-6724,7744,-31726,1043,-7785
-30168,-32768,32767,5550,6271,19378
-2620,-15144,14684,-6549,-7993,-2573
696,-13148,12824,-5710,1044,-1104
-544,-12084,10556,-3734,5139,-1571
-1968,-13560,12156,-2475,3100,-1859
-584,-10844,11960,-3631,2984,-219
-560,-10676,11756,-4458,1279,949
-776,-11520,10952,-4796,-574,1207
-3112,-12516,13604,-7758,433,817
-388,-11968,10808,-5436,997,-1095
-888,-10692,9308,-2667,3238,-1512
-2896,-11568,12772,-823,2864,221
-1840,-10652,11548,1354,1577,672
-844,-8892,12180,3329,403,1146
-2348,-8716,12220,2541,-367,1331
-1996,-8020,12928,2214,-214,1094
-2244,-10140,12368,1490,1691,337
-2016,-11228,12372,4127,938,2401
-2560,-11672,11436,9666,722,2618
-2528,-11036,11324,11497,683,-755
