832,15184,6128,-51,520,-261
652,14672,6788,353,277,-801
768,14844,6180,1092,-69,-1001
656,15116,6312,2333,1294,-1685
720,14460,6848,2983,-800,-1790
-168,15760,6936,4674,-1249,-2579
-1856,17504,7700,240,-2029,-1074
-1248,14700,6772,-10341,-8401,-700
-2488,14300,8536,-1446,-3630,1118
3272,13168,7268,-6197,-6967,488
-608,12108,7992,-6633,-4178,-2063
588,14324,7948,-9993,-6790,-2414
2640,12652,4764,-6133,-7006,848
1392,9136,5668,-4181,-1404,-2889
2100,17176,8048,-5242,660,-6007
1332,12912,5496,-1053,-809,-651
1120,10756,5248,2976,1241,-3843
-36,14184,5696,5855,4282,-6315
1176,9860,1952,9089,4939,-4423
740,21896,1420,-522,-462,-4786
632,16548,848,4675,5923,-9690
-2312,16928,6088,4513,5032,-2883
-2320,15108,2852,7723,2636,1937
-2352,17096,1920,6044,5938,2392
-204,16084,2668,6260,7219,2555
-2172,15244,4060,3453,5893,212
-4360,15548,5156,402,5113,-406
-1976,13664,5524,-1443,1723,1589
-4320,16800,6948,-1434,234,832
-4076,15156,7652,-2306,19,1578
-1368,14512,5580,-864,-755,1539
-1860,15424,5304,-654,1169,1023
-2836,15192,5644,-230,2119,1700
-3000,14084,6764,-1362,-1079,2593
-2524,14164,6552,-2133,-1417,2752
-2228,13972,6960,-3343,-1719,1420
-1608,15404,6496,-1951,-694,1469
-1372,15504,6060,49,-862,1822
