-4620,-13844,6964,-4558,-1194,-1725
-4956,-13820,7316,-3460,-1548,-1250
-4960,-12104,5336,-3584,-941,371
-4192,-13624,5344,-3316,-48,664
-4868,-14936,6792,-3163,-863,82
-4952,-14848,4944,-2572,-295,-1005
-4052,-14940,6468,-3259,-194,-1761
-3696,-14512,5420,-2974,336,-1161
-3932,-15140,5836,-1554,256,-977
-3688,-14804,5344,-753,123,-564
-3764,-14764,5488,-59,-30,-171
-3828,-14868,5144,-58,-244,-66
-3812,-14852,4888,-141,461,291
-4224,-15240,4552,-768,145,-290
-1976,-16632,2412,-1551,593,-1896
-2536,-15668,3640,-2078,548,-2085
-3436,-16560,5520,-2332,2282,-2751
-2716,-15904,4252,-5114,2674,-3180
-2692,-16172,3544,-7878,4181,-4219
-2928,-17696,6020,-7852,3086,-5997
408,-12856,-688,-13303,5754,-11056
-1704,-17236,1756,-7935,7168,-9928
-2016,-16504,3664,-6114,3079,-9932
-3288,-17764,5672,-4680,3579,-5932
-2028,-16144,3256,-1266,1934,-581
0,-15864,1932,1073,-1097,225
-532,-16652,1640,330,-1583,740
-8,-16368,812,-660,-1167,455
-276,-16600,620,-179,-1225,370
-508,-16792,356,-753,-651,351
-672,-16520,568,-691,-237,65
