-2672,-10136,13016,-57,-857,12
-2744,-10152,12556,-179,-890,-132
-2156,-10204,11888,127,-216,80
-2092,-9944,12704,-232,335,374
-2796,-9976,12672,365,736,910
-2464,-9876,12628,-449,2807,-371
-2824,-9552,12748,-273,-845,331
-2288,-9408,12104,-760,178,-350
-3088,-10000,12748,-1250,-696,-60
-1156,-10872,10576,-482,-1380,650
-2788,-9600,13496,-1869,-4,108
-1312,-10512,12536,-1578,-1297,920
-2524,-10484,13264,-2402,-1346,1938
-1948,-11284,12112,-1353,-2396,586
-2068,-9852,11496,-2482,-1284,1023
-884,-9628,10500,-4208,-1426,-196
-1604,-10508,11920,-5560,1057,-2865
-112,-11556,10744,-3436,-1693,-3716
892,-11816,9724,4968,-2643,1852
-296,-12304,11192,1914,2947,-5080
-2904,-11896,11524,-680,1464,-6175
-2132,-13284,11112,-4030,-1970,-5753
-1840,-12068,10312,-5703,-1677,-4583
-612,-11848,9504,-8199,-3086,-2672
-776,-12188,9648,-6365,-2882,-1182
-396,-13104,9180,-4117,-443,1090
24,-14580,6608,-6488,-30,490
364,-12716,5380,-6430,-8104,3982
688,-14128,7932,-2630,2365,4461
-1016,-13128,10744,-4653,12136,-879
304,-13144,11032,-584,1858,-183
1580,-11548,11244,882,3973,-1615
180,-13756,10068,963,2860,4218
-1348,-15112,12496,3029,7005,6866
-2132,-14560,10244,10053,-4820,4576
-964,-11948,5952,5192,-2692,418
-1760,-10592,8708,3305,-445,-422
-2164,-10940,10412,2383,1163,-1228
-2140,-11320,9996,4397,1317,-666
-888,-11960,9064,1538,209,-620
-1724,-12604,10292,3266,781,-72
