-4152,-10248,12972,-462,-204,-1040
-3752,-9832,11376,-392,-780,-484
-3792,-9744,11980,54,14,-551
-4168,-9540,12072,290,17,-172
-3652,-9392,11804,160,1266,-336
-3400,-9912,12556,-71,1265,-614
-3460,-10388,12976,503,-379,-850
-3680,-9540,13096,-199,-537,-1363
-3928,-9620,13216,-233,-547,-1183
-2992,-8488,12500,370,-1401,-1527
-2960,-9972,12080,663,1622,-2465
-2968,-10060,12424,586,3039,-1839
-4088,-9720,13952,195,1418,-1599
-2832,-9000,9580,-244,556,-923
-4312,-10056,12172,-967,-141,-635
-6660,-10368,9640,-2984,-2614,3251
-420,-11532,13880,-4232,-5700,5469
-4800,-11992,13520,-3669,-2728,1823
-2712,-9748,10016,-2839,-5438,4435
-36,-9180,11388,-9143,-4312,-988
-288,-10032,10624,-11613,-3115,-8583
412,-12720,9104,-1281,2731,576
-2724,-13068,8972,-1754,2487,-8945
-2400,-12340,10168,-4071,-333,-5159
-1752,-12848,9904,-3017,-2666,-2157
-2124,-13204,10188,-2753,-1858,-1861
-1656,-12852,9592,-2200,-4935,412
172,-14660,9292,866,-2382,-847
-1712,-11932,11428,-1873,-3588,-1950
-1200,-10108,13888,-2881,-4651,-307
2364,-12224,7348,-684,2224,-1807
312,-12204,10324,-3379,6755,-3767
-1852,-11696,12308,-3730,5891,-3024
-1192,-12216,10824,-2133,4283,-2145
-1896,-11740,11764,-895,1530,-1437
-1020,-12884,10936,-635,-1478,-601
-272,-13928,10324,28,-373,-323
100,-14188,10004,1817,4617,706
