-2264,-10096,11392,-61,979,-232
-2664,-11560,12548,1562,90,1005
-2932,-11228,12324,1479,1108,67
-2796,-11300,11492,401,-633,113
-3900,-11120,12368,697,-791,242
-3608,-10928,12096,-113,-1088,957
-2596,-9736,10744,-629,868,974
-3456,-10372,12696,-461,-328,-242
-3276,-10596,12808,-295,-1048,289
-2580,-10512,13508,-121,-328,1051
-3116,-9848,12120,-88,560,-257
-3580,-9776,11628,-144,-805,-360
-2712,-10264,12400,78,-868,-360
-2944,-9616,12272,894,-639,-575
-2576,-9860,12160,652,147,-1206
-3128,-10044,12336,-110,1184,-1296
-3160,-9048,12868,54,-576,40
-2884,-9160,13016,462,-665,-39
-3076,-9096,12780,220,-1206,-647
-2200,-8860,11972,-841,1940,-2263
-1500,-8444,10424,-2287,-1143,-2833
-368,-9720,10460,-6922,166,-4892
-17260,-14308,31180,-15888,10388,3187
-1352,-10960,11284,-857,1658,-922
-3236,-13000,13864,-5136,-794,-5403
-3524,-12648,7304,-6064,-5064,-2554
-3108,-12156,8576,-9480,-4673,4978
-2004,-13308,9172,-9405,-5109,7189
-364,-12828,12880,-6207,-9282,4367
356,-11852,12744,-3093,-5770,3063
924,-11060,11328,-2489,8146,-227
-1064,-12356,15824,-2822,2757,-3299
-2188,-11380,10784,227,1406,-5734
-1528,-12404,10392,3959,-1915,-1914
-2544,-14440,10596,4021,3040,3795
-3760,-14512,13008,7079,-1437,5217
-268,-10536,3576,8656,5237,2288
-2568,-10068,9964,-953,2958,-604
-2196,-12016,11124,1198,-3810,859
