-2784,-9852,12688,449,-501,-86
-2952,-9908,12360,-28,-832,-189
-3052,-10500,12604,-524,105,-168
-2296,-9488,12488,157,855,488
-2972,-10216,12240,-151,939,-648
-3052,-9860,12340,-272,-29,-265
-3284,-10608,12972,-222,778,-1067
-2724,-9548,12628,-230,-406,-371
-1972,-10368,12544,87,92,-497
-3420,-10416,12540,-6,601,-290
-2148,-10004,12928,35,-36,-245
-2572,-9360,12164,170,1686,-788
-4120,-10420,13536,-507,1146,-767
-4052,-8760,10752,-337,-1742,1373
-3808,-8716,11100,-726,-2282,1258
-2748,-10628,14288,-1832,-2911,1691
-2776,-10104,12876,-1545,-1945,1362
-2300,-10284,12320,-2046,-2140,841
-1892,-10612,12680,-4177,-1177,-615
-1544,-10208,11696,-4142,-385,-2028
-248,-10952,13152,-3435,133,-4896
2276,-10992,11736,4919,-2644,-2017
-600,-11208,9716,2650,5485,-6780
-3052,-10940,12464,1147,4650,-6328
-3104,-12564,10116,613,2011,-3174
-3640,-11668,10268,-1216,334,-703
-2344,-11100,11280,-2084,-157,2101
-2844,-11452,11664,-2296,-895,2071
-2716,-10096,12156,-3350,-2286,2234
-2408,-11352,11940,-2919,-3928,2389
-1628,-12300,12004,-4500,-2622,999
-3096,-12368,10952,-4260,-4662,1933
-1232,-12180,9280,-5751,9223,-701
-1176,-9120,13200,-5658,4038,-177
-828,-10684,13280,-4031,6029,-2491
-1508,-11404,12716,-692,-1178,1032
-2360,-12044,13332,15,-3584,-718
-3680,-11428,10896,3345,-7868,-6403
-3376,-13352,9092,215,-5449,-2932
-2668,-12624,10244,-1614,-1830,840
-2240,-12856,10128,-1108,-185,695
-1252,-12420,10688,1611,486,554
