-3324,-9772,11904,-344,-654,-316
-3568,-9572,11908,-463,-309,-56
-2884,-10324,11948,-625,589,-201
-3292,-9896,12160,-710,523,-281
-3112,-9952,11944,-707,526,132
-2788,-9824,12212,-708,1759,-519
-3732,-10112,12804,-236,-1601,44
-3232,-9700,12216,-737,1375,-556
-4320,-10576,13128,-896,52,-666
-3232,-9636,12664,-528,564,-437
-3828,-9844,12844,2,1520,-245
-2908,-8412,11784,121,851,-200
-2868,-9288,10712,227,1833,-1954
-5408,-12740,14092,923,1119,-2664
-4672,-11480,12656,370,-2727,4394
1580,-11160,11632,-2520,-10067,8728
-2184,-10036,11284,-9777,2122,3645
-1068,-9244,9860,-9077,-7376,2440
-16104,-27240,32767,-9157,-1322,1586
-1716,-11984,12364,-981,-73,787
128,-11840,11292,5269,-3045,-7039
-6676,-13304,6024,2337,5162,-8233
-1960,-13940,9128,-2703,445,-1576
-1496,-12808,8900,-4498,-1331,54
-1468,-11956,9320,-3389,-2298,2734
-2248,-11568,10772,-2689,-3245,679
-1416,-11580,11476,-862,-3666,1018
-1912,-11116,12776,-3225,-1976,-77
-2336,-11276,11832,-2912,-2176,-766
-3104,-11108,11436,-2598,-44,-1654
-1932,-11488,12104,-1681,2689,-2365
-1628,-10596,11900,-1059,-172,-493
-1684,-13512,11372,-769,181,551
-3208,-13136,12004,3083,2628,2570
-1608,-13760,12428,8593,5264,3681
-2664,-10516,9544,8809,7814,490
-2320,-8920,8180,4430,29,-996
