-1096,-13244,9432,-291,43,-193
-1100,-13272,9336,-286,161,-321
-1084,-13252,9416,-293,149,-444
-1060,-13152,9360,-300,72,-425
-1092,-13208,9404,-402,12,-224
-1108,-13260,9372,-394,77,-317
-1084,-13172,9492,-376,-11,-338
-1100,-13284,9460,-474,5,-83
-1124,-13340,9424,-374,115,-247
-1108,-13128,9536,-419,71,-314
-980,-13248,9488,-689,8,-181
-1056,-13252,9312,-700,10,-210
-1012,-13268,9296,-400,118,-229
-1088,-13372,9240,-116,77,-426
-924,-13224,9468,-174,17,-339
-1076,-13160,9560,-304,-9,-165
-972,-13264,9404,-369,50,-119
-980,-13168,9412,-376,104,-83
-944,-13188,9428,-540,52,164
-932,-13236,9336,-606,-25,513
-1072,-13148,9380,-551,-100,797
-1164,-13340,9556,-378,-269,997
-996,-13292,9212,-90,-108,1301
-708,-13296,8948,596,102,1249
-900,-13356,9420,449,1975,1159
32767,-32768,32767,-2628,-26260,-16177
2816,-13384,6644,-2590,2723,-2320
20,-13680,7848,-1907,2681,-1534
456,-13436,8916,-741,1722,-1055
60,-12128,5440,-1499,3282,-2794
-1196,-12264,6332,-1756,2458,-1329
-388,-13556,8428,-426,-361,-1237
-3760,-10136,5220,105,2488,419
-3956,-13492,9896,536,810,-213
-3828,-12640,9368,-176,1310,-1150
-2400,-13356,8212,558,1721,-596
-3788,-13252,9800,933,-460,768
-1384,-13364,9044,639,-258,-185
-1352,-13316,9328,-671,-24,-799
-1600,-13472,9340,-1499,166,-1114
-1500,-14056,8712,-898,169,-2572
-1384,-14116,8700,619,-984,-4757
-1792,-13460,9436,2220,-5495,-5354
1264,-13508,8264,3426,-4979,-4283
-2624,-8724,6260,-4044,-800,2806
-888,-13180,7104,-3663,-1946,2552
1928,-17880,12132,2895,-2143,-2469
4,-12844,9448,1274,-347,-268
344,-18712,14480,1144,1719,-240
700,-10036,9712,-1953,-395,578
596,-11472,5148,-1538,950,1330
504,-14516,9408,-542,-220,-40
1960,-14616,12136,-221,348,-871
1676,-20480,14532,-1845,1614,-734
-828,-8952,7192,-4982,1912,64
-468,-15680,10708,-828,719,-427
1008,-15452,9608,2352,1662,294
2220,-13400,1836,1586,2225,493
784,-18692,14176,-221,1796,392
604,-12744,11100,-1016,847,-788
1516,-11396,10252,380,435,-1203
944,-12004,10564,1816,651,-262
408,-12548,10232,2466,853,-264
232,-13076,9708,458,542,376
-44,-13124,9764,-722,490,595
-224,-13240,9696,-1176,102,88
96,-13364,9512,-1218,47,-92
52,-13364,9236,-1231,137,144
