-3476,-13560,8428,-203,54,-199
-3584,-13440,8464,-23,74,-264
-3548,-13364,8508,52,68,-442
-3324,-13360,8680,-240,-19,-275
-3420,-13396,8480,-535,56,-204
-3528,-13428,8424,-375,56,-268
-3320,-13340,8516,-344,-69,-195
-3412,-13328,8468,-456,-60,10
-3424,-13308,8560,-532,-194,358
-3552,-13328,8704,-553,-383,568
-3696,-13680,8344,-114,-352,224
-3484,-13216,8692,22,-747,474
-3228,-13136,8792,-486,-1658,1489
-1904,-13420,7744,-1051,593,1690
-6488,-12636,8860,-897,989,-1248
-3852,-12832,8516,-1062,209,-734
-3436,-13168,7872,-562,-481,-1391
-3524,-14560,11324,-1501,-448,-1507
-2496,-11464,5852,-2958,523,-1488
-3280,-14352,9200,-3610,-535,-1492
-1848,-15584,9180,-2695,124,-1519
-4588,-11224,4296,-2478,2372,-1053
-3916,-11212,5024,-775,2681,270
-5568,-13036,8116,-411,770,-441
-5140,-13588,7408,-102,1371,-570
-4276,-13896,8000,931,46,-771
-2980,-13992,8016,201,608,-2546
-2552,-13884,7876,-369,-160,-2697
-3052,-14576,7560,996,-130,-4139
-2424,-14380,7212,3329,-1242,-6486
-1768,-13880,7936,4932,-2863,-5927
-3952,-17128,3976,-2162,2341,3356
-2172,-18432,11388,-1213,-1860,-1285
-1960,-13032,8976,420,211,-1344
-2284,-10444,8828,-1056,-1682,-1431
-420,-15856,11260,-3969,1637,-642
-1160,-13768,9560,310,-783,-2989
20,-17556,9296,1883,1480,-2393
-392,-12736,10048,-442,-1982,-2463
-1616,-7896,2232,-3016,-2693,-1672
-1028,-18152,7680,-3543,-570,-370
-3332,-10072,3424,-2988,941,449
-1776,-9504,6796,-1126,-1646,-903
700,-12872,5172,-82,347,758
52,-13804,12492,668,-1319,-284
432,-14088,8280,1351,184,-161
-1108,-14016,8208,69,192,508
-1216,-14312,7916,-1116,165,669
-1488,-14292,8092,-934,-435,-746
-824,-14032,7872,-1047,-292,-375
-968,-14308,7780,-1247,190,554
-1064,-14188,7656,-1178,220,808
-1252,-14412,7680,-1253,436,880
-1424,-14496,7528,-1191,480,357
-1356,-14492,7536,-881,173,-174
-1176,-14376,7576,-704,153,92
-1320,-14384,7624,-547,394,455
-1316,-14148,7484,-265,450,137
-1400,-14336,7516,104,439,-201
-1524,-14164,7708,-46,476,-74
-1524,-14428,7784,-469,295,-152
-1584,-14388,7628,-919,278,-202
-1440,-14308,7556,-794,290,-183
