-2264,-13136,9484,-742,178,-320
-2304,-13032,9404,-548,150,-105
-2460,-13116,9240,-167,98,-214
-2292,-12936,9392,-33,73,-194
-2284,-13012,9444,-234,62,-252
-2344,-12956,9532,-379,27,-363
-2336,-12900,9540,-493,41,-184
-2328,-12904,9492,-635,-53,49
-2304,-13176,9488,-611,-45,120
-2360,-13012,9440,-456,-50,197
-2380,-13052,9424,-265,-8,162
-2328,-12992,9528,-397,-71,401
-2384,-12996,9516,-607,-85,687
-2448,-13192,9424,-114,-207,506
-2272,-12880,9520,98,-480,842
-2744,-12784,9464,26,-572,1147
-2496,-13044,9260,675,-324,487
-2304,-12740,9728,665,-3,408
-928,-13228,10004,-692,141,102
-3244,-11700,9796,-2084,388,-1719
-1476,-13772,9788,-3245,1223,-2498
-1588,-13052,8440,-1706,1117,-1732
-1020,-13044,8136,-1314,175,-1519
-4360,-12540,8168,-1567,614,-1342
-1516,-13256,9636,-2164,-85,-2031
-2636,-15140,9900,-3189,904,-1486
-2208,-14872,10048,-2209,8,-1396
-2516,-15136,11392,-1282,-846,-1017
-2676,-12352,7328,-1215,830,-917
-2828,-15892,12112,-670,-675,-1329
-4408,-12452,8224,-257,1879,914
-2136,-11996,6116,149,732,151
-4192,-12864,8868,-231,565,269
-2132,-13560,8408,-116,158,-550
-2052,-13468,8796,-952,584,-932
-2252,-13612,8560,-1642,505,-858
-2480,-14064,8244,-943,559,-2816
-2168,-14008,8064,790,-950,-5509
-1924,-14576,8780,2591,-4627,-6302
320,-13172,7820,3180,-3768,-3569
-1096,-8348,4776,-5774,730,3242
-1152,-13372,9988,-2140,-223,-1072
-1572,-10172,6332,-3293,726,231
-376,-17812,14028,-233,290,-1357
196,-14244,9328,219,-466,-2116
-2084,-14636,7740,369,2309,-203
-1016,-11824,6072,1741,1776,-1275
-500,-17240,11312,3381,1278,-1918
-100,-12696,6032,493,954,-1105
-1592,-10336,7960,-263,697,-944
-800,-10384,6548,1827,-174,-1213
-516,-16360,12548,2215,-491,-816
-204,-17660,12748,1869,299,-1112
1524,-17352,9964,4034,48,-2468
-1356,-12420,10352,911,310,-1901
-120,-9992,8160,-417,823,-760
124,-12712,12080,3794,206,-1926
740,-11520,8696,1944,1364,-444
-32,-15428,11036,-337,2349,289
348,-12796,11280,44,401,-347
-96,-12368,10736,1181,824,324
-648,-12292,10568,793,697,299
-740,-12732,10376,-675,355,-242
-404,-12584,10348,-1968,155,-651
-524,-12708,10104,-3077,275,-291
-348,-12836,9860,-3236,126,118
-420,-13120,9704,-3004,226,414
-624,-13264,9392,-2681,476,614
