-1432,-13232,8992,502,14,-325
-1500,-13320,9132,679,-123,-155
-1384,-13044,9416,1301,99,183
-1696,-13092,9508,1149,286,725
-1868,-13008,9500,1253,127,389
-1708,-12756,9864,854,-167,-181
-2104,-12828,9960,854,811,-45
-1572,-12796,9628,-689,56,37
-1724,-12820,9720,-644,-45,-180
-1652,-13020,9684,-309,-137,-252
-1664,-13112,9656,838,-16,-109
-1272,-13436,8544,2797,1532,152
-2060,-12816,10816,6777,-89,-741
-1780,-12712,10796,5235,1539,-42
-3400,-11888,12400,-3259,-2117,-1530
-1304,-11752,10144,888,61,-849
-1668,-15296,10932,1421,864,202
-1548,-12260,11196,-617,1028,329
-1592,-12888,9124,-61,239,-74
-792,-13988,8824,-138,344,815
-760,-14804,9444,-685,1542,988
-2828,-11912,12760,-1460,-39,-77
-1544,-12156,9152,-2010,947,1312
-1740,-11776,7916,-4304,-435,280
-1816,-11232,7740,-2638,1045,1171
-1956,-11440,11196,463,1606,1390
-2528,-11364,12428,975,736,1199
-2368,-9180,12300,1147,1352,1376
-2964,-11628,11420,949,976,743
-2656,-11660,10708,-2,-24,-40
-2528,-12300,10208,-1382,-171,-607
-2328,-12460,9920,-1202,-130,-1021
-2192,-12548,10028,-797,-152,-294
-2432,-12572,10196,53,122,-37
-2220,-12388,10268,132,-120,-281
-2248,-12152,10292,-154,53,-143
-2492,-12348,10188,-120,181,-131
-2336,-12316,10188,-360,-146,-414
-2464,-12388,10024,-351,-112,-492
-2368,-12388,10256,-417,14,-206
-2424,-12236,10256,-591,-7,-238
-2400,-12536,10176,-450,-223,-436
-2300,-12376,9932,-515,-92,-142
-2160,-12324,10200,-364,-33,-154
-2368,-12172,10252,-304,-68,-355
