-68,-12900,10068,-29,3,-657
212,-12784,9724,-543,159,-364
184,-13008,9544,-812,161,-152
-244,-13156,10044,-663,-17,-200
-144,-13120,9672,-312,138,-137
-256,-12980,9628,58,56,-228
32,-12964,9800,-363,-93,-317
148,-13004,9716,-1118,-141,-274
32,-13056,9488,-961,-38,-157
-112,-13256,9880,-648,-11,-204
-100,-13156,9596,-228,174,-28
-200,-13056,9684,-132,51,-210
176,-12868,9616,-457,-147,-335
156,-13164,9564,-918,-294,-347
232,-13228,9380,-967,-75,-224
52,-13104,9508,-746,-20,-89
-156,-13248,9544,-709,71,-8
-360,-13264,9432,44,-67,-286
-52,-12648,9956,-798,-612,-213
528,-12600,9716,-4764,-595,1321
-72,-13708,8776,-4493,-940,329
-12,-13944,8728,-2824,-681,-941
64,-13912,8556,-844,-497,-886
380,-14004,8132,1594,71,-551
-256,-14040,9400,3002,441,-1190
456,-13316,8968,3062,112,-1499
768,-13376,9056,3112,-20,-1029
352,-13084,9620,6034,991,-292
2424,-12596,-14244,-8082,11159,12979
732,-13760,8584,-3495,2724,-1220
208,-11560,9452,-747,3020,-605
776,-13816,8296,2557,2800,16
832,-13748,9260,2058,2684,-78
16,-13304,9100,1122,2233,-441
80,-13872,10236,1208,2273,1459
800,-14132,9288,-631,1545,435
-696,-14188,11900,-2942,186,-414
-652,-12172,11648,243,1768,-229
-880,-12696,10256,149,256,-457
-768,-13368,9828,-1504,1599,-665
-928,-11832,9624,-1934,806,-758
-444,-14260,10144,-2188,2089,-626
-612,-15492,10452,977,1775,-21
-952,-12436,11032,575,1199,-1385
-608,-11888,9784,-1376,944,-760
-1308,-11008,9476,-2726,1074,-659
-1212,-12684,9460,-2419,1100,-655
-1948,-10684,10540,-153,1037,-901
-888,-11488,10656,3105,570,-1160
-556,-12132,10340,84,261,-95
-752,-12676,9900,-1963,121,-175
-776,-12848,9820,-2078,160,-93
-992,-13160,9384,-1937,352,357
-892,-13432,9412,-1311,-202,-201
-432,-13360,9480,-210,-254,-591
-568,-13228,9320,-137,237,7
-856,-13200,9444,35,228,42
-784,-13112,9608,188,-80,-230
-1088,-13024,9652,-109,45,-250
-620,-13044,9356,-634,-201,-311
-732,-13364,9580,-558,46,-262
-492,-12976,9436,-502,57,-173
-916,-12940,9684,-510,3,-258
-580,-12948,9028,-27,-66,12
