1068,-9656,12868,-521,81,41
812,-9488,13140,-390,5,-68
1112,-9612,12904,-225,352,-90
456,-9644,12904,-286,631,-57
984,-9536,12748,-235,-45,-281
1008,-9428,13012,-295,218,26
884,-9496,12948,-362,203,72
776,-9528,12812,-430,-12,-175
1072,-9340,12820,-436,44,-214
1304,-9648,12936,-312,-50,-122
748,-9400,12612,-336,507,-63
1048,-9496,12908,-294,261,-72
1116,-9408,12912,-444,184,31
724,-9568,13064,-543,-136,-101
832,-9464,13020,-617,44,106
876,-9580,13116,-589,132,231
620,-9592,13124,-418,216,65
960,-9580,12744,-72,-117,35
804,-9540,12984,173,176,329
720,-9452,12372,13,463,350
760,-9436,12992,240,5,-54
700,-9448,12848,404,121,-81
940,-9340,12724,506,332,77
400,-10660,13256,1815,-20,-241
660,-9428,13248,633,72,-435
660,-10080,12800,1926,-419,-976
784,-9308,13248,675,225,-820
1352,-10120,12516,-708,262,-844
920,-10164,12548,-940,1030,-385
704,-10164,12460,-1418,1273,-984
328,-10264,13920,-624,262,-1178
-480,-10004,12812,-409,523,-617
-736,-8184,12496,100,-318,-1258
-748,-9332,12384,-590,-641,-1343
-324,-9192,12760,-837,352,-1073
-216,-9240,13256,170,274,-1386
896,-7424,12464,-940,86,-440
1844,-8144,14064,-430,504,-142
1688,-7724,13184,-767,959,316
1536,-7080,12624,-81,518,224
932,-8752,15964,618,115,-741
1172,-7712,14728,719,594,-487
1256,-8116,13844,527,403,-332
840,-8584,13712,-695,693,-34
520,-8920,13332,-1444,365,8
516,-9068,13228,-1495,135,-140
652,-9092,13036,-1205,154,-98
780,-9172,13076,-790,107,-179
708,-9400,13180,-408,55,-115
696,-9148,13344,-294,113,45
