-1228,-13632,8444,222,240,-296
-1296,-12988,9332,-118,85,-577
-1128,-13320,9056,-559,8,-72
-1440,-13160,9252,-453,51,-45
-1400,-13312,9148,-414,-82,-343
-1252,-13368,9068,-864,-207,-456
-1272,-13396,9272,-572,145,-161
-1312,-13264,9212,-226,235,-201
-1412,-13268,9132,-562,11,-372
-1128,-13336,9276,-663,-31,-236
-1128,-13544,8960,-665,104,2
-1468,-13376,8988,-660,162,-5
-1476,-13560,9008,-651,119,22
-1604,-13444,8988,-331,259,-23
-1388,-13268,9132,-537,-19,-298
-1288,-13344,9228,-581,46,-100
-1436,-13304,8908,-593,144,-65
-1288,-13476,8876,-479,84,-127
-1332,-13460,9088,-78,111,-220
-1348,-13348,9256,-54,135,-133
-1264,-13348,8928,163,173,-250
-1400,-13244,9120,451,270,-556
-1308,-13328,8820,386,733,-34
-1216,-13556,8800,2713,1055,56
-1392,-12744,9480,1979,1138,164
-736,-12436,8116,1618,616,-179
-2264,-13580,9864,949,249,-1048
16,-13116,8432,3793,833,-930
168,-12328,8660,6005,3058,-1342
-1564,-30496,10568,-4342,5655,9622
-1824,-12832,10912,-3563,1198,-1278
-1524,-11976,7664,-3252,2156,-2166
-1328,-13904,10024,-68,2856,-707
-956,-13516,9856,-2669,1843,-1848
-2180,-13908,11260,-1336,1154,-630
-2408,-12476,8180,-2356,810,-1499
-1248,-15960,10024,2301,2465,-324
-536,-15816,9984,-198,1730,-1789
-1756,-14524,9972,-1855,2378,-1228
-1568,-12824,8224,-2184,518,-1192
-2040,-14936,11332,-3226,654,-1655
-2700,-12104,9804,-6813,-267,-1383
-2412,-14640,11816,-5316,54,-1209
-2088,-12120,6732,-4005,126,-1472
-1532,-13036,6928,-2492,340,-1357
-2516,-14372,9796,-1864,1199,-992
-1328,-14428,9008,-2248,2341,-1125
-1672,-13668,8824,-1842,1458,-833
-2116,-13024,8928,209,1384,-1086
-2296,-13400,9396,1897,712,-1717
-1672,-12964,8912,1268,373,-740
-1412,-14032,8228,-2145,37,180
-1520,-14356,7704,-4159,169,343
-1636,-14692,7084,-4185,-313,-231
-1480,-14612,6852,-2728,-490,-463
-1348,-14764,6936,-1914,-559,-597
-964,-14880,6596,-563,-226,-462
-1228,-14980,6976,159,346,249
-1520,-14712,6824,378,526,662
-1736,-14700,7024,994,735,980
-1672,-14612,6772,1527,644,690
-1744,-14628,7072,1656,156,-70
-1580,-14448,7400,1155,-78,-390
