1996,-11592,10728,-235,160,-748
1556,-11452,10868,-284,237,-475
1684,-11600,10872,-370,253,-254
1484,-11616,10808,-334,235,-323
1520,-11624,11208,-649,186,-414
1592,-11700,10908,-790,-22,-293
1572,-11728,11000,-710,-39,-83
1532,-11864,11020,-672,-132,-193
1632,-11668,10884,-592,63,-334
1472,-11952,11000,-396,34,-450
1624,-11620,10768,-258,-127,-330
1648,-11720,11072,-268,2,102
1460,-11756,11044,-346,-2,136
1660,-11712,11304,-544,-116,-53
1664,-11756,11104,-613,62,-113
1452,-11912,11128,-714,-50,-186
1672,-11860,10828,-731,-93,-331
1504,-11840,10904,-740,-134,-392
1340,-12072,10664,-401,-393,-708
1316,-12416,10712,501,-982,-1362
2340,-11836,11512,1729,-1526,-2107
2760,-10644,9836,4097,-334,-1257
-2796,-31936,32767,682,2143,-351
428,-13452,11440,-3091,-724,2132
1000,-12228,9832,-3468,108,1408
1560,-10352,8468,-1744,-523,538
2608,-13832,11652,-778,374,-163
2028,-12232,10692,-1737,496,422
2872,-11068,10332,-2390,1349,1218
2280,-12788,11380,-506,1635,230
1492,-9040,10796,-563,1252,269
1772,-11336,10400,-607,1508,207
2344,-10312,10204,-46,745,10
1612,-11016,12024,1188,794,-582
1384,-11588,11288,-135,220,-241
1192,-12036,11048,-1301,138,-39
1036,-11928,10884,-1936,147,-46
1288,-12184,10536,-1890,-46,-150
1200,-12252,10252,-1387,30,-281
1292,-12504,10448,-709,140,-334
1152,-12216,10568,-107,-55,-467
1568,-12160,10428,91,146,-86
1308,-12212,10492,413,101,173
1416,-12132,10480,478,235,499
1220,-12216,10640,343,212,406
1152,-12012,10896,176,175,145
1144,-12120,10788,1,296,-160
1156,-12060,10604,-178,166,-229
1284,-11888,11032,-522,197,-393
