-1776,-804,16664,-1633,-604,690
-1696,-68,15420,-1075,-1171,1291
724,-168,14692,-1936,-799,790
-752,-1328,16572,-1911,1048,-334
-924,-796,16560,327,-174,10
68,-424,15664,-92,350,-283
-552,-540,15916,-998,1091,-815
-484,328,15940,233,-160,-604
1296,884,15888,38,-484,-1051
1748,2580,14280,-883,1746,-1416
1152,1052,16304,1314,1862,-2569
2224,796,19076,17579,8486,-4272
-4540,1596,9532,32767,15254,-5353
4872,96,4284,-4381,-4037,8192
-2080,1052,12848,-21315,8007,-6189
-8376,144,17740,-20833,9071,-5813
-12536,-6068,32767,-28201,251,-6964
-1380,-3772,15072,-7831,-2657,-1091
-4188,-4196,13060,-9897,1700,-2648
-3188,-8280,17060,-6277,1060,-3117
-6680,-4204,9104,-13449,966,-5364
-1352,-9808,6836,-26932,3398,-11400
28,-10588,4976,-11679,-8016,-5794
-4432,-13656,11412,-8978,305,-4260
-4964,-12744,9940,-9441,4024,-1410
-4976,-12796,8980,-9228,4775,-1467
-1608,-10740,7552,-9321,5363,-1480
-1620,-9924,9340,-5547,3981,-2024
-3188,-10456,9700,-2790,3177,-2316
-2396,-12548,9796,-1321,9610,-2286
-2980,-10480,12484,575,12630,-3147
-4996,-11028,11388,954,15278,-2294
-4916,-9756,11924,-945,4019,-3026
-5804,-10232,12376,1272,3504,-1745
-7696,-9920,13588,2532,2693,-2190
-11252,-16380,19788,11121,-3685,3135
1452,-5040,7080,3128,5060,-3202
-9980,-9704,14760,17545,-470,6280
-8196,-14788,14988,19910,-13965,9841
-4220,-3764,12324,15538,-8400,3615
-5212,-4524,13856,11763,-8795,4245
-3408,-5160,13204,7931,-6221,3642
-4228,-4660,14828,7509,-7647,3444
-2976,-3232,14768,9515,-8823,3837
-1464,-1856,16120,11526,-7526,3928
-904,-312,13992,7169,-7341,3502
836,3028,13864,6293,-7125,5192
-1020,-420,14160,5145,-2159,4473
-1212,-1232,16492,2158,-2954,3041
-420,1008,14136,2781,-1961,651
-2768,-1840,14716,-6270,626,1318
-1968,-2728,16368,-4003,-113,1260
216,-3280,17884,808,254,108
-1632,-3260,14920,-1071,2339,-1001
-460,-2244,16092,-2704,-406,-186
32,-380,15704,-417,635,-745
-1504,-472,15396,-1952,1246,-837
-2232,-2096,17512,-1537,-415,135
-752,-2216,16968,-66,292,-531
540,-1052,15600,-1670,-718,477
-1448,-1364,16260,-1840,469,-1035
-472,-2256,16144,-460,456,-375
-968,-936,15772,9,-251,-572
-1304,-840,15768,-687,995,-822
-1964,-1728,16044,-1402,348,-101
