-1876,-12412,10668,-1202,-24,-731
-1684,-12580,9904,-1513,-14,-928
-1320,-12864,9932,-252,86,-1027
-1556,-12528,10556,218,378,-133
-1708,-12284,10320,98,199,-235
-1340,-12764,10040,143,179,-261
-1832,-12176,10244,16,441,10
-1640,-12380,10300,-184,95,-293
-1588,-12436,10196,-343,-85,-561
-1380,-12488,9892,-299,122,-420
-1596,-12268,10316,-112,75,-138
-1792,-12304,10396,153,178,-300
-1780,-12316,10392,-566,-55,-348
-1320,-12256,10372,-250,98,-246
-1496,-12184,10332,-194,242,-136
-1676,-12020,9860,-582,87,-217
-1660,-12604,10076,-505,184,-198
-1580,-12468,10236,-76,276,-185
-1836,-12016,10880,491,415,-241
-1536,-11904,10588,144,201,-193
-1760,-12308,10640,-330,-209,-490
-1668,-12164,10256,114,-27,-537
-1900,-12832,10508,849,183,-191
-1668,-12368,10248,557,203,19
-1556,-12204,10596,914,572,-514
1260,-12208,6344,2331,4311,-664
-1848,-10956,9664,-2438,558,-595
-1612,-12464,9596,-922,296,-910
-2616,-14408,8452,-2196,132,-1389
-1456,-15428,12764,218,1139,-936
-1108,-12492,9360,181,1807,42
-1016,-12892,8552,-1465,1327,-443
-2708,-10396,9616,-2744,578,-906
-1776,-13424,10776,624,1550,-307
-1472,-13036,10500,-374,1985,-232
-2384,-9536,7512,-1791,72,-1072
-2228,-12984,12364,-1121,-187,-1007
-1708,-12860,10948,-615,626,45
-1376,-12348,7904,-2577,770,39
-2540,-12824,10968,-952,1011,210
-2020,-11288,13692,-1230,-448,-365
-1532,-11688,11348,-625,240,78
-2932,-11172,11416,-1066,1081,-162
-2020,-11784,10228,-111,988,4
-2456,-12264,11252,-697,394,-151
-2280,-11280,10736,255,225,-386
-2364,-11340,12072,739,-5,-15
-2256,-11728,10400,-1181,471,-190
-2496,-12784,10056,-2590,116,-1004
-2188,-12880,9556,-1688,-44,-875
-2052,-12876,9452,-1499,420,230
-2352,-12896,9744,-437,161,89
-2160,-12792,9656,88,116,-46
-2204,-12564,9692,46,431,323
-2468,-12620,9892,223,252,90
-2648,-12744,9752,-210,187,-32
-2488,-12680,9732,-699,181,-131
-2264,-12804,9784,-402,74,-320
-2068,-12452,9744,-141,109,-177
-2448,-12708,9956,-502,248,-86
-2548,-12748,9812,-506,81,-221
-2456,-12740,9676,-725,-77,-314
-2388,-12640,9640,-239,211,-80
-2488,-12780,9928,-96,246,6
-2560,-12456,9780,-220,147,-151
