200,15156,5040,-324,6,-84
384,15436,5116,-207,188,-250
112,15448,5608,-119,-144,-161
376,15828,5056,42,-134,-210
-96,15380,5196,152,-149,27
728,14928,4864,-14,-941,349
264,16060,6104,685,-633,-137
-536,17144,6704,241,-411,465
-2080,18760,10536,-9423,-7842,2000
-592,8684,1556,-8853,-9319,2111
-648,4988,8136,-5742,-536,-984
2480,14952,9552,-9396,-5687,-1741
684,9520,8836,-9009,-8927,1056
588,9608,8280,-4595,-8164,-1256
3776,11920,5600,-3896,-4430,-3483
1728,12496,6920,-2273,1492,-3529
3276,14680,6348,741,2373,-5625
2596,15600,6256,-560,2942,-3251
2780,12172,4420,3775,1622,-3532
696,15376,5524,460,1924,-6043
1340,10436,1548,6017,3154,-5289
-1260,10288,1292,10272,-1708,-7189
14728,26100,3500,5853,-6380,-2203
-1324,16864,2948,-4092,3220,-3962
-412,16676,424,1658,3969,1800
-32,17040,416,5100,7021,2274
-2416,18080,3300,5711,8784,1291
980,16208,-2248,6556,11043,3210
-2576,12540,4036,3181,7347,2242
-3584,15988,6636,113,5555,509
-2956,15344,6384,-2832,1666,2562
-5144,16476,7812,-790,-287,7268
-2300,12492,8164,161,2145,4924
-2752,14092,9932,360,3633,4096
-1928,13732,9188,531,2713,2825
-1572,12804,8424,-1090,1458,-54
-3292,11856,9024,-3123,53,244
-1204,15828,6032,370,-879,2363
20,15516,5092,1893,-48,2067
732,15276,4764,2292,1117,590
180,14856,4796,2072,316,-736
