-1040,-12516,10372,-707,34,-318
-1012,-12452,10320,-434,173,-72
-1148,-12552,10152,-177,130,-55
-1304,-12348,10516,-38,276,-34
-1140,-12428,10652,-211,-26,-151
-1028,-12332,10428,-199,200,-93
-1304,-12308,10448,-587,203,-155
-1076,-12504,9836,-956,139,-189
-1020,-12588,10248,-712,147,-260
-1168,-12736,10236,-504,172,-33
-1176,-12496,10392,-127,222,5
-1164,-12392,10500,-324,76,-279
-1012,-12316,10188,-713,207,-142
-1252,-12488,10484,-880,184,6
-1252,-12648,9944,-719,149,78
-1268,-12596,10104,-2,306,217
-1368,-12608,10440,603,445,432
-1528,-12800,9956,137,1543,557
-1388,-12376,10668,-447,183,234
-1176,-12460,9916,-600,-10,169
-1580,-12504,10540,-694,112,9
-1500,-12520,10208,-698,191,71
-1012,-12600,9808,-68,331,58
-1380,-12688,10116,525,466,-256
-1256,-12492,10096,489,630,47
-1668,-12420,10476,802,435,-121
-1980,-12620,10360,1078,750,245
-1828,-12448,10496,1568,303,-368
-1644,-12080,10616,1393,752,-868
728,-11000,8908,984,-518,-1686
2304,-14664,5320,920,4296,-656
-888,-9632,7308,-1643,1550,-194
-1708,-12224,11640,265,991,-332
-1684,-11960,10724,-84,1755,-843
-2020,-12788,12940,331,932,-1398
-1260,-14080,12184,813,2059,-301
-1676,-11452,10736,-211,811,-975
-2028,-9404,8892,-2081,1175,91
-1880,-11912,9728,-1413,882,-164
-864,-10916,6456,-1245,1366,199
-2292,-10532,11060,-757,-77,-413
-1568,-11540,8280,-1631,1170,240
-2780,-12552,11408,-516,836,107
-2660,-11744,11380,-1623,525,-433
-1588,-14152,10588,-357,1754,120
-2560,-12220,10752,392,-305,-957
-1460,-11296,11400,-1043,-105,-1056
-1816,-9924,9480,-941,1079,-24
-1376,-11304,7580,-1376,-438,714
-2388,-11704,9108,-2220,-88,468
-2476,-10400,9352,-572,175,-481
-3096,-10828,13332,-1218,845,-69
-2708,-10932,10444,-1618,582,-344
-3288,-10804,12124,-1382,495,84
-3244,-11604,13584,135,562,595
-2852,-9504,11844,-872,-679,525
-2384,-11428,10548,-1312,865,908
-2920,-12260,10352,-2592,494,-118
-2668,-12348,10180,-2056,182,-673
-2780,-12580,9896,-1274,-127,-670
-2144,-12724,9868,-753,-535,-803
-2248,-12692,10000,-319,-41,-269
-2384,-12324,10016,17,716,525
-2836,-12644,10076,-118,527,437
-2896,-12436,10044,-84,98,-51
-2468,-12264,9944,-161,189,69
-2816,-12276,9932,-118,171,142
-2760,-12336,10032,-290,-202,-275
-2556,-12340,10180,-490,-382,-455
