1136,-15028,7236,-314,-543,-323
1592,-14976,6724,-596,-61,-396
1052,-14636,7104,-325,-294,-340
1524,-14532,6568,16,-578,-126
1080,-14996,7452,-341,-507,-720
988,-14500,6876,-194,-519,-51
1820,-14144,7076,-153,-359,148
1540,-14848,7084,-325,-849,-791
1328,-14580,6896,-434,-433,-160
2348,-14292,6780,-377,-304,-498
2096,-15724,7232,-619,-623,-2851
732,-14680,6980,-216,-616,-3541
856,-14160,6712,-526,30,-157
2128,-15176,7472,-713,-317,85
2096,-15020,7016,-552,-374,-534
2036,-14160,6728,-389,-375,362
1964,-14044,7040,-576,-260,469
2636,-14192,6964,-423,-558,-208
1732,-14312,6684,-724,-325,-301
1484,-14792,6856,-262,-748,-19
1168,-14720,7484,-26,-1756,360
2852,-14764,6792,456,-3000,-560
1688,-13676,7332,-3949,-6839,-1026
1404,-13580,4340,-6064,-374,647
856,-17844,6156,1299,820,-3
1744,-15108,6104,737,617,281
2996,-15480,5560,-875,525,-627
20,-15016,3536,-2136,-132,35
448,-13796,2728,-2884,1277,1381
456,-6888,6996,-3829,1851,454
4324,-17592,-1772,-2867,2026,365
924,-17440,3768,-2284,2645,182
1300,-15176,6184,-363,2951,-733
2612,-17452,10536,423,2621,-1821
-552,-11116,5600,-2642,2878,168
-572,-8732,1412,2,4282,-811
132,-13220,3864,-477,3285,-226
-3420,-9272,8032,-3075,2369,-779
3388,-13896,432,-1939,2420,-59
3268,-17056,9708,1055,962,-899
5272,-15136,19904,6046,-2205,-2285
1364,-13452,9116,2108,-1703,-447
1900,-14380,7004,-425,-164,463
1320,-14752,7072,-1233,55,-92
1392,-14732,6860,-1518,122,-802
1752,-14688,6752,-1538,126,-985
1596,-14724,6756,-875,-280,-817
2192,-14804,6340,-781,626,-272
1916,-14704,6660,-673,154,27
1744,-15476,5900,-515,-57,107
