1020,-12708,10400,-460,-324,-1572
1696,-12240,10144,-742,-85,-1156
1916,-12376,10340,-1122,-92,39
1804,-12468,9880,-955,14,160
1676,-12460,9812,-463,-124,-150
1504,-12672,9996,129,-376,-704
1624,-12568,10268,352,-68,-785
1912,-12056,10392,38,-284,-324
1860,-12324,10080,-373,-17,471
1588,-12376,10516,-1478,669,896
1840,-12344,10944,-3104,-251,1149
1416,-10476,10272,-6126,334,2012
1828,-13140,8552,-5203,-402,1844
1408,-13684,9272,-4328,-319,1123
968,-12532,9176,-4146,525,536
4460,-19616,17176,4360,-7702,128
2292,-13424,12672,-242,-1873,-418
2380,-12060,7736,-1778,-946,107
2184,-13584,7024,334,-1343,975
772,-14088,8248,-1284,-1508,999
1216,-15076,5064,-7121,-1218,1877
1536,-14512,7304,-3263,-1829,-108
1680,-14100,7820,-1472,-1173,-888
2200,-13996,6940,170,-1358,-1610
1016,-15144,8980,-999,-1633,-135
2676,-18792,9272,-2419,1907,1112
2436,-14768,7076,-2482,2891,730
1048,-16400,2504,-518,4726,-582
-2144,-12864,10412,-2423,1998,-1025
1836,-14208,8984,1040,1552,-1061
1140,-14168,11132,-1987,1057,-1809
936,-13676,6388,-3501,2432,-869
-1304,-12340,4284,-2633,3799,277
1216,-13460,7132,-2830,762,-73
3188,-18144,11192,-456,909,-1281
-1028,-9852,7464,-2709,653,548
60,-5484,5760,-1022,-306,187
4796,-15380,12492,3410,313,-2352
1652,-13640,8008,882,321,-341
1116,-14400,7864,-460,275,192
1096,-14508,7532,-1119,23,709
1080,-14564,7464,-1202,35,-16
900,-14680,7012,-1044,94,-342
