948,-12108,10864,53,146,-374
876,-11960,10944,-63,85,-376
912,-11972,10924,-355,-21,-435
1148,-11976,10964,-407,166,-258
916,-11908,10660,-453,218,-57
772,-12032,10688,-538,-57,-273
984,-11976,10832,-260,62,-361
892,-11848,10716,-361,109,-28
884,-11980,10864,-342,110,-20
840,-12016,10900,-403,104,-144
1044,-11892,10812,-393,41,-188
1008,-11900,10652,-407,44,-97
992,-11984,10692,-329,-92,-232
900,-12044,10904,-353,30,-183
976,-11980,10848,-505,49,-117
784,-12016,10908,-555,37,-139
876,-11976,10800,-604,-243,-116
1072,-11912,10616,-666,-124,-68
836,-12084,10704,-408,-196,95
1076,-12084,10756,-203,-104,169
848,-12120,10748,250,-15,-59
1072,-12028,9944,837,39,-179
956,-12172,10856,1474,500,5
976,-12360,10072,2035,17,-446
688,-12280,10832,3102,-855,-1236
416,-15972,10064,-2569,1582,-1424
796,-10244,9888,-3953,1485,-168
524,-10976,10236,-2976,1682,-674
456,-12216,10352,-2980,320,-889
1736,-11652,8764,-4437,852,-62
1820,-12952,11236,-2696,657,94
552,-11816,9924,-2042,974,-31
432,-12112,10108,-2949,2123,-517
1252,-11376,10112,-3318,1432,-554
1204,-11816,11672,151,63,-344
1692,-12544,9316,1373,313,95
884,-11096,10516,1958,-98,-182
748,-11736,11236,1345,656,-12
888,-12352,10572,-723,455,107
552,-12440,10452,-1803,233,-206
600,-12692,10124,-1901,206,-689
956,-12228,10180,-1331,183,-1071
