-1508,-12848,9756,-384,242,-460
-1532,-12820,9872,-192,155,-284
-1520,-13024,9872,-306,222,-126
-1672,-12732,10116,-333,205,-137
-1676,-12876,9784,-205,24,-199
-1732,-12712,9796,-250,54,-333
-1660,-12876,9760,-361,136,-155
-1904,-12720,9804,-294,150,-229
-1604,-12648,9980,-422,-51,-328
-1656,-12840,9872,-573,22,-297
-1524,-12808,9848,-335,125,-178
-1880,-12812,9848,-285,120,-190
-1732,-12856,9816,-510,80,-269
-1444,-12644,9808,-354,111,-269
-1632,-12864,9792,-355,119,-148
-1832,-12896,9596,-122,372,-81
-1692,-12848,9888,-88,134,-286
-1692,-12636,9752,-201,121,-164
-1684,-12760,9988,-64,239,-122
-1700,-12820,9892,-182,-7,-469
-1148,-13084,9948,33,210,-747
-1352,-12780,9852,677,811,-332
-1212,-12516,9376,1937,1056,-582
-516,-12908,8324,1970,977,-708
-1612,-12088,10316,1105,988,-381
-1260,-13072,9068,2291,2095,-736
-1696,-11384,10924,-1389,701,-959
-2644,-13144,12076,-743,75,-162
-2192,-12804,9148,-1259,1012,-961
-2212,-12116,9548,-469,1220,-669
-1900,-12720,12380,-244,1867,-154
-2532,-11760,10576,-2694,169,-1645
-1664,-10888,8544,-985,67,-499
-2196,-11724,10148,-2287,399,-661
-1908,-11072,8680,-584,317,-1176
-2952,-11888,10484,-1206,708,-238
-892,-12612,5320,-1326,560,-1081
-456,-14248,7432,-720,1849,-227
-1948,-12184,12400,-1714,462,-841
-2668,-11260,13020,41,-22,-1257
-3300,-11208,14100,-33,66,-1330
-2780,-10936,12128,-181,-337,-951
-2616,-10872,12416,-6,170,92
-2392,-11712,10596,-1030,317,145
-2180,-12572,10024,-2436,-145,-708
-2100,-12732,9704,-1935,-63,-805
-1944,-12856,9588,-1038,-131,-624
-1844,-12928,9688,-159,180,-122
-1832,-12596,9648,28,329,96
-2180,-12740,10232,-5,504,180
-2252,-12760,9912,36,146,-169
-2064,-12592,9820,214,-110,-463
-2000,-12604,9784,-274,226,-101
-2228,-12644,9940,-353,122,-106
-2128,-12672,9832,-210,-16,-269
-1948,-12580,10092,-175,-18,-306
-1952,-12692,9960,-573,271,-126
