-1128,-12944,9716,-26,322,0
-1108,-12840,9768,-335,95,-184
-1116,-12972,9688,-584,27,-260
-1316,-13124,9932,-445,74,-256
-984,-12856,9772,-510,104,-321
-920,-12888,9660,-330,106,-106
-1268,-12892,9648,-59,307,-93
-1248,-12712,9804,-290,247,-138
-1552,-12876,9796,-523,159,-111
-1244,-12696,9880,-843,-72,-327
-1240,-12904,9764,-928,-72,-345
-1328,-13020,9516,-810,92,-137
-1124,-13040,9520,-606,35,-183
-1428,-13064,9452,-456,148,-17
-1304,-12932,9768,-322,138,-86
-1104,-12952,9536,-109,67,-305
-1032,-12884,9532,495,359,-291
-1488,-13328,9596,1416,222,-665
268,-13776,8216,3024,1379,-683
-972,-12532,9540,3339,1799,-359
-1380,-12964,9716,4114,3008,-485
6412,-32768,-7016,2541,10928,1781
-1616,-12968,9424,-4199,464,-3546
-900,-12820,5460,-1280,1236,-2095
-1224,-13860,7788,-876,2592,-1895
-412,-16420,7288,-1965,1790,-1235
-740,-15224,8224,-5363,1663,-378
-1332,-12992,7760,-5203,1856,-585
-1288,-13748,10588,-1514,308,-964
-2116,-11008,11676,-3567,474,-892
-1604,-12232,8836,33,1492,-465
-1292,-13608,11588,1800,1534,346
-1180,-12968,12796,2984,1554,-602
-1732,-12332,9384,3780,1769,-1185
-1540,-11172,5408,1269,1923,-281
-1560,-12064,10324,-997,564,283
-1572,-13008,9864,-3712,640,801
-1972,-13496,9456,-3829,-418,-209
-1500,-13476,8816,-1940,-838,-2010
-1172,-13312,9036,-1268,-654,-1570
-932,-13364,9004,-765,119,-158
-1136,-13444,8992,-397,364,184
-1228,-13424,9088,13,507,411
-1432,-13320,9056,358,716,340
-1608,-13404,9160,658,243,-201
-1472,-13292,9416,477,73,-390
