-1712,-8148,12144,122,996,495
-1940,-10024,14380,1375,1372,-309
-2052,-8188,13640,6865,-128,1661
-2032,-8820,15096,4588,-421,1613
-3416,-7776,15492,20575,-2326,5950
364,-3272,10276,9575,-1219,3782
-1464,-5308,14956,5272,1209,2158
-2660,-4532,14036,9218,1034,104
-3276,-3228,13440,3707,-874,1665
-2524,-3264,15640,-4258,1045,-823
-2784,-3276,17012,5424,-819,1084
-1036,-1756,13992,1215,73,-597
-2224,-2724,16316,-559,-699,-629
-2548,-3304,16496,2476,-1607,980
-912,-2140,14720,-796,-890,-1407
-436,-2512,15240,-2675,-77,-1333
-2016,-3444,15348,306,-310,168
-1456,-2944,15164,-3048,1161,-2444
-2128,-4964,15156,85,-44,-1483
192,-3416,12000,-2132,1295,-2517
-3812,-7572,13360,-13519,1204,-2805
-2040,-7988,11648,-16643,-874,-2367
-14744,-18416,21080,-32768,-28132,-20806
3152,-12120,14232,-5183,704,-755
-80,-10676,9268,-3876,3603,-2017
-2668,-11432,11360,-1852,4781,-1989
-680,-8496,13976,-752,2160,-1157
-2272,-10444,14300,-2805,2403,-235
-1668,-9032,10272,-3177,1752,-105
-5012,-4704,15060,-8252,242,-2394
-3140,-10332,12276,-8068,1975,-1993
-3968,-10416,11620,-7188,-974,-919
-1980,-12668,15616,-7170,999,-1640
-1344,-12036,11556,-6111,-1021,-1632
-2580,-11916,14788,-4568,-2213,-35
-876,-8652,12036,-2409,-1211,-294
-1580,-9352,13240,1922,-2532,-802
-712,-12360,13760,5942,2412,333
-1712,-11548,11856,10654,4344,747
-4504,-9236,8264,3415,4359,1354
-4408,-14016,15964,12484,1985,2086
-700,-7688,10784,8785,1091,-413
-1692,-6988,11824,4284,481,-336
-3300,-8668,13132,1270,1017,-99
-2016,-8488,12440,-1288,-276,104
