-1028,-12664,10052,-509,187,-217
-1200,-12748,9880,-528,287,-52
-1268,-12740,9864,-417,142,-197
-1144,-12744,9932,-410,149,-83
-1184,-12740,9916,-456,176,-130
-1036,-12756,9780,-333,67,-253
-1216,-12560,10060,-352,198,-98
-1160,-12676,9932,-417,134,-184
-1120,-12668,10052,-539,61,-327
-1128,-12644,9932,-585,70,-176
-1096,-12676,9944,-433,167,-126
-1280,-12844,10144,-387,13,-360
-1260,-12664,9920,-528,139,-155
-1128,-12804,10084,-483,89,-84
-1336,-12900,9744,-556,26,-236
-1160,-12808,10044,-469,147,-169
-1228,-12828,9940,-300,69,-208
-1256,-12644,9880,-396,9,-321
-1196,-12808,9880,-336,-5,-303
-1200,-12544,9844,-374,91,-96
-1128,-12972,9896,-97,208,-177
-1192,-12792,9848,386,545,24
-1552,-12732,10248,-52,357,168
-1488,-12740,9916,-281,191,-233
-1612,-12636,10192,-273,-435,-593
-376,-12512,9728,140,-1738,-315
-1816,-13340,10304,945,-656,-272
-1052,-12784,10324,1843,387,-983
-92,-13224,7508,2530,2345,-1141
-1388,-16072,7316,-1483,437,-1853
-1556,-13824,11824,-1607,966,-1510
-956,-14248,13016,-1216,796,-1393
-352,-13300,9628,-907,1654,-726
-1784,-13340,13320,-1546,534,-1756
-1028,-13092,11700,-281,781,-1553
-520,-12008,6600,-265,1345,-1646
-940,-14976,12860,11,1900,-1413
116,-15224,8992,534,1885,-701
-1076,-14924,8716,1091,2096,-582
-816,-12724,11900,-460,283,-705
-676,-13324,12976,1416,1043,-539
-1240,-12800,9460,-460,567,-916
-320,-12400,9944,-594,178,-696
-256,-12028,7604,-1710,563,-752
-612,-12916,8496,-1459,-426,-1575
-1436,-12316,10732,-280,33,-1276
-796,-12052,9168,-260,1173,-298
-916,-13052,9368,-730,264,-463
-1692,-13452,11392,370,267,-198
-1716,-11488,12580,-426,1044,-178
-1492,-11764,12848,593,377,-361
-1680,-11244,10608,106,54,-434
-1372,-11832,10520,883,725,41
-1188,-12188,10460,603,898,362
-1320,-12520,10564,-764,179,114
-1280,-12584,10032,-1684,310,220
-1400,-12676,10040,-1662,84,77
-1432,-12860,10264,-1801,-367,-689
-1484,-12840,9920,-1762,-158,-802
-1012,-13004,9776,-1663,-25,-304
-1028,-12804,9704,-1881,56,84
-1168,-12928,9576,-1468,13,49
-1060,-12904,9456,-827,177,144
-1300,-13112,9544,-614,299,47
