212,15592,3936,678,-628,-1356
-784,15728,4132,932,442,-1542
-752,15936,4516,947,157,-846
-176,16268,4048,1166,628,-78
-368,16236,4100,1225,545,696
328,15360,4476,1180,882,900
-144,15828,4172,1961,1362,931
-2896,17620,5848,3334,1403,4617
244,17936,10944,-3053,-846,12019
-460,16224,5496,-2746,-2359,9997
4040,8792,-732,-7845,-3804,5631
3276,8540,1048,-8280,-9802,-1959
644,10844,7196,-14537,-4911,-1281
1848,9820,5244,-6003,-6738,-3358
1956,14456,8540,-6347,-6451,-4401
3952,14052,6464,-6147,-5392,-3789
4180,14112,4688,-3684,-1584,-5762
1488,14568,6884,-5665,-1910,-3773
2620,12724,4828,877,-187,-5316
1992,16500,6376,2312,1986,-5951
-220,13980,5564,1098,2,-9464
1564,14608,3168,5497,-4130,-6097
-1560,15688,4564,8881,-1115,-9025
2572,20972,508,-387,4912,-3912
-584,15408,3472,-2616,3583,-2952
1968,19644,2432,-32,2810,-3519
-88,15812,2580,635,6660,-3272
-2276,17972,4264,2046,4277,-1364
-3304,17140,4228,3316,3503,3944
-1840,17680,4040,4725,10899,3389
-1668,14948,5464,3580,11329,2315
-1920,13916,3636,-1489,6500,2102
-1784,14744,5384,-2812,4575,1266
-2276,13932,7760,-978,1949,917
-2632,12512,7760,-1671,-27,1450
-2564,14320,6876,-809,2151,1188
-1788,15512,7200,1272,3097,2572
-2540,14808,7616,2047,3721,3351
-1004,13492,6696,1223,3877,883
-2128,14488,6520,-374,2571,654
-2416,14776,7424,-2002,514,835
-1532,15256,6076,-1510,-551,1796
-996,15552,5288,-93,-596,2042
-1156,15584,5592,-549,-664,1567
-316,15056,4200,-1398,-1926,1258
-80,15516,4396,-345,-144,-167
-984,15496,5272,-804,-75,599
-288,15008,4540,-1522,-215,1063
-456,15688,5428,-1708,366,1300
-640,15456,5356,-1366,683,1683
-248,15504,5060,-1476,-57,1588
112,15076,5760,-1150,-505,574
60,15276,5600,-492,-88,524
104,15056,5108,-422,-415,734
