-1228,-12896,9692,-293,97,-322
-1180,-12704,9872,-119,309,-146
-1556,-12876,9888,-257,170,-188
-1392,-13028,9844,-321,26,-261
-1088,-12640,9872,-176,139,-292
-1108,-12784,9924,-254,148,-129
-1508,-12880,9948,-349,48,-231
-1184,-12900,9916,-497,134,-115
-1204,-12908,9756,-417,181,-31
-1296,-12860,9840,-440,115,-211
-1132,-12752,9772,-587,-21,-276
-1144,-12876,9752,-499,112,-106
-1328,-13008,9904,-339,81,-285
-1160,-12924,9756,-183,131,-146
-1060,-12696,9576,-19,497,389
-1600,-12848,9856,125,314,262
-52,-12288,8876,-606,114,61
-1840,-13080,10404,-472,924,-159
-1252,-12856,9436,-109,521,-731
-1532,-12924,9864,490,224,-1740
-1112,-12720,9652,823,152,-1567
-1152,-12728,9968,1154,725,-944
-996,-13192,9276,2754,1455,-1513
-1476,-12504,9992,3728,2861,-1765
-5808,-1196,-3000,-9217,-714,-1922
-640,-10904,8324,-2010,915,-1156
-720,-14276,10476,-797,1266,-1125
-1216,-12048,7584,-1733,201,-1368
-480,-12540,6140,-1009,2169,-1073
-1184,-12908,8280,-1399,1333,-1199
-960,-13536,9864,-1077,759,-611
-908,-12852,8952,-1223,1194,429
-1196,-13372,11540,-2440,697,-511
-1232,-11420,9324,-2209,552,-717
-1036,-14144,8244,-1717,681,-617
-1240,-12976,9096,-1940,48,-814
-1200,-13660,10316,-1198,154,-137
-676,-13548,9236,-1292,779,113
-744,-12544,7684,-991,80,123
-1332,-13664,8804,-1425,844,-139
-1368,-12764,8252,-1215,409,-422
-1416,-13940,11992,38,-55,-988
-1264,-14076,10320,-284,1018,-561
-1224,-13652,9348,-1632,-344,-66
-956,-13368,8620,-568,309,-222
-1780,-12836,10616,-1117,551,59
-908,-13016,8456,-1453,987,59
-2068,-11824,9352,-2362,-245,-928
-1532,-13488,8308,633,1663,753
-2588,-12780,13068,2529,1531,723
-2192,-12176,10300,2916,654,-293
-1496,-12568,10336,344,81,-394
-1836,-12680,9736,-1672,389,50
-1936,-12912,9516,-2423,308,-28
-1992,-13176,9248,-2175,252,-370
-1700,-13428,9296,-1837,-140,-498
-1576,-13532,9264,-1317,-228,-615
-1200,-13436,9312,-815,206,-257
-1752,-13332,9028,-443,305,0
-1604,-13204,9128,36,193,-215
-1704,-13184,9100,493,297,22
-1768,-13300,9304,268,438,358
