1988,-15228,5748,-204,23,-337
1924,-15224,5684,-463,116,-80
2064,-15408,5588,-509,212,-124
2036,-15104,5300,-553,197,-147
1768,-15312,5360,-393,204,-197
1808,-15136,5632,-333,277,-345
1972,-15204,5728,-486,122,-339
2052,-15220,5672,-498,-63,-94
1840,-15408,5472,-481,117,57
1744,-15380,5764,-452,-25,-107
1964,-15312,5756,-115,122,-104
2000,-15272,5656,-86,209,-8
3204,-18252,9284,8092,655,-1705
2052,-11620,5928,5441,-2687,-837
2728,-14368,5584,-781,-315,249
1716,-14856,6576,-561,310,269
-1944,-14276,8468,3712,1733,465
1288,-15136,6572,641,1123,-1141
1956,-14832,6336,-635,-59,-382
1884,-14768,6660,249,87,-543
756,-14352,9724,957,-1477,-1418
2576,-13972,4696,2985,-182,-1905
728,-15316,6920,4804,-86,-2587
200,-14628,6980,-956,-86,930
-500,-14968,6476,-2178,208,1545
-2100,-9648,3364,-3541,2626,2651
-2552,-10236,5920,-5342,2845,4990
1340,-18948,11004,-2690,2755,3508
5144,-10988,-924,-2772,1766,1343
4584,-13660,2972,-616,2480,516
1984,-9316,3916,-3399,3438,2959
2596,-19156,5648,-731,3023,897
720,-14152,10140,3035,-1297,-1181
536,-14736,8468,624,279,-146
596,-14692,7004,-1042,271,867
504,-14776,6076,-1044,414,457
-208,-15024,7000,-1342,310,-441
284,-14948,6772,-1386,303,-926
620,-14908,6688,-1231,0,-856
644,-14892,6540,-1040,198,-497
700,-14872,6756,-958,51,-214
584,-14908,6404,-773,1,-152
520,-15040,6484,-591,108,-103
