588,-15956,5404,345,-18,-97
1032,-15848,4364,176,16,99
968,-15784,4328,238,96,-84
1040,-15844,4400,167,-40,-223
1104,-15552,4460,117,143,-216
992,-15740,4316,-265,252,-8
908,-15768,4372,-296,49,60
860,-15800,4380,-312,139,-64
1204,-15788,4524,-234,38,-161
1084,-15504,4364,-376,152,-133
980,-15868,4220,-531,310,-22
936,-15792,4496,-457,59,-132
992,-15752,4148,-479,36,-227
984,-15724,4472,-519,50,-324
1108,-15764,4376,-615,141,-206
880,-15872,4568,-518,11,-205
904,-15832,4296,-649,154,-184
888,-15700,4440,-738,-15,-163
836,-15776,4404,-843,68,-173
936,-15900,4388,-827,56,-226
832,-15836,4440,-749,63,-383
940,-15760,4352,-888,35,-354
1032,-15840,3988,-808,120,-295
956,-15856,3936,-613,-1,-117
908,-15924,4176,-474,-38,-71
884,-15836,4044,-296,41,-127
800,-15984,4176,-53,-167,-349
912,-15688,4408,339,-496,-655
808,-15884,4232,553,-227,-624
1548,-15676,3512,1040,-302,-722
324,-15124,10920,1466,502,-578
-3964,-15220,-116,-767,104,944
-9280,-23896,1132,-2228,4138,5920
-1152,-10912,-20236,-5102,4447,5461
-660,-5340,-4288,-1252,1833,1496
-1392,-6064,5760,-3737,5851,843
2184,-18472,5168,1424,1817,99
-4652,-200,-7288,-7018,627,-324
2188,-15328,6276,880,2596,21
796,-12568,21496,541,1087,-2563
9660,-27936,7484,4247,81,-3392
660,-19092,1744,-1022,1960,-148
-5616,-10692,-14584,-5472,1888,547
528,-13680,6640,3331,-1059,-764
756,-15484,4552,1081,425,121
1376,-16216,3348,-685,293,-499
372,-14476,2124,-1857,1331,-1133
-112,-15612,5248,-942,222,-361
588,-15636,4252,-1055,-85,-21
296,-15784,4344,-934,-62,-54
