-1908,-14332,7472,-362,-72,-244
-1580,-14452,7284,33,-109,-645
-1496,-14440,7312,543,187,-652
-1388,-14304,7296,497,72,-419
-1480,-14336,7336,194,134,-429
-1388,-14680,7472,-294,-30,-335
-1724,-14308,7280,-586,-36,-273
-1592,-14396,7380,-703,105,-309
-1400,-14648,7480,-507,42,-532
-1092,-13972,7232,-362,64,-360
-1440,-14460,7404,-219,19,-220
-1384,-14444,7448,149,72,-488
-1268,-14288,7392,-4,11,-567
-1680,-14584,7400,240,45,-253
-1588,-14572,7596,649,54,-550
-1264,-14412,7440,813,-122,-1029
-840,-14220,7832,1730,399,-727
-1216,-14680,7852,4166,1922,-1124
-900,-14508,7460,3291,-151,-1556
-1476,-14016,9036,4207,3145,1027
-1744,-14680,9500,4344,3695,1499
-1184,-13028,6876,4056,3862,-1112
-4000,-17252,12728,-2008,-72,-256
-952,-16000,10040,1849,3144,-1073
-1852,-13452,9428,1076,3504,-1444
-1628,-12840,7628,121,3656,-1078
-1688,-11744,8456,-743,2657,-1811
-2692,-11744,11444,-1238,2209,-2230
-2436,-12024,9724,899,2166,-530
-1896,-13932,9184,-111,227,-1149
-1736,-15808,14056,1184,1201,-533
-1928,-11864,8348,19,1395,-1158
-2208,-12644,8892,1025,1225,-1267
-2064,-14276,10700,2390,2154,-353
-1872,-12968,7892,-2318,485,-1600
-1640,-14292,7028,-907,386,-480
-1244,-13236,8400,-675,2155,-643
-1728,-12308,7688,-1365,1750,-563
-2244,-12332,7352,-1532,898,-585
-2480,-11428,8188,-372,1294,-525
-1124,-11620,7488,-428,404,-580
-2572,-12216,11600,86,465,-351
-1840,-12212,8516,-1584,183,-488
-2504,-12216,10672,-372,115,-206
-2200,-13072,9548,-1517,-461,-696
-2104,-13396,8884,-2156,131,-495
-2160,-13644,9628,-1953,-361,-472
-1600,-13316,8756,-548,-125,-198
-2052,-13440,8820,-1,11,-22
-1740,-13480,9012,28,-23,-201
-1496,-13384,9040,13,-116,-383
-1936,-13444,9328,-142,141,-50
-1900,-13324,9132,-190,333,-207
-1908,-13120,9208,-160,-372,-369
-1976,-13220,9076,57,184,-168
-2416,-13312,9212,139,-262,-254
-1752,-13320,9108,-625,-235,-410
-1596,-13312,8960,-874,-674,-429
-1604,-13404,9400,-495,96,-73
-1808,-13168,9352,-346,69,-22
