996,-13028,9636,-285,68,-237
912,-13168,9492,-462,48,-223
960,-13180,9424,-406,152,-337
1012,-13240,9696,-246,-33,-484
1164,-13016,9776,-327,159,-312
1072,-13048,9744,-385,310,-57
1084,-12952,9568,-454,127,-136
1152,-13092,9536,-588,156,-150
1064,-13004,9636,-597,72,-163
1004,-13240,9708,-337,-36,-149
908,-13204,9536,-62,-35,36
1076,-13044,9696,105,154,16
1056,-13064,9560,166,143,-128
948,-13100,9492,452,300,-178
964,-13112,9568,596,372,-338
792,-12916,9824,617,82,-572
936,-12960,9932,694,45,-614
1040,-12856,9536,873,-96,-640
836,-12832,9724,1264,-209,-1027
660,-13300,9780,1903,-787,-2399
1000,-12892,9900,2428,-894,-3325
1832,-12584,9760,3348,-943,-3376
860,-14680,11232,-1595,-293,-1058
1468,-12556,9388,-3208,714,301
1140,-13640,10276,-2190,555,-263
500,-12672,10016,-1098,693,-1053
1016,-12148,11176,-553,-1055,-569
1504,-13192,9940,-916,-224,350
1692,-12796,12272,-162,-378,539
1236,-13096,9976,166,870,-259
1304,-11848,12000,148,507,-418
1768,-11096,10944,67,846,-349
1556,-11776,13516,-218,148,50
1852,-12340,11328,50,-51,360
1948,-11172,11132,992,309,-197
2040,-11144,11184,1678,296,-157
1424,-12104,10884,-62,375,214
956,-12308,10956,-1248,361,102
1164,-12384,10416,-1682,198,-703
1536,-12376,10044,-1668,84,-1190
1864,-12364,10068,-1492,77,-878
1536,-12488,10236,-1205,76,-212
1676,-12644,9836,-716,126,89
1552,-12512,10160,-499,136,-2
