-1156,-13128,9420,-365,72,-263
-1416,-13248,9288,-197,215,-129
-1124,-13108,9452,-171,148,-184
-1408,-13040,9552,-373,301,-105
-1308,-13060,9588,-540,41,-408
-1216,-13032,9628,-528,70,-334
-1248,-13204,9520,-745,68,-143
-1280,-13164,9264,-738,39,-241
-1424,-13184,9380,-692,71,-251
-1296,-13276,9284,-630,-94,-405
-1324,-13200,9304,-515,95,-320
-1208,-13252,9316,-423,82,-251
-1076,-13048,9168,-433,230,-336
-1336,-13256,9432,-400,106,-457
-1272,-13304,9520,-163,20,-639
-1308,-13300,9200,491,221,-1003
-864,-13164,9776,1758,53,-1418
-1244,-13200,9532,2252,946,-1152
-988,-12968,9888,2743,1422,-953
-1244,-13064,9744,3115,1631,-788
-668,-13028,8984,3360,2908,-1564
-224,-14612,9000,-2260,1006,-1674
-828,-14076,10600,-1035,880,-1533
-1028,-12796,6444,-467,2085,-1247
-736,-12764,9836,-382,1324,-872
-828,-12912,7788,-1163,2165,250
-1124,-12392,10692,-1748,724,-578
-1684,-13616,12084,-300,943,-797
-1572,-11576,8136,-606,762,-600
-1108,-12616,9372,-965,372,-929
-1032,-14312,12084,224,963,-131
-1384,-11976,9960,-1247,556,37
-3104,-11884,15180,-653,309,-1316
-1344,-11680,11072,-944,785,-960
-604,-12920,10124,-3516,236,-555
-1088,-11740,10052,-5302,228,-716
-2140,-11008,13112,-2321,39,-722
-2244,-12144,12848,-1141,285,-1103
-1152,-14268,9936,1025,1718,-651
-1460,-12080,9884,1330,1128,-725
-1420,-11792,10232,1449,1168,819
-1764,-12800,9788,-1594,953,1088
-1888,-13112,9580,-1669,42,51
-2228,-13192,9564,-1262,-183,-569
-1624,-13140,9496,-1252,-171,-819
-1408,-13172,9336,-1024,-229,-831
-1560,-13152,9152,-583,132,-115
-1736,-13032,9212,-410,214,105
-1660,-13240,9272,182,153,-196
-1368,-12972,9360,394,-39,-597
-1480,-12992,9412,218,51,-455
