-2340,-9664,12628,-407,17,-119
-2284,-9436,12576,-218,292,-188
-2560,-10080,12936,-394,130,-306
-2260,-9940,12320,-580,53,-314
-2304,-9656,12984,-617,-131,-219
-2124,-9824,12876,-223,387,-267
-2228,-9552,12300,-132,334,-149
-2276,-9668,12848,-316,243,-119
-2548,-9636,12868,-21,-245,-96
-2704,-9832,12780,-516,-51,-430
-2732,-9804,12204,-215,125,-166
-2096,-9400,12888,-486,122,-196
-2676,-9452,13204,-412,-182,-89
-2844,-9608,12828,-742,211,-307
-2820,-10128,12424,-708,-122,-187
-2700,-10176,12780,-329,252,-208
-2536,-9700,12772,-336,60,-153
-2520,-9472,12520,-193,155,-209
-2552,-9472,12660,-137,-45,-18
-2964,-10544,14184,3812,-529,564
-2932,-7036,12416,5500,-2486,1289
-3976,-6868,18448,8859,-5366,3543
-4680,-7252,15808,16906,-7245,8224
-1440,-5536,12944,10630,-4613,2761
-1980,-2816,15176,6271,-498,268
-1700,-2252,14796,11557,-2502,1269
-1704,-1444,14436,4414,-2309,2386
1328,-3232,14960,-5426,-2953,2944
20,-2596,12716,-2966,-1266,3253
1088,-5920,13324,-1880,264,826
-204,-6056,14172,-6220,1304,39
740,-7268,11180,-9748,2013,-929
-4612,-13904,17524,-14834,-1121,-3733
-1292,-11804,5648,-26328,346,-5250
3020,-2080,-1252,-12001,-2662,-597
1808,-11992,9944,-7831,361,900
-132,-14252,11480,-7290,4473,-422
-1772,-12104,10040,-6855,5433,-2368
-1644,-11212,9604,-6327,5078,-4177
-64,-10700,7988,-4818,4464,-2493
-1568,-12488,13380,-3829,2691,-217
-888,-13388,11192,-5799,1464,2273
-680,-10472,11496,-2543,159,2076
-1568,-10288,13176,-4837,2691,1693
-4612,-10184,10180,-3154,4298,-128
-2888,-13392,11832,-568,-244,-3812
-1564,-8616,12812,147,577,-1306
-1140,-10352,12516,806,878,27
-3288,-13256,12764,2850,1220,685
-3236,-10448,11840,5323,2908,5539
-2308,-13388,14740,5543,3277,797
-2568,-11464,7380,4124,3584,730
-4436,-12036,10072,2559,4517,-1755
-1884,-15248,14252,6172,765,907
156,-9192,11144,4138,-971,1353
-2448,-9940,11596,1341,575,-716
-3840,-9860,11700,275,-561,79
-3172,-10012,11844,-732,-411,-431
-3384,-10644,11984,-499,98,-745
-3120,-11124,11684,478,-410,-636
-2696,-11004,12264,469,-122,-69
-2600,-10948,11612,677,1122,-261
