-96,-3264,15664,-816,262,-267
328,-3776,16184,-248,441,-429
-320,-3196,15368,-188,592,-530
-624,-3772,15776,-555,405,-542
-636,-3876,15864,102,-196,-142
-1340,-2240,13720,2236,2513,-72
-372,-4136,15656,236,1207,186
-116,-3728,15880,86,-75,-51
96,-2140,15612,-196,469,-715
452,-3140,15916,181,1444,-629
-1312,-4316,18148,6296,2343,-1069
-2252,-1876,14748,4446,735,222
-888,-1804,15056,-799,-730,209
172,-3864,18276,5836,2515,195
-872,-2296,15168,2558,-1973,1096
-268,-1096,15148,1226,-1125,427
-1004,-1352,18164,4196,-1845,1525
16,2696,15068,4228,-2808,2407
3108,6072,12368,-2066,2483,1963
2808,3924,11636,-8643,3415,1856
116,-3688,16780,-297,5431,67
-708,-4872,11280,-2606,5872,3407
-7216,-4240,22744,-1932,6365,5883
-4628,-1128,13372,-5399,5249,850
-2596,-3620,15500,-3985,498,2080
-3148,-3908,16000,-6259,2781,-1046
-4260,-4484,15056,-8856,2623,-1524
-6264,-4320,12220,-17369,1343,-2172
1648,-18060,14704,-32623,14012,-12099
-8396,-13900,15612,-15100,11522,-2687
-5404,-13092,8440,-12469,8261,-2518
-7056,-12036,11172,-12118,4004,-1115
-5268,-12496,9888,-9141,2809,-498
-3412,-12724,8308,-7311,3243,-4276
-3252,-10952,7888,-4055,11653,-3093
-2568,-12364,11048,-3093,10477,-6579
-4512,-11680,12188,291,13016,-7128
-4628,-10504,11896,1894,5637,-2397
-6980,-13120,12252,3647,-3898,-199
-5636,-8696,13612,4219,-2864,-326
-4932,-4544,6488,-510,-1018,-1447
-4260,-12512,12248,-128,-3055,-2255
-4804,-12536,14104,9063,-4015,1860
-3264,-7228,10812,9485,-5043,2957
-2228,-9720,11064,7167,-3190,1808
-3844,-12012,13596,9380,-6527,796
-3768,-6612,12496,9497,-5164,1107
-2972,-6684,11388,5441,-4539,884
-1800,-9576,14080,5212,-6911,1521
-2488,-6924,14580,6269,-4865,1456
-3068,-9956,15980,6742,-4241,687
-1140,-6588,12984,8119,-5472,470
