-1936,2380,15832,-1005,475,71
-2068,2028,16460,-659,-188,588
-1216,1808,15780,-182,782,380
-2496,3324,14584,-1037,2587,980
-1904,2088,15856,-1790,-661,675
-2224,3360,15460,-1265,-505,-20
-1960,5160,12736,-4741,1376,-1244
-724,1924,15776,-5364,-183,-1878
-972,2060,15728,-4827,1299,-2135
-2068,2476,14628,-7682,2825,-4977
-2352,840,12724,-19004,4952,-6127
-5676,-2916,17268,-6003,1076,-5211
-4220,-3144,14172,-11954,389,-4278
-3736,-6356,17912,-14224,3393,-260
-6252,-5972,16828,-4647,-1179,80
-3336,-7224,18720,-4157,-3826,34
-3252,-3996,14764,-5347,-1696,-767
-1292,-6168,14204,-8224,-1793,-1793
-3412,-6112,13432,-7448,-908,-4299
-2396,-5268,7192,-21227,-866,-6920
-23200,-32768,32767,-5890,18745,-9328
-6592,-16640,14728,-7822,12437,-4378
-1412,-14464,9212,-8114,1306,-2299
-2876,-14048,8956,-8667,5147,1139
-2164,-13184,9056,-4304,3423,1060
-3816,-14572,6036,-3265,4377,-143
-4036,-13928,9728,-2090,3079,-2787
-4760,-12176,9692,361,6602,-3759
-8416,-12784,18616,-73,5279,-5906
-2852,-12288,10812,83,10096,-12297
-168,-8240,11916,600,9873,-1890
-6284,-11492,16128,2443,17014,-2217
-540,-11012,9192,1504,4441,-4327
-2800,-10944,11504,1047,2477,-3470
-5340,-11864,13200,1636,-896,-2272
-2380,-10864,9788,7599,5914,2342
-5020,-9592,14884,12088,4433,6848
-8984,-13856,20540,10464,5665,7318
-6268,-11144,16740,21909,-6841,8408
-6216,-3484,7624,17436,-11404,10777
-2908,-2428,11384,10973,-10967,6507
-9340,-5652,16548,8375,-16834,9225
-316,-2712,15288,9021,-14527,5390
2116,-1616,13388,11715,-8591,6161
1816,160,11812,13854,-7360,5716
2316,-44,11228,-587,-2980,4389
-448,-5992,18532,4749,-331,5200
