-4128,-14464,6444,-548,-340,-232
-4016,-14324,6200,-186,-73,-178
-3964,-14544,6332,-348,-263,-130
-4124,-14364,6200,-291,-130,97
-4244,-14388,6344,-326,-70,168
-4016,-14516,6080,-543,-459,30
-4244,-14432,6396,-522,17,-12
-3932,-14424,6012,-337,446,-13
-4188,-14488,6048,-596,325,39
-3608,-14912,5204,-394,-561,-79
-5240,-15724,8224,-1162,931,51
-3640,-13640,5452,-4255,688,-691
-5484,-15440,3076,-7311,2398,-1537
-2796,-16156,2472,-10424,2697,-3776
-3344,-17108,3568,-12253,7434,-3159
-3572,-16132,1840,-14717,10283,-5827
-3136,-15816,2872,-15759,11383,-8331
-3260,-16828,4392,-6138,3175,-6742
-5164,-14724,7412,209,41,-1266
-4064,-15496,2712,2105,-1644,1433
-2488,-16964,800,1421,-1354,789
-2572,-16572,484,269,-543,403
-2416,-16188,260,-47,35,-174
-2860,-16456,376,-304,460,-803
-2624,-16368,1040,-474,244,-647
-2588,-16188,588,-352,95,-716
-2416,-16416,636,-110,6,-750
-2232,-16336,260,-314,17,-863
