-2208,-13104,9148,-106,37,-237
-1980,-13132,9196,-228,-83,-378
-1660,-13424,9124,-492,-67,-403
-1880,-13392,9036,-221,167,-129
-2208,-13248,9452,-172,-55,-375
-1800,-13112,9260,-195,43,-472
-1876,-12928,9156,-302,277,-11
-2052,-13256,9144,-301,375,226
-2236,-13612,9280,-363,55,-100
-1848,-13104,8880,-456,-31,-445
-1904,-13364,9176,-632,141,-104
-2068,-13084,9144,-172,364,138
-1836,-13216,9364,109,272,-223
-1864,-13036,9316,-253,31,-375
-1872,-13440,9172,-255,374,204
-2208,-13172,9060,269,548,190
-2164,-13372,9232,719,213,-112
-2188,-12968,9476,491,506,-35
-1868,-12716,9516,-406,375,40
-920,-13056,8912,-1066,2112,2265
-4760,-15924,8568,2255,4249,742
-4248,-14384,9420,3063,1161,-902
-3472,-13300,9788,5406,1256,-3410
2380,-20424,-2312,-1406,4567,-644
-2556,-13160,9616,267,2325,-1561
-2944,-13608,8396,965,2283,-1995
-3032,-13628,13544,1063,979,-2931
-1540,-10296,8104,-821,1595,-1523
-2824,-11296,10264,1678,1854,-1763
-2896,-12696,9192,-175,820,27
-2708,-9980,5400,-703,1693,1151
-3036,-13948,10896,1600,1676,-959
-3064,-13504,8980,745,1791,-576
-2480,-12296,9260,124,2301,-49
-3156,-13120,11840,2011,1356,-400
-3056,-10708,12512,1264,1886,-830
-3380,-13908,11500,458,1810,-667
-3468,-11264,9480,-1426,196,-1326
-3220,-11280,9948,-1121,162,-746
-2932,-11836,8660,-882,918,-385
-3472,-12164,10948,41,387,-917
-3000,-13728,13416,-413,507,305
-2540,-12048,1712,-1352,1389,1214
-4296,-9136,11156,-1511,-2395,-1962
-3136,-11696,11368,-148,-700,-1554
-2552,-10876,9116,-1535,-461,-134
-1612,-8312,12080,-1070,-2367,41
-2632,-11860,10300,-1280,39,-64
-2840,-12708,10296,-1803,123,-196
-2916,-12776,9812,-1040,-82,-517
-2488,-12472,9828,-341,-384,-462
-2504,-12368,9900,-130,-226,-123
-2536,-12456,10124,-557,151,135
-2200,-12264,10044,-621,-113,-143
-2588,-12372,10068,-629,-166,-246
-2124,-12492,9580,-740,188,36
-2688,-12544,9960,-443,-205,-291
