852,8728,12800,-1150,-86,-760
748,9000,13832,-231,-151,-116
440,8512,14072,-3197,-2139,-1107
1292,8444,14124,-2923,-1452,-925
1400,7588,15036,-4098,-1956,795
856,6496,15428,-11841,-4302,-2657
172,7168,14720,-7512,-3419,-3246
1612,7396,14404,-10451,-3678,-3808
764,3344,11980,-3430,470,-6572
1476,5316,12668,1637,6146,-7338
112,7312,13508,-475,2939,-4258
-28,7804,13140,7414,3677,-5881
544,6080,10440,6843,5804,-7741
-1208,10928,11772,5126,5476,-7786
-1400,7928,9948,8358,6841,-4132
-2044,15112,13928,13175,5940,-6629
-148,9260,10736,5637,3308,222
-5224,14272,11992,7120,5992,-1680
272,32767,32767,5664,14427,-4861
-6420,13176,14972,3343,1526,-2585
-3460,13244,9224,4719,3412,1577
-3884,12648,8912,3998,875,2530
-3008,13440,8648,4590,1513,4205
-3324,13708,8432,7361,3841,4560
-3120,13148,8160,7487,3189,6307
-1964,12292,6936,5681,5517,5462
-3348,13424,8324,4833,5115,5425
-3616,13660,7180,3320,7219,7789
-2416,12076,7956,2349,5937,5220
-2056,15080,7984,1140,4961,4027
-2644,14792,7844,-164,4069,5069
-4428,12596,10144,-1150,2880,4699
-2896,14560,8240,-1352,2384,4701
-1572,14532,8488,-2374,737,4413
-3532,11336,7024,-5199,-675,3171
-2376,12472,8636,-6542,125,2481
-2528,15652,10980,-8764,-1510,3866
-2124,4876,7496,-13520,-3985,1703
-580,11480,11824,-14399,-3815,-19
-1316,12508,9720,-10208,-6017,2304
-2400,11572,14900,-9902,-5823,694
-1000,9572,13376,-14474,-11038,-1163
1068,7080,10484,-12705,-8165,-1658
2676,7116,10056,-2485,-3534,-274
684,10176,13312,-2596,-2426,-811
1540,7944,10700,-4555,-3933,-1306
3736,8816,9516,-2923,-2664,-1016
7128,12424,13464,1237,1540,-2475
2464,10600,12244,-2993,-307,-828
3260,10276,11748,-823,428,-899
1276,10012,14408,-3045,177,159
2788,7796,12844,-1643,-625,546
3148,7144,13328,-39,783,333
