-224,-14652,7152,-14,465,-515
12,-14844,6824,-163,396,-571
-180,-14600,6832,-442,519,-134
-412,-14952,7004,-412,304,-454
-120,-14476,6600,-221,481,-35
-196,-14904,7212,230,176,-141
-196,-14740,7108,-508,107,-209
-392,-14696,7048,-1472,-20,-77
-296,-14740,6928,-1546,0,-146
-400,-14596,6764,-67,-106,15
-476,-15500,6272,676,-146,283
-308,-14676,6660,354,11,178
-504,-14872,7276,-211,-17,-183
-552,-15000,6900,564,140,-639
-356,-14308,6860,1296,216,-961
32,-15084,7424,2120,408,-1394
160,-14380,7016,2571,685,-1271
-160,-14664,7556,3369,753,-789
-496,-14536,7284,3945,1152,-723
-536,-14356,8044,4929,949,-2327
-1632,-14644,9072,6171,469,-3913
132,-14640,7588,9657,3035,-2773
268,-13360,9524,11145,3833,-3989
-60,-8936,6716,3122,6815,-2406
136,-16376,13008,1499,4517,-635
-700,-10780,11812,-2351,2684,-1855
-372,-11900,8976,-564,3407,-1798
-508,-13080,8912,271,3523,-1945
-436,-13332,12048,235,2464,-2523
60,-14200,11804,-216,2940,-982
-744,-13056,10708,-909,2097,-462
-84,-11008,10196,516,1347,-1421
-1540,-8444,9868,-1216,304,-2081
-432,-12408,9104,-1891,1584,644
-656,-12044,10020,-96,749,-83
-536,-12564,9212,-1706,1621,-255
-20,-13384,9536,-629,1337,-220
-692,-13024,11532,-859,-96,-420
-208,-13080,12828,399,1032,336
-912,-11120,8460,-2216,494,33
-1780,-12028,12712,-2316,139,-988
80,-14356,8476,269,1008,470
-1856,-12704,12480,-36,-213,-421
-1240,-9532,11436,-885,-49,-1237
-1160,-13872,12052,-44,1482,-14
-1212,-10780,10744,71,173,-184
-1236,-11744,10336,1196,797,635
-1020,-12580,10564,-1538,474,378
-1296,-12676,10244,-2096,318,-72
-1200,-12688,9748,-2387,-161,-1009
-1232,-13188,10328,-946,129,-1011
-688,-12604,9664,-964,124,-897
