1600,-14668,7052,-480,42,-6
1744,-14748,6740,-427,102,-12
1664,-14724,6908,-251,105,-61
1400,-14800,7120,-326,63,-185
1496,-14480,7052,-390,116,-146
1472,-14748,7092,-380,97,-194
1664,-14788,7096,-507,37,-160
1512,-14652,7000,-551,133,-188
1600,-14716,6808,-549,8,-311
1548,-14608,6980,-780,81,-283
1680,-14484,6916,-1302,115,-306
2672,-14784,6200,-2163,-194,-500
1932,-14728,7208,-3162,-39,114
-2036,-9416,15440,1260,2964,1837
2120,-14288,6888,1299,-2042,-283
1696,-13088,3420,-656,-2488,399
2620,-14168,6444,52,-1961,-58
1996,-14088,7340,312,-2033,460
2964,-13880,6356,-262,-1255,500
2420,-15968,6436,770,-1274,-708
916,-14840,7112,1731,-1131,403
2004,-14728,7132,155,-1500,55
1576,-15436,7976,803,-2759,-1175
1132,-15412,7848,1906,-2477,-146
2140,-12860,5552,-485,-1999,246
1348,-14924,8460,-747,-3199,-40
2684,-15604,7012,-769,-2288,-235
2284,-14268,6316,-1015,-1867,26
2916,-15132,7884,-251,-1881,-546
2552,-14068,5328,-760,-1826,-414
2500,-14272,6732,-1855,-1034,-379
3136,-17788,18172,2870,-1512,-1223
3940,-16568,4652,734,-581,133
772,-15524,6420,-742,-944,569
1848,-14972,5660,-418,-14,304
2164,-14848,6580,759,-110,-269
4068,-15380,4692,537,-648,-1089
2272,-11532,7220,-271,3734,378
2816,-15900,11224,-1513,138,-523
568,-18620,6732,2279,4108,301
440,-13768,8780,-2102,2551,-421
4068,-14240,8376,738,4580,-2231
2604,-11892,1948,-1486,4731,-838
948,-10356,4964,-1698,3622,-1083
2944,-16160,-680,-142,3344,-153
1456,-11716,10052,-2388,3130,-1037
1816,-18352,5740,527,2776,-274
796,-15548,2376,-3085,-296,844
2500,-11600,7008,-2087,-661,-1159
352,-10888,5232,-4704,-784,-946
4132,-9928,7408,-3099,25,-741
1228,-11200,10824,170,3079,12
-3524,-15496,11764,1694,-593,84
1088,-12524,7176,4163,1525,73
1736,-13804,8688,720,623,-467
2004,-14200,8032,-1141,132,-514
1744,-14348,7612,-1871,294,-703
1828,-14456,7432,-1986,281,-997
1804,-14532,7188,-1533,244,-841
2088,-14532,7096,-1024,73,-542
2176,-14472,7112,-659,324,-98
2064,-14380,7160,-342,147,270
1780,-14596,7292,260,124,439
1740,-14464,7112,267,60,178
2012,-14476,7504,499,-30,57
