1860,-14412,7496,-402,72,-395
1944,-14304,7504,-481,22,-145
1800,-14356,7448,-392,129,10
1776,-14624,7948,-350,21,-162
1864,-14192,7400,-239,69,-370
1684,-14420,7540,-359,185,-310
1964,-14288,7516,-378,131,-92
1700,-14440,7684,-451,68,-101
1856,-14364,7448,-748,63,-241
1976,-14332,7372,-920,154,-135
1856,-14280,7396,-1097,103,-267
1492,-14612,8260,-1748,111,-607
1688,-14476,8140,-2944,425,-830
1908,-14184,7100,-2733,-1211,-90
-1360,-14008,8548,2306,-1373,2041
1228,-14764,6548,2989,-1365,1255
1380,-14544,9256,4556,2545,1502
192,-12464,8004,2820,904,4470
2152,-11820,7992,1182,1240,4514
1464,-12248,8312,-634,272,975
-368,-14624,9544,-884,-934,272
-8,-13876,10260,39,-2758,1613
968,-14804,9736,247,-4520,740
1556,-14308,8272,622,-3425,-435
1460,-14036,8564,-329,-2328,203
2312,-14224,8068,-166,-1748,165
1544,-15556,7440,2472,-692,-1480
1500,-13376,6192,-313,-580,-442
1592,-14344,7740,-349,-1339,-717
660,-9424,9620,200,-968,-607
1160,-13176,6628,-1902,-446,52
1280,-14612,8472,-2793,-572,-631
1812,-15156,9000,-1335,-192,-54
1044,-14696,7128,-1658,-35,422
1684,-14312,7724,-1407,-720,31
1332,-14176,8244,-1021,-309,-305
1268,-14244,8120,-743,-523,-639
1272,-14064,7940,-404,-467,-876
1460,-14056,8048,-185,-342,-842
1740,-13972,8040,55,-375,-553
1680,-14140,7772,330,10,-266
1656,-14092,8196,731,-762,-822
1720,-13940,8552,780,-349,-999
1744,-13780,8152,671,146,-712
1716,-13928,8324,512,-137,-373
1992,-13712,8600,25,-2,170
1772,-13704,8756,-464,-123,92
1764,-13760,8496,-763,-108,-211
1948,-13844,8264,-737,-62,-113
1596,-13988,8272,-613,-81,-134
1688,-13900,8316,-502,-162,-446
1844,-13772,8164,-103,29,-358
1876,-13776,8504,322,187,-320
1568,-13860,8352,704,-243,-602
1436,-13976,8424,1282,-969,-1405
1336,-14284,8388,3144,-1645,-3002
2760,-15460,4816,-182,488,-431
440,-14324,7768,-1022,-139,1090
704,-14444,7112,-1635,537,745
-660,-13732,6052,-2094,517,1067
1112,-13400,8936,-1254,1402,1133
-260,-14104,8616,-270,676,858
-28,-14340,7928,-1727,2272,1895
5460,-14516,7156,-3898,4124,4073
-5460,-11548,14648,-3883,1199,6674
1348,-14380,12896,309,-295,185
4020,-10364,12724,8264,-1301,-5244
1868,-12688,9456,1578,1061,-153
1332,-13536,9356,-1621,970,2124
116,-13732,8412,-2349,1237,1737
-64,-13752,8484,-2178,1055,339
-144,-13896,8004,-1778,-96,-829
512,-13952,8392,-1152,-375,-790
600,-13876,8228,-640,-154,-301
836,-13852,8296,-287,-245,181
452,-13976,8288,-41,-13,384
480,-13984,8268,256,94,84
204,-13784,8524,207,149,-158
364,-13880,8592,245,110,-80
436,-13736,8836,-221,184,-60
456,-13908,8452,-307,232,-62
240,-13904,8332,-278,293,-365
308,-13824,8716,-312,149,-670
608,-13784,8704,-627,94,-491
356,-13820,8600,-659,131,-236
