1928,-8860,13220,-509,132,-131
1796,-9104,13116,-382,49,-118
2016,-9120,13164,-300,95,-157
1796,-8932,13168,-345,94,-102
1900,-8868,13124,-387,145,-45
1920,-8964,13012,-277,159,33
1664,-9148,13204,-238,353,-66
1696,-8888,13488,-301,-139,-240
1744,-8964,13392,-516,67,-187
1776,-8964,12988,-746,128,-115
1692,-8972,13100,-779,-61,-210
1844,-9068,12928,-746,63,-245
1892,-9160,13100,-639,-98,-217
1980,-9004,13092,-547,99,-31
1720,-9264,13072,-474,99,9
1564,-9016,13240,-461,-151,-176
1820,-9000,13256,-460,74,-45
1756,-9244,13240,-498,222,-80
1248,-9180,13300,-574,-159,-209
1736,-9108,13180,-733,-71,-114
1624,-9264,13192,-920,-18,-70
1764,-9208,13180,-889,120,-91
1812,-9268,13028,-687,241,-140
1988,-9296,12900,-460,191,-125
1584,-9428,13020,-84,505,-175
1560,-9484,12964,339,767,-465
1672,-9772,12916,692,1423,-627
896,-10448,12208,-1178,2828,-1172
1604,-9268,13080,-1750,1426,-457
1448,-9796,11936,-668,1822,-476
616,-9032,12660,-473,573,-583
936,-10628,13768,107,-138,-435
1132,-8952,12140,143,-14,-150
720,-9904,12048,1016,-398,-223
708,-9100,14356,192,-466,-100
1608,-9220,13092,-455,-91,-273
504,-9080,13484,-277,292,-423
1192,-9168,14088,145,722,-720
592,-9036,12628,-363,598,-366
1284,-7972,12808,-540,-182,-786
1620,-6740,12172,-1121,528,145
3268,-8296,14360,-549,840,-167
2836,-7896,12508,-23,1249,-284
2920,-7880,13396,559,673,-524
1728,-8260,13612,223,700,155
1440,-8728,13588,-728,686,659
1260,-9136,13244,-1374,402,483
612,-9004,13540,-1490,-106,-183
1392,-9048,13188,-1309,64,-538
1440,-9264,12928,-857,101,-205
1404,-9252,12984,-452,146,-11
1336,-9180,12996,-215,184,-7
