3048,5816,14556,-6815,-1035,-2284
-908,2272,13868,-4352,-790,-4230
3884,6996,15740,1314,-3376,-7571
4748,5776,13992,-74,-1349,-6553
2696,5812,13764,4387,3258,-5471
48,7188,17252,49,958,-4409
304,5944,14032,-274,2019,-4566
8,7044,14832,2726,3228,-6384
2144,8456,13912,584,5996,-6582
1996,7036,11776,-6304,9749,-4370
620,9456,13660,8698,8213,-3163
-2812,10844,15444,4304,7385,-2749
-1872,5604,10852,4260,4207,-2859
-6192,13848,16640,2457,-626,-3070
-3896,10244,12636,-146,1613,-4115
-3920,5888,10612,1667,390,-7584
-3084,10788,11800,7389,5365,-7140
3692,21884,18464,7660,14833,-8104
-4992,10560,11108,3183,8495,-1562
-5408,13432,11192,5228,5274,62
-6572,12780,11092,4085,2593,-83
-11020,12484,32767,3476,16008,-4052
-18572,32767,32767,3687,8699,-5622
-11192,11184,15452,-1498,-975,628
-5684,10548,10104,-203,310,9480
-4716,11868,9936,916,-994,6608
-3720,12056,10104,2025,1354,7088
-4564,13904,11120,3655,259,11503
-3732,9500,8716,4286,-1156,13432
-4388,9076,8632,5607,5221,5763
-5252,12988,11056,8177,5159,5575
-3936,13196,8356,5860,3012,6830
-4932,11488,9432,1398,1312,7717
-3160,12688,8716,-4320,-120,3881
-3276,14048,9848,-8891,-3053,4415
-3772,12952,9900,-12498,-5070,4873
-712,4012,7320,-7426,418,1745
-568,6876,8332,-4508,2297,-196
-4048,16072,9788,-8943,-4223,4046
1472,4500,3616,-11078,-6539,5974
1084,2668,9104,-1989,-163,316
188,13064,11344,-3167,1082,-65
-4104,14264,20292,-5945,1802,-526
588,1696,13052,-2404,-1074,890
884,10036,11316,-1037,-1423,320
-596,10700,12040,642,79,1327
-484,10820,12616,931,-236,2287
-476,11484,12432,394,-1164,2948
-2652,11080,13404,-1723,-4407,943
1524,12900,13288,-8488,-6634,883
992,8836,12456,-5161,-5535,1244
928,7656,12360,-1130,-4419,-380
1432,9148,12848,-1175,-5723,-2967
4216,11024,11672,208,-1767,-654
1536,8488,12632,445,-1383,-1130
