-264,-560,15972,-1173,419,-283
-1568,-1296,16856,-106,265,-239
-1652,-328,15744,-133,-148,-128
-1180,-652,15936,-1202,258,-205
-1660,-1660,16944,48,59,175
-884,-448,15480,1000,-1468,598
-352,744,15724,82,-342,181
-972,72,16980,1212,23,609
-500,-136,16904,4814,-1543,1010
-268,1272,15356,3194,725,-323
868,3316,14508,947,885,-39
-840,2632,16508,922,1635,251
-292,572,17000,3467,-199,-676
-1048,2052,15192,3951,470,-1524
-2000,4348,13104,6775,459,-417
-1092,3696,12012,992,2375,-713
-1224,1668,12536,-2784,4399,-2656
-2360,400,15156,7419,4691,-4951
-2428,2028,11664,-16973,-1546,-774
-1856,488,13876,-15057,-80,1462
-1332,-4204,17728,-14779,2775,-1948
-6424,-6400,21916,-23464,-5083,-3807
6604,-14044,-12636,-32768,21527,-19908
-1408,-16308,14176,-6830,13949,-6840
-5544,-11944,11064,-9035,3372,-2386
-3192,-12648,10004,-5654,3847,2127
-4332,-12524,11076,-3960,2677,121
-3872,-10744,12760,-2539,3044,2370
-4832,-11276,10952,-1250,3137,-1223
-3320,-8652,14504,252,9390,-1524
-9664,-8404,14636,-1237,3558,-362
-800,-7256,8880,3409,8886,-3430
-988,-8692,11964,2544,5947,-4427
-9208,-10180,19956,6108,866,-5567
-2732,-6528,12632,10040,840,-826
-8208,-12356,25372,25225,-908,975
-9796,-4992,14704,32767,-4230,9280
-6124,-1916,16804,31243,-9493,15508
-1904,-1260,12856,17736,-4421,12155
-4804,-872,16264,96,184,2565
-5628,644,15620,10836,-5544,4483
-2384,2636,12756,2029,-5621,3805
