700,-12064,10652,-271,130,-165
364,-12248,10592,-416,198,-11
492,-12088,10164,-503,-9,-240
464,-12136,10392,-523,-27,-430
524,-12220,10636,-689,-14,-395
1108,-12212,9192,-695,321,-258
396,-11720,11344,856,492,-97
380,-12220,11156,-1,977,-123
400,-12020,12152,-1364,-410,-609
400,-11804,9996,-3580,-1342,-391
796,-12104,10552,-3414,-1017,-16
-4396,-15464,32088,28325,-7877,-2320
-244,-11756,15580,6767,-1191,-317
252,-8024,13752,2670,753,650
1020,-8260,10408,1188,1583,738
-312,-11868,12364,376,1238,-429
-448,-10576,10324,-238,2133,2596
-8,-10468,11660,652,3615,3432
784,-11176,12476,-210,1529,923
828,-10040,11764,778,-1689,-945
1500,-9300,11020,-1003,291,-1012
908,-10432,11660,-1213,159,-1716
-832,-10580,13088,-2796,-2335,-1111
112,-10832,11416,-2497,-303,-506
52,-12980,12624,-3525,0,-486
396,-12576,11368,-4948,-1235,321
568,-13620,9692,-3333,-554,-1496
-920,-11584,10296,-6234,-294,-928
2020,-13240,9592,-7059,341,-1038
-472,-15960,16160,-4536,-280,-2447
796,-13124,9472,-3598,-1738,-2860
764,-11992,10308,-3728,-2163,-1759
2236,-13116,8616,-2368,-1870,-1112
1484,-13344,8972,-1077,-1517,-884
1616,-13136,9064,658,-1390,-1206
1172,-13160,9452,1434,-1660,-2006
-460,-14216,10848,677,-833,-1951
1008,-13388,8088,595,-2669,-1171
564,-13384,7980,-8,-436,801
280,-12908,5340,-2264,-1887,1955
972,-13472,9056,-2392,-544,2355
2228,-12380,7388,-47,2648,2744
2692,-13020,10008,1591,1477,75
3352,-14256,11568,2350,601,-244
3376,-10344,12992,1481,2681,546
4020,-9712,11692,608,506,432
2908,-8972,12048,386,1526,1310
180,-11384,12160,1039,1230,1361
380,-12460,10864,-1224,200,1300
536,-12604,10560,-1796,-124,523
588,-12636,9956,-1464,19,-268
768,-12596,10048,-1051,-32,-707
