1060,-15928,3832,-228,-94,-288
944,-15924,3716,-478,157,-69
1132,-15960,3656,-500,52,88
1024,-16360,3612,-319,20,-18
1044,-15924,3684,-340,112,-282
964,-15944,3696,-364,85,-411
860,-16108,3600,-396,48,-322
1012,-15916,3600,-364,-12,-81
904,-16052,3644,-507,82,-161
992,-15892,3500,-609,81,-265
1000,-16028,3660,-680,167,-326
884,-16048,3492,-444,4,-208
992,-16024,3724,-291,102,-157
1188,-15860,3512,-304,186,-112
1100,-15976,3640,-189,281,27
968,-16072,3684,-114,175,-35
1056,-16036,3916,-339,-52,-80
656,-16120,4040,-336,-266,-511
-4540,-14812,6700,2138,70,623
11432,-15720,-2672,932,-1277,-3165
1184,-16004,3900,1582,-651,-1517
792,-8588,-1336,4232,4030,-2643
1944,-22532,16416,-2941,-3933,1136
-2228,-11656,-9424,-4215,-861,3052
-900,-22984,-18424,-406,4474,1048
2292,-11480,17332,3172,317,-2340
12284,-30316,27792,10825,377,-3755
-364,-22324,3620,5066,2921,-148
4480,-8700,8716,113,-4891,-4470
17960,-31276,21028,12502,1258,-4795
-5484,-19056,3224,234,2763,737
-3560,-3748,2564,-4398,1955,2529
-5036,-5664,-24360,-7207,-1884,2400
4076,-9452,6884,1933,92,-2293
6060,-30284,16540,5242,3305,-2710
4,-10800,1680,963,2037,107
328,-15712,4560,-110,53,40
384,-15740,4236,-679,114,-190
532,-15840,4268,-1068,54,-367
576,-15840,4384,-1250,72,-328
416,-16016,3732,-1096,-249,-233
516,-15876,3836,-1151,23,-128
548,-15988,3932,-978,-65,-245
