-1268,-12644,9912,-328,14,-284
-1084,-12600,9996,-365,-34,-433
-988,-12580,9884,-591,198,-113
-1068,-12804,10036,-549,137,-272
-1016,-12620,9964,-313,108,-181
-1208,-12596,10200,-179,242,57
-1324,-12796,10056,-184,38,-265
-1292,-12624,10032,57,7,-504
-660,-12676,10224,-88,-211,-547
-1024,-12292,10448,-150,549,313
-1288,-12700,10104,-440,6,-121
-964,-12516,10092,-560,16,-171
-1160,-12456,10288,-256,287,-66
-200,-12508,8960,346,-46,-194
-844,-12368,10060,-134,221,-193
-1104,-12856,10184,-49,126,-322
-1108,-12756,9948,512,-151,-861
-1576,-12688,10644,313,665,-595
-1572,-12748,10908,2199,546,-1197
-968,-12420,10324,3000,-234,-1167
6272,-30880,-6072,-515,4295,5167
-392,-14404,9280,-3072,930,-1281
-664,-12724,9392,-3142,1235,-2069
-720,-14156,8816,-72,2672,-1818
-1012,-12180,8540,-608,2930,-2067
-872,-12108,8332,-795,2064,-2104
-956,-12740,11220,120,1936,-1413
-832,-11360,11308,-2126,1383,-1104
-2144,-12144,7760,-3282,1762,-1608
-1824,-14500,10248,-3027,1652,-457
-2140,-11952,9752,-3267,491,-1591
-1636,-12984,13120,-3179,882,-1006
-2048,-10868,10988,-1108,-364,-1693
-880,-11400,14804,2366,2001,-528
-908,-12452,9580,3308,1634,-249
-1032,-11024,10852,4201,2007,617
-1392,-12256,10920,1008,836,1244
-1784,-12584,10236,-364,408,481
-1576,-12468,10400,-1026,63,-161
-1668,-12632,10068,-1298,-234,-671
-1400,-12672,10168,-1265,-530,-1181
-1148,-12392,9892,-1204,-300,-689
-1336,-12784,10036,-495,88,-156
-1400,-12580,9920,-193,204,-75
-1272,-12684,9968,-212,303,-39
-1156,-12632,10040,148,144,-201
-1300,-12392,10008,140,180,47
