-60,-728,15832,-67,-131,206
332,-384,15488,-235,-606,587
156,-488,16920,-946,-1751,2061
1464,1492,14576,-1120,-55,1027
1628,144,16936,169,63,3144
1020,772,13348,-422,1767,1108
988,-1784,14664,-6798,4461,542
-436,-2692,18472,2561,4609,-376
-916,124,9956,-5360,1497,708
-392,-2588,15776,-12810,5389,-921
-1232,-4180,17260,-11565,3210,-2265
-1072,-4920,18840,-5252,1383,-1763
-1452,-2176,14476,-8118,3394,-1612
-3220,-5028,17772,-3622,-694,-525
-1604,-5132,16104,-1197,-187,307
-892,-4140,12772,-4301,-283,124
-1092,-1944,8232,-10167,2032,973
420,-10472,6920,-26913,-1436,-6622
-20788,-32768,32767,-2684,20026,-10821
-9952,-15876,20124,-7494,7764,-1847
-4412,-13600,9716,-8442,4426,-262
-1868,-12988,10460,-7217,5514,-1407
-1412,-14164,8240,-6870,9870,-1864
-4752,-11960,9188,-5860,9322,-4726
-1408,-11884,9536,-1322,10122,-2775
-5292,-11508,12992,688,5626,-4065
-4352,-6180,9312,-1112,1106,-10117
-15508,-10448,24232,-948,-4151,147
-5696,-12552,11100,-233,9193,-593
-1208,-8516,12648,3600,3604,5468
-4144,-11752,12016,1796,-1301,410
-11176,-14332,18480,4607,-3036,5818
-9216,-11824,16772,18921,-2342,4237
-6392,-10484,14804,20515,-10872,3297
-2508,-4880,11628,18177,-11220,1983
-1952,-2484,9328,16689,-12996,4323
-2600,-4132,13972,6497,-9694,4011
-2356,-3612,15224,5723,-9381,2753
-1380,-4792,16980,6635,-10141,3444
-928,-2736,14836,5229,-6966,3837
-2244,-2356,13872,5801,-6181,3219
220,-4788,14088,2195,-3500,3296
-632,-5820,15412,3362,-4382,2700
2120,-2900,13044,-1346,-2811,1986
-1424,-6028,16748,-2996,-171,2080
