1036,-15988,3848,-214,15,84
1364,-16008,3724,-184,42,-169
1260,-15972,3684,-281,-102,-221
1400,-16076,3764,-451,43,-88
1372,-15780,3696,-527,306,-70
1296,-16004,3648,-574,203,-261
1260,-16108,3752,-491,134,-481
1528,-15896,3720,-534,-22,-478
1328,-16028,3360,-508,92,-187
1432,-16084,3764,-332,-42,-77
1252,-16008,3600,-306,29,-210
1416,-16012,3680,-373,57,-363
1352,-15932,3596,-365,111,-217
1392,-15932,3828,-523,114,-109
1528,-15984,3672,-606,50,-112
1332,-15992,3672,-623,137,-163
1356,-15972,3672,-559,-28,-319
1536,-15884,3512,-420,75,-314
1344,-16004,3448,-454,98,-112
1456,-15920,3608,-415,51,37
1240,-16040,3520,-354,99,82
1476,-15936,3584,-255,105,-123
1428,-15924,3684,-215,79,-248
1304,-15948,3744,-278,199,-255
1212,-16104,3576,-289,168,-564
1464,-16044,3736,-196,-68,-770
1580,-15928,3740,-306,50,-424
1456,-15960,3692,-178,65,-75
1368,-16064,3676,22,177,174
1264,-16008,3592,269,63,123
1324,-15944,3908,638,252,32
1428,-15920,3768,1148,-85,-87
2168,-17576,3428,2655,487,-203
1524,-14076,1624,1620,549,-478
5808,-32388,19080,6407,6538,-2286
-796,-25080,15812,3906,6775,405
432,-12100,6560,-1685,2112,510
6136,-31216,21040,6518,5799,-1767
-2840,4808,-8596,-5188,1570,-1282
3168,-32768,7056,6003,5239,-362
-2972,2460,-9776,-4188,4907,-652
-4940,7132,-4708,-8707,-2946,339
348,-4096,15228,-8889,-1317,-112
-1408,-21276,-556,-350,2744,1306
4024,-11584,-1028,-3958,-3094,-4385
5224,-15908,9760,-2397,-2879,-2373
3756,-25692,-17212,6623,5480,2399
284,656,8724,-7144,-3637,-334
-1324,-2640,24640,6053,745,-1631
2544,-13696,-4608,-1669,-617,-1102
2588,-16140,4824,-100,-1646,-758
300,-15476,3136,60,2,190
868,-15876,4280,-1007,392,-169
