-1548,-12296,10568,-434,7,-314
-1212,-12528,10048,-551,7,-365
-1140,-12484,10372,-506,16,-319
-1316,-12444,10328,-693,-71,-326
-1444,-12508,10364,-352,166,-130
-1224,-12648,9708,-309,215,-12
-1396,-12524,10320,-582,156,-41
-1296,-12644,9956,-814,-6,-338
-1396,-12588,10364,-909,69,-200
-1268,-12456,10172,-972,-6,-234
-1288,-12532,10004,-768,235,32
-1472,-12812,9992,-377,406,262
-1632,-12552,10112,426,90,-277
-1260,-12640,10136,-48,469,161
-1376,-12408,10340,-300,597,176
-1544,-12484,10468,-703,61,-359
-1268,-12568,10080,-558,348,-113
-1768,-12920,9900,1413,333,-118
-1464,-12272,10252,2162,605,-271
-1748,-12328,10480,1422,190,-767
1156,-13592,4644,3817,1400,-287
-1972,-11524,12748,3870,1980,-1791
-472,-32768,17032,3791,7271,3406
-1252,-11432,10188,-2597,1076,-181
-1944,-13568,11436,-649,1268,-1362
-1968,-12556,13308,2776,2256,-2292
-620,-13164,11600,2020,3257,-1364
-2116,-12460,10440,2206,1710,-1311
-1700,-11848,11596,-283,2277,-760
-2320,-11040,11056,-1443,1715,-1300
-2152,-12020,12344,-2110,1742,-1054
-2260,-11532,11316,-337,623,-1421
-1992,-13044,10708,1342,610,-2603
-1476,-11992,11680,-934,217,-1699
-1708,-11196,9468,-564,-506,-790
-712,-12064,12256,-1818,-463,-732
-1084,-11960,9756,-1469,326,-540
-2076,-11916,12644,-967,-181,-1209
-1052,-11628,12316,42,1230,-157
-2468,-9960,11056,-1383,747,-755
-1456,-11056,10180,-703,388,-1153
-880,-10160,11664,-955,572,-992
-1000,-9384,12860,1681,418,86
-1920,-11388,11520,-836,226,534
-1724,-11924,10904,-2653,792,1040
-2324,-12508,10384,-1485,52,125
-1688,-12272,10504,-234,-666,-571
-1164,-11920,10580,113,-319,-278
-1100,-12120,10724,-30,-125,-176
-1420,-11680,10664,-48,378,340
-1744,-11900,10688,-379,243,205
-1944,-12044,10816,-2,221,244
-1880,-11868,10820,-194,30,-118
-1344,-11896,10692,-472,-353,-364
-1436,-11872,10600,-1368,26,-131
-1712,-12160,10688,-889,14,-96
