1712,-6524,14804,-279,507,-100
1628,-6332,14932,-800,156,-378
1764,-6408,14324,-1039,148,-307
2124,-6492,14232,-953,-161,-385
1884,-6600,14380,-816,27,-331
1916,-6572,14448,-659,162,-301
1492,-6840,14608,-377,89,-423
1832,-6472,14736,-458,26,-288
1740,-6408,14440,-460,214,-143
1740,-6720,14668,-520,35,-172
1776,-6664,14552,-868,-27,-204
1900,-6680,14420,-973,-22,-269
1592,-6620,14496,-702,63,-334
1704,-6656,14508,-665,-128,-172
1824,-6736,14648,-661,-130,-163
1928,-6732,14408,-573,-78,-56
1896,-6680,14452,-385,-137,198
1404,-6876,14776,-193,-220,399
2248,-3700,17148,642,1170,579
1712,-8240,12868,1893,815,693
1404,-6684,15680,166,1035,803
1780,-6868,14072,-228,229,235
1760,-7120,14104,-174,-126,-38
1572,-7864,14680,-2090,-21,-117
2148,-7620,14240,-3411,478,233
1536,-7552,13680,-3078,36,272
1252,-7692,14016,-1839,362,289
1468,-6748,14140,-1171,-260,169
2368,-7432,14252,-384,73,8
1724,-7708,14236,-438,306,-422
1752,-7196,13384,-710,-690,-628
1316,-7860,14768,-1085,-356,-1354
2200,-7332,13816,-1349,1324,-1239
1660,-6884,13624,-898,641,-982
1800,-6956,14752,-548,1387,-819
1328,-6836,14588,-634,984,-575
1356,-6336,14564,-1207,710,-684
1780,-6152,14732,-1033,329,-635
1468,-6040,14536,91,643,-437
1220,-6020,15016,769,626,-543
1224,-6172,15384,661,502,-572
1488,-6228,14800,-293,-59,-230
1448,-7236,14464,-2027,-94,-88
1304,-7288,14296,-2827,-68,-405
1532,-7480,14056,-2530,-275,-670
1976,-7652,13516,-1643,-255,-446
1692,-7980,13604,-691,515,-278
