2952,-17180,7404,1455,-804,-228
1280,-14812,7240,932,245,413
1388,-14716,7568,1147,751,365
1484,-14456,7856,693,863,129
1348,-14436,7216,503,233,-320
1544,-14248,7828,-9,255,-337
1416,-14100,7908,-449,35,-349
1600,-14368,7872,-751,-147,-141
1672,-14200,7396,-703,138,-205
1452,-14260,7644,-711,135,-356
1540,-14392,7736,-622,50,-440
1600,-14392,7632,-781,429,-338
1520,-14316,7556,-821,237,-291
1612,-14464,7528,-820,-79,-61
1560,-14444,7628,-828,116,25
1568,-14336,7576,-828,299,110
1680,-14348,7508,-928,158,9
1672,-14380,7544,-1168,444,319
1784,-14100,6808,-1437,1728,546
1388,-14608,7128,-1708,1615,356
1472,-14576,7080,-1903,2274,353
600,-14620,7500,-1942,3853,462
824,-14752,6512,-916,2091,-438
532,-14908,6592,617,171,-1904
1028,-14712,6676,2153,-63,-2407
-1800,-16544,9020,3197,563,-628
-1880,-13192,5912,-1618,-1706,3360
4376,-17324,7292,-609,1066,2165
-388,-12964,4528,-176,3797,827
644,-12112,4052,161,4255,708
3076,-11356,3704,2055,5100,-55
76,-15944,10028,1601,3132,-323
824,-15372,7104,-226,4841,236
-2128,-19416,10256,-718,-2213,-560
-3304,-7704,11404,-3450,3614,1519
1592,-3796,6804,-3171,-856,-451
-496,-15892,6100,563,1156,-1707
-64,-13804,8916,1814,1022,-177
-112,-14224,7732,-220,58,516
-436,-14388,7572,-879,131,593
-672,-14568,7416,-950,136,20
-580,-14480,7408,-811,351,-539
