3412,-10344,13200,-656,-635,-223
2444,-9764,13024,-81,-270,-478
1996,-9784,11984,-536,-571,188
2324,-9852,13316,-928,-140,8
2760,-9292,12520,-606,141,-298
2876,-7660,12180,-1058,-625,-255
2656,-9604,12488,-1365,-143,91
2848,-9612,12112,-1315,267,16
2700,-10316,12900,224,410,-338
1848,-9468,12632,-1420,-124,31
2040,-10092,12900,-525,101,532
2584,-9848,12016,68,-341,-22
1900,-9696,12832,-232,-248,539
2328,-9684,11948,-556,-155,233
1920,-9492,13876,-406,-631,375
2248,-9600,12768,-497,-46,175
2180,-9608,12152,-1394,116,161
2848,-10232,12868,-759,687,-273
1532,-9408,12724,-1214,-133,117
2744,-9596,12132,-1973,342,259
2308,-10780,11912,-2041,213,-161
2004,-9328,10416,-3512,336,556
3304,-16708,15040,2864,1275,-937
2148,-10200,12408,149,817,-113
2256,-10184,12340,-545,369,-40
2024,-10568,12084,-1180,-309,-9
1372,-11416,11880,-3072,1023,12
1592,-7136,12840,-3890,-72,171
1428,-9080,11240,-2493,328,103
2224,-12104,10384,-892,2406,-476
1344,-11788,11012,-3449,2994,-1084
1492,-11596,11812,-5436,1974,-1043
2388,-11524,10628,-6338,2093,-79
1180,-10676,11496,-4344,2426,-533
2328,-12392,10988,-3417,2409,-1032
1108,-11140,11180,-1998,1461,-1331
2016,-10188,11024,-1212,2738,-452
1044,-11336,11360,488,1169,-808
884,-9556,13632,328,695,-1075
1604,-10152,12456,487,819,-11
1508,-10236,12244,776,659,670
748,-11608,11712,48,517,712
896,-11812,11144,-933,340,-10
936,-11792,11152,-1258,135,-500
