-1692,-13188,9352,-150,242,-165
-1408,-13304,9480,-303,102,-419
-1464,-13376,9504,-254,234,-262
-1592,-13204,9260,219,154,-456
-1296,-12988,9556,-111,217,-351
-1384,-13108,9536,-276,201,-143
-1480,-12960,9432,-329,114,-248
-1472,-13256,9500,-404,97,-249
-1476,-13092,9396,-471,-41,-354
-1292,-13036,9560,-489,-34,-234
-1428,-13228,9500,-448,81,-205
-1496,-13108,9476,-151,186,-169
-1472,-13020,9540,-298,201,-66
-1548,-13236,9424,-494,30,-234
-1280,-13180,9168,-313,124,-226
-1452,-13160,9508,-347,211,-21
-1444,-13284,9364,-194,-217,-491
-1200,-13452,8684,525,401,-399
-1140,-13092,9336,405,-147,-96
-1532,-13180,9496,423,56,132
-1600,-13204,9544,113,217,-15
-1336,-12840,9756,180,129,-623
-1704,-13708,8940,2443,2187,-585
-1348,-13112,9692,2149,1239,-1040
-1432,-12316,9196,1006,3399,-1185
-856,-13476,9924,-345,1089,-590
-1064,-12456,8876,-959,589,-456
-692,-14748,9908,-324,1485,-573
-1652,-12876,10180,-870,587,-468
-1896,-13056,10672,-339,568,-659
-1756,-12848,11312,177,989,-653
-1448,-13056,10368,-184,1003,-493
-1324,-13076,11136,433,409,-712
-1968,-12716,11000,144,837,-338
-1220,-12900,8908,-808,457,-194
-1956,-12936,10356,-916,371,81
-2296,-11860,12316,82,164,-383
-1528,-11756,9476,-711,-197,-363
-1360,-13712,10184,-178,261,-444
-1960,-12652,9428,-452,154,-606
-1356,-13316,7556,-1333,674,-265
-2148,-12220,10960,-816,-726,-875
-740,-13824,10468,-181,357,-721
-1872,-13096,9164,-460,1285,345
-1528,-13288,6676,-518,1610,790
-2300,-11796,10564,-847,-256,-297
-1264,-13284,8796,-991,996,-386
-1240,-13360,9764,157,323,-117
-2732,-12124,9432,-416,-196,-382
-1476,-13492,11316,-164,772,-177
-2036,-12980,9812,-182,685,421
-1628,-12676,8404,-1302,-448,59
-1648,-14248,10108,-43,1210,431
-1864,-13400,10584,-1164,86,-418
-1560,-12640,11464,73,1163,582
-1952,-13296,10792,-480,4,-339
-1960,-11808,9556,-4,446,-520
-1868,-13276,10020,-361,549,-373
-1976,-11492,11956,-814,631,52
-1668,-12664,9216,-1449,79,-171
-2236,-12400,9636,-1093,162,237
-1984,-12196,9956,-274,424,760
-2192,-12976,9828,-1444,236,44
-2080,-12952,9304,-1826,-357,-746
-2012,-13004,9204,-1771,-5,-524
-1944,-13224,9064,-1134,-109,-359
-1860,-13240,9296,-369,86,-396
-2208,-13384,9532,-107,260,-311
-1836,-13004,9112,-369,-54,-356
-1788,-13040,9364,-461,78,-435
-1964,-13132,9292,-469,230,-196
-1976,-13220,9108,-172,50,-255
-2172,-13084,9352,-265,25,-347
-1892,-13184,9340,-492,234,-146
-1924,-13116,9296,-452,247,-150
