-1684,-12464,10020,-43,-75,-413
-1260,-12448,10140,-347,-51,-300
-1476,-12576,10284,-294,103,-274
-1864,-12440,10232,-359,286,-17
-1848,-12500,10216,-328,317,107
-1932,-12544,10216,-392,135,-235
-1476,-12536,10144,-508,67,-384
-1500,-12476,9988,-393,187,-138
-1524,-12652,10124,-720,110,-76
-1736,-12596,10148,-504,219,-26
-2028,-12448,10332,-142,104,-77
-1928,-12376,10168,-398,-21,-127
-1644,-12608,10056,-470,-69,-362
-1652,-12572,10120,-315,-36,-342
-1524,-12524,10084,405,118,111
-1600,-12372,10236,409,355,759
-1856,-12216,10144,168,486,1166
-1848,-12952,9932,-40,72,1300
-2300,-12316,10480,720,613,-161
-1700,-12188,10212,-820,55,-538
-1900,-12668,10232,-111,462,-146
-2196,-12284,10216,-47,-773,530
-2724,-11788,10472,1109,-157,591
-1660,-12444,9968,2056,2238,-338
-3028,-16724,11392,-112,-1864,-1724
-2436,-12160,10552,-1887,1666,-732
-2800,-11840,10540,-86,528,-1175
-2588,-12716,10200,374,508,-1076
-2936,-12408,11084,-679,832,-891
-2920,-11912,11824,-645,959,197
-2120,-11272,9896,-1718,-657,-180
-1072,-12612,9120,-1874,-2725,92
-1784,-13928,10472,-1609,-2224,-772
-1940,-12500,8748,-1909,-1326,-224
-1596,-13056,10484,-1567,-786,-4
-1188,-12936,9128,-1527,105,-817
-1476,-12476,9060,-1928,171,-1292
-1412,-12708,9404,216,2148,-389
-2028,-13368,10548,-337,1150,-864
-1352,-12232,7796,-2197,110,-870
-3112,-10276,10136,-1941,64,-1104
-1136,-12516,9060,513,1458,297
-2068,-11244,9620,92,1020,-977
-2980,-10516,11380,249,724,-820
-2036,-12320,11488,-201,321,-237
-2508,-11532,11784,746,272,-183
-2476,-10512,10984,998,351,-194
-1820,-11920,10528,-1168,50,-414
-2044,-12696,10124,-2388,99,-540
-1904,-12728,9712,-1871,-414,-462
-1676,-12804,9612,-979,62,276
-1848,-12908,9684,191,816,599
-2344,-12984,10192,-45,183,-271
-1740,-12600,9772,-619,-119,-461
-2008,-12616,9732,-544,313,-46
-1944,-12732,9892,-385,359,50
-2384,-12736,9740,-136,455,-4
-2076,-12580,10068,-115,-222,-409
-2032,-12584,9972,-361,-285,-475
-1692,-12460,9728,-439,74,-198
