948,-11668,11160,-494,207,-211
940,-11668,10956,-533,17,-347
1120,-11464,10960,-575,190,-334
1180,-11504,10840,-454,23,-341
992,-11676,11356,-558,-5,-279
1128,-11520,11112,-593,50,-190
1048,-11480,11228,-683,233,-230
1172,-11588,11292,-1022,112,-72
1900,-10932,8688,408,579,566
732,-11520,12084,-819,1607,904
796,-11264,12168,-2089,-358,683
848,-11808,10944,-3025,497,964
300,-12500,11064,-1014,-145,214
7156,-6376,-11588,16334,-2836,1916
568,-8720,8396,5051,-1635,1341
1036,-9584,13048,2447,-901,785
804,-8252,12112,1812,-643,544
1116,-9308,12720,1944,-1821,297
992,-8780,12868,708,-1308,481
1696,-9492,13900,-656,-1803,71
184,-9828,13800,214,-2082,216
1368,-9916,12880,667,-2017,13
924,-8368,12164,-610,-2045,682
1652,-9144,12864,-1085,-1609,789
1248,-9496,12732,-845,-1250,173
1784,-9628,12172,-1532,-1173,378
1556,-10160,12624,-2087,-1513,236
1496,-10496,12572,-1283,-1396,746
1572,-10120,11684,-2172,-541,723
1536,-11180,13308,-1880,-1301,856
1816,-10584,11116,-991,-449,694
1464,-10316,11136,-2851,16,387
2820,-13512,16516,-1411,672,137
1968,-11536,11992,-415,410,-38
1780,-10376,11844,-1499,683,435
1400,-10584,12900,-2286,-403,326
1396,-10200,12204,-1665,-252,108
1512,-10652,11852,-689,-7,-212
1672,-10708,11868,-268,-35,-118
1528,-10820,11636,508,577,20
1708,-10776,11604,1507,1039,211
1384,-11236,11524,2221,1557,17
1752,-11328,11412,-1424,1608,-1065
1572,-11148,10676,-4115,2294,-1111
1812,-12748,9936,-3214,3022,-1163
772,-11252,10288,89,4381,-1774
1196,-10180,11920,147,3910,-1900
1732,-11704,10700,-1071,3345,-1144
1328,-10224,12556,-1021,3288,-402
904,-11712,11456,-356,3800,-893
-384,-10852,13260,-492,2902,-1238
-132,-8420,14804,-1205,1470,-1505
-248,-10196,12400,-1875,1780,-923
760,-11696,9784,-388,1730,-831
140,-9000,13072,924,1108,-583
80,-9700,12916,1192,767,152
-296,-10572,12576,11,384,16
-88,-10744,12312,-1509,-111,-590
248,-10792,12148,-2255,193,-817
28,-10996,11636,-2315,-18,-952
152,-11124,11628,-1578,-264,-734
452,-11184,11628,-636,189,-255
260,-11120,11660,-17,69,-46
424,-11028,11540,363,194,319
204,-11064,11872,515,129,408
