1224,12876,9500,-435,-72,-279
1452,12776,9684,-328,-168,-39
1428,13284,9704,-396,-48,-86
1744,13124,9368,-133,-271,-44
1016,12992,9856,-117,-136,-217
1192,12916,9648,12,32,59
1188,12792,9696,189,-315,257
-956,16452,12992,-6441,-5859,536
2940,10608,7304,-8760,-11962,1630
-1064,7860,14632,-4568,-5165,-83
3808,9560,11920,-15072,-6945,-4139
5936,9564,12976,-3370,-2922,-2174
2400,10288,14464,-1892,-2275,-793
1864,7084,12592,-1234,-3419,-3771
2628,8732,10396,433,-852,-3849
3056,10244,9472,3363,2148,-3919
2668,12784,9688,2574,3246,-4453
2308,14752,8564,2244,3788,-4276
3464,10136,5712,9659,5081,-3037
2868,13776,5980,7691,3531,-4577
52,9932,3476,13537,3371,-6716
7124,18788,5808,-1518,1514,-4570
-956,15768,8224,3879,4374,-907
1404,12856,5576,6644,3131,3585
1640,16920,7024,7744,7743,1004
2592,17380,4252,5302,5223,3066
660,15272,4696,4447,7112,2231
-3584,14320,10044,575,7388,1108
-1004,14400,9456,1000,320,3110
1628,13676,6648,289,-604,1522
-1208,12368,8580,-1463,-763,506
296,11960,9128,-1423,-1603,604
-280,12956,10584,-2107,-168,636
-504,12760,10628,-1675,354,1343
-1144,12444,10448,-2109,1736,804
