-1084,-14068,7860,996,269,2650
-1708,-14048,8136,1766,957,1636
-1484,-13752,8660,370,511,984
-1548,-14144,8416,-407,171,405
-1540,-14148,8396,100,352,-685
-1696,-13940,8108,-614,537,-983
-1392,-14012,8388,-684,479,-934
-1284,-13940,8308,-703,442,-754
-1268,-14276,8320,-397,424,-414
-1280,-13816,8224,-528,271,-16
-1404,-14032,8044,-513,104,-91
-1416,-14024,8268,-456,19,-72
-1316,-13976,8208,-375,12,-258
-1404,-14044,8120,-88,45,-772
-1248,-13948,8088,-479,55,-275
-1216,-13840,8220,-515,10,199
-1440,-14016,8012,-75,-7,-103
-1208,-13976,8152,86,-141,-408
-1332,-13988,8056,302,-198,-56
-1496,-14272,7888,989,-143,-220
-1184,-14140,8028,2174,67,-311
-1456,-14148,8160,3323,777,-330
-1500,-13760,8700,4339,1696,-601
-904,-13964,7944,5535,5124,-1000
-3168,-19052,11768,1356,-2241,-1129
-1148,-15228,9792,1643,1494,-1307
-1620,-13020,6152,-1647,2211,-818
-1396,-14780,10632,637,1762,-1459
-1808,-11580,8228,-1028,1422,-2840
-1896,-13352,11396,216,2077,-2768
-1172,-14200,10968,2335,2522,-2449
-1852,-13244,9152,-840,2786,-2086
-1156,-14016,5184,-808,3159,-1795
-2544,-11496,9020,-1558,619,-2367
-1204,-14420,7884,117,1503,-876
-1976,-12448,10400,-2278,812,-2228
-488,-13624,8676,-1835,855,-689
-1308,-13952,10344,-1843,762,-832
-1336,-12804,10340,-2441,1096,-594
-2408,-10628,11372,-1626,50,-891
-1068,-13520,10624,-1170,1403,-971
-1728,-12432,9664,-270,921,-1403
-1764,-12652,11044,1985,925,-735
-1516,-12752,9372,1857,-125,-680
-1400,-13180,9696,-772,-205,-1217
-1300,-13300,9300,-1881,598,-771
-1360,-13372,9152,-2281,425,-456
-1208,-13544,8992,-2341,76,-348
-1296,-13676,8536,-1304,164,-292
-1268,-13804,8724,-446,201,-157
-1392,-13728,8668,75,106,194
-1240,-13632,8860,50,231,293
-1200,-13528,8772,49,239,279
-1488,-13556,8844,-44,141,75
-1800,-13604,8952,44,187,25
-1432,-13488,8664,326,127,161
-1452,-13484,8896,253,190,-61
-1336,-13404,8840,266,208,325
-1504,-13384,9120,-342,376,221
-1208,-13396,8456,-902,-15,-240
-952,-13304,8592,-1122,-242,-761
-1468,-13148,8620,-612,-104,-672
-1704,-13816,9056,76,-49,-368
-1304,-13452,8848,332,110,-89
-1340,-13384,8884,319,400,251
