1176,9584,14436,-3413,-1017,-438
724,6660,13260,-3843,-2462,-1893
1172,8120,13792,-3757,-694,-3256
1468,7596,14672,-9469,-2399,-5391
2816,6988,13348,-5237,-2419,-6713
2268,8068,13256,351,2315,-6043
3424,8368,12796,-3238,932,-6155
1536,8228,13848,-2264,1153,-4724
796,8304,13788,-594,843,-5317
1100,7488,13020,-1287,885,-5173
2680,7608,10980,1453,3790,-6579
1172,10440,12560,1765,5016,-5511
188,10024,12360,3002,2859,-2868
868,10564,9824,5674,1272,-4259
-144,12216,12028,3611,5401,-2292
-1584,9512,11944,1870,4304,-523
-3104,8300,14672,5299,3223,-3150
-1544,11532,14672,1246,1274,-741
-1432,8216,11992,1795,595,630
-260,8280,11136,6059,2663,-505
-1148,10028,10544,9045,5725,34
-4108,29424,29736,-2511,15940,-5632
-3728,11932,11408,4455,4948,763
-4100,15796,12180,5629,6597,807
-2400,13536,7772,5007,1916,3282
-2520,14680,7024,4934,2896,4391
-2080,14100,7544,5341,3450,5560
-1596,14116,8044,4427,5575,4735
-3484,13556,9988,5533,5109,5318
-696,11128,9124,2589,4758,4552
-3336,15752,9184,2517,2788,3191
-2084,14688,8064,-1758,1792,5725
-3540,13068,8292,-5378,1870,4226
-2284,11288,7388,-6063,1063,2420
-2868,13680,9740,-6606,2407,347
-3216,11924,9984,-6757,1022,273
-1920,14112,9888,-5536,217,340
-2836,13296,11064,-5065,1760,-440
-2588,12020,10596,-6257,-276,1497
-832,10016,10372,-5381,-645,1848
-2544,10356,11264,-2224,2354,141
-2148,11552,11248,-1851,951,660
-1500,11920,11824,-2098,-443,1094
-2408,14196,12184,-1491,-1401,456
-1320,11480,11256,-2023,-1688,393
-960,11864,10584,-1858,-1714,117
-2024,12424,11212,-2800,-1455,188
-2612,12104,12144,-5686,-5296,534
752,10604,12208,-3758,-5412,1067
612,11908,14228,-7686,-3684,517
-1228,8604,13344,-6941,-4573,130
-1736,7448,13456,-5645,-6856,-1745
-72,9472,12216,-1768,-2092,-2470
684,10724,13028,-1511,-3073,-253
628,9236,12488,-1296,-2548,-177
1268,9024,11400,-1966,-2894,-134
