2204,11456,10892,-194,8,-89
1800,11244,10936,-202,335,-584
1808,11804,11080,21,-195,-654
2640,11556,11232,629,-10,-1237
1568,12316,12868,534,146,-3655
2096,11560,11184,-3814,-4289,-4494
1308,11288,11600,314,-2971,-3335
-4424,8548,20288,4730,12251,-5801
1212,9260,13376,-7438,-2259,-3362
896,8948,13632,-4639,-2973,-3063
1080,6704,11292,-593,-1380,-3327
420,8228,10680,-594,956,-6063
1316,15156,11748,1141,2370,-4882
92,10524,10160,-2792,-678,-2025
1116,10216,8516,246,1901,-4662
2152,11984,7944,6683,3309,-2816
1608,11980,7660,6356,4475,-3351
1356,12116,5948,9061,1884,-3507
6088,22508,11952,8321,9194,-6149
-3620,22528,12616,3268,5381,1719
448,12336,6376,6094,391,4358
1196,12436,5380,2178,3141,2226
-1428,15604,7696,7941,4258,4311
-40,15336,7468,7817,1901,6950
1036,14424,7076,6637,5008,5282
332,15000,7884,1919,3146,1504
-404,13752,7124,-367,9,2235
-2296,15760,10384,-3456,562,2238
224,13804,9336,-5477,-2273,2143
-340,12048,9428,-5679,-1532,2039
-1060,11912,11896,-4693,-1456,1062
-1128,10456,10904,-2979,-1716,2028
-52,10828,11304,-1884,690,769
-448,9928,11244,-2117,635,450
-332,13032,11764,-1196,-323,-104
