-2392,-9652,12248,301,-3285,-124
-2300,-10588,12460,-236,842,-1483
-3284,-10620,12576,567,-15,-629
-2972,-9664,12168,70,-307,-221
-3392,-9144,11824,-260,-139,-666
-2976,-9452,11416,-742,63,-198
-3116,-9388,10776,-215,-233,-189
-2844,-11016,12196,-875,-453,723
-2444,-10820,12276,220,-682,-39
-3588,-10536,10700,222,1775,973
-1352,-9628,9536,-2017,-2754,-296
-980,-11228,12760,-5760,1748,-7542
3532,-7120,3184,3013,-2346,750
-4084,-9672,9376,-1217,2436,-7861
-3240,-12284,11420,-4207,-5902,-3835
-1236,-11184,11752,-4273,-2454,227
-1092,-11432,10420,-5988,-4670,2431
-1260,-13060,11680,-5398,-5046,2688
2844,-11168,10020,-6277,-4815,1274
-2708,-10604,11716,-5779,-5781,1757
-1592,-13108,12144,-1785,-4407,1018
1032,-11524,9512,-4137,8425,-20
-3152,-11960,11032,-4683,7058,-543
-564,-12220,8808,-623,4998,-1305
-2368,-12884,10088,-561,4904,-3235
-1488,-12244,11276,940,909,-809
-712,-12396,10984,499,951,-1865
-608,-12268,10284,546,-1136,-557
-732,-12948,10568,-1200,-950,601
-964,-13032,9668,-1291,457,1220
-804,-12440,9888,-1412,649,1865
-1108,-13828,10192,-1030,3750,2877
-2628,-13812,12116,2924,4430,5562
-4144,-13540,11836,9141,-2015,3031
