-1664,-13472,9312,-137,39,-408
-1328,-13248,9132,-681,-60,-316
-1356,-13368,9080,-709,133,-115
-1388,-13432,9064,-256,77,-232
-1432,-13148,8948,-284,130,-110
-1612,-13540,9100,-286,42,-307
-1572,-13160,9100,-600,81,-113
-1648,-13448,9056,-731,30,-97
-1512,-13320,9016,-549,68,-126
-1448,-13264,8976,-515,94,-279
-1276,-13420,9244,-194,-23,-464
-1520,-13356,8932,-292,329,134
-1872,-13688,9132,-290,31,-332
-1440,-13344,8880,-18,-107,-558
-1160,-13308,9660,-107,958,786
-1824,-13032,9268,-1461,288,434
-1836,-13728,8904,-1924,127,157
-1636,-13412,8860,-1361,-119,-652
-1616,-13476,8860,-708,-251,-965
-1684,-13104,8400,-609,150,-291
-1340,-13632,7896,724,410,-523
-1572,-13528,8588,1595,549,-1136
-1332,-13444,8892,1802,642,-1247
-1452,-13564,8828,2999,1095,-1442
-1140,-13236,9080,4902,2755,-1609
-2380,-13304,9856,3663,3891,-1702
-1552,-11996,8716,-2728,629,-1334
-1632,-13720,9412,-1411,1167,-1816
-880,-13804,7408,-2274,1381,-2284
-1160,-13772,8416,-140,1915,-1163
-1044,-14416,9564,1295,2917,-222
-768,-13860,8580,1731,2587,280
-1760,-13748,12224,1242,1814,-133
-1752,-12848,9304,-729,1297,-604
-1480,-13628,10304,-1075,1436,-844
-1356,-14496,9552,-997,2457,-447
-2108,-14732,7776,-959,725,-317
-2156,-12256,7256,-2005,524,-713
-2260,-11728,10332,-436,192,-157
-1532,-12560,8488,978,1717,452
-2348,-12808,9504,1032,409,-562
-1312,-11332,10272,3327,1133,-607
-1520,-12336,10012,-1718,383,-425
-2116,-13092,9648,-3775,108,-579
-2224,-13256,9388,-3459,-289,-1223
-1964,-13592,8848,-3417,-346,-1387
-1384,-13744,8560,-2988,-737,-703
-1328,-13728,8716,-1434,-516,-615
-1404,-13708,8572,-382,-176,-761
-1444,-13620,8728,-243,268,-2
-1540,-13600,8580,-235,451,234
-1580,-13556,8312,32,332,174
-1768,-13572,8656,182,282,45
-1676,-13508,8792,-214,252,168
-1748,-13704,8812,-456,265,262
-1708,-13480,9024,-477,-177,-527
-1472,-13360,8768,-949,-350,-692
-1520,-13524,8868,-1111,-2,-439
-1652,-13688,8740,-1151,-141,-463
-1416,-13884,8488,-730,2,-390
-1308,-13676,8412,-557,51,-334
-1448,-13688,8752,-704,65,-285
-1292,-13436,8524,-495,82,-80
-1376,-13732,8504,-412,386,320
-1984,-13736,8688,-369,333,469
-1960,-13856,8816,105,293,23
