-904,-11960,10884,-28,376,74
-1048,-11952,10828,-118,246,-64
-1140,-11896,10944,41,141,-199
-724,-12024,10780,-231,106,-279
-1012,-12060,10760,-742,-1,-207
-1152,-12024,10876,-510,245,-17
-1088,-12100,10696,-761,-76,-188
-912,-12016,10816,-580,-106,-390
-696,-12096,10896,-556,224,-200
-988,-11944,10504,-1046,-115,-361
-896,-11992,10652,-508,175,-110
-924,-12116,10368,-30,273,98
-1096,-12052,10768,-458,-22,-132
-944,-12080,10848,-364,141,-261
-756,-12024,10584,-605,101,-268
-848,-12012,10640,-930,105,-218
-1044,-12256,10816,-645,219,-32
-1076,-12232,10620,52,474,173
-1316,-12148,10456,183,212,-161
-740,-11852,10780,419,-16,-501
-764,-11928,10848,4,351,17
-1840,-11636,11108,57,344,-531
-1288,-11760,10892,42,-468,-798
-928,-12212,10032,-52,-168,-114
-2196,-11040,11972,-182,-497,-340
-892,-11712,10964,1570,52,-1360
-508,-11076,11496,1830,-2447,-1843
-4120,-9876,12608,-2911,2613,-2140
-2220,-10800,12580,-948,1746,-2637
-2256,-9752,10768,-827,1020,-2692
-868,-11820,10576,1797,2776,-1431
-264,-12280,12032,547,1405,-1727
-1448,-10676,11696,-1077,2530,-1533
-1164,-11364,11828,-956,1020,-374
-1148,-11296,9832,-2245,1478,-108
-760,-11992,9428,-47,2260,362
-1588,-9112,11508,-2961,93,-1297
-1604,-11788,12064,-1103,691,-775
-892,-12680,8936,97,792,-408
-1536,-10212,8840,-1146,537,-336
-1640,-12832,11152,55,-443,231
-1288,-10872,11312,-788,-168,-375
-1992,-11536,14356,-657,-117,-112
-2044,-10888,12412,-1476,24,-653
-1936,-10788,10064,-1090,-684,-773
-2124,-9724,11388,-40,374,-688
-876,-13280,11404,498,562,-434
-1520,-10368,12996,413,248,-194
-1324,-11148,10188,-1063,81,-282
-1784,-10532,12096,-286,-45,521
-1692,-11568,11436,-1534,358,136
-1964,-11972,10992,-1369,-149,-422
-1452,-11888,10808,-816,-119,-613
-1708,-11896,10900,-590,177,-118
-1668,-11932,10964,-764,350,-46
-1476,-11868,10756,-853,252,11
-1752,-11872,10940,-225,-4,-129
-1348,-11724,10588,-237,68,-32
-1740,-12020,11264,259,239,111
-1728,-11740,10920,-464,74,-79
-1508,-11868,10856,-949,-320,-378
-1196,-11952,10784,-1052,3,-295
-1796,-11832,10848,-356,375,17
-1524,-11744,11128,455,-1,-171
-1524,-11768,11204,51,-24,-364
