-1816,-12512,9900,-164,116,-295
-1976,-12652,10060,-597,-5,-235
-1860,-12748,9932,-643,-103,-388
-1692,-12772,9672,-664,1,-317
-1720,-12784,9744,-563,84,-180
-1912,-12776,9796,-356,123,-229
-1844,-12712,9656,-223,148,-200
-1808,-12684,9676,-298,175,-208
-1832,-12908,9904,-479,3,-356
-1780,-12724,9808,-357,113,-196
-1792,-12780,10004,-244,154,-194
-1976,-12948,9852,-458,-54,-481
-1912,-12832,9812,-397,206,-83
-1992,-12824,9900,-280,219,-117
-1964,-12776,9920,-411,-58,-351
-1756,-12792,9868,-403,227,-99
-1728,-12768,9832,-279,93,-300
-1584,-12672,9876,15,152,-221
-2072,-12680,10008,-82,318,-38
-1840,-12640,9912,-215,266,-166
-1932,-12744,9932,-167,103,-341
-1768,-12676,9808,-145,264,-280
-1972,-12728,9772,108,243,-310
-1976,-12688,10104,441,-29,-695
-2140,-12476,10080,223,-55,-500
-892,-12696,8580,1074,1478,179
-2300,-12528,10932,467,831,-386
-972,-12604,9268,591,579,-440
-1432,-12964,8644,1933,1183,-917
-2016,-13252,10236,1742,1900,-916
-1032,-15400,8612,-2074,-2103,-600
-2320,-12884,9144,-1208,652,-1422
-1716,-12808,8420,-384,1747,-1128
-2004,-12176,10008,-141,750,-323
-2804,-11984,12556,-216,213,-725
-2188,-11824,9876,-434,-42,-465
-2244,-11984,11176,57,562,-392
-2524,-10696,11848,-942,25,-979
-1376,-13724,9632,158,962,-139
-1444,-12124,9036,206,1744,583
-2488,-12528,11188,-430,745,-319
-2516,-11252,11812,112,831,-751
-1656,-13472,7712,528,1706,-342
-980,-12960,10732,250,1054,84
-2108,-11980,12468,-60,866,390
-1740,-12940,8684,-4,683,95
-1760,-11608,9216,-1210,952,-243
-1840,-12544,8660,-826,738,110
-3012,-11164,10736,-1202,-188,-254
-2144,-12180,11216,-733,814,331
-2076,-13412,9416,-327,612,-132
-1496,-13036,9856,-1114,960,-383
-2484,-11160,11564,-2270,21,-953
-2016,-11240,11444,-581,687,311
-2544,-12468,10664,-908,689,669
-2084,-11976,9388,246,-21,137
-2964,-11648,12032,865,427,-221
-2348,-11828,10568,51,67,-383
-2300,-12560,9988,-1461,19,-633
-2268,-12692,9736,-1655,-140,-978
-2100,-12740,9644,-855,296,-419
-2172,-12884,9848,-323,90,-128
-2172,-12772,9824,-97,113,-153
-1988,-12728,9752,339,187,-148
-2276,-12568,9828,233,445,43
-3268,-12652,10252,-351,99,-335
-2424,-12664,9940,-325,109,-323
-2152,-12536,9692,-358,24,-243
-2364,-12656,9716,-939,140,-211
-2040,-12608,9820,-1018,110,-216
-2104,-12604,9900,-826,360,-37
-2232,-12592,9868,-143,137,-198
-2292,-12444,9948,34,189,-151
-2360,-12616,9920,-174,174,-200
-2508,-12820,9824,-848,159,-156
-2420,-12708,9560,-1056,77,-323
-2160,-12696,9880,-435,3,-312
-2100,-12596,9980,-327,108,-72
-2276,-12732,10000,-410,41,-258
