1648,-8952,13320,-461,303,-424
1076,-8752,12928,-70,161,-510
1128,-8884,13248,-274,-44,-519
1216,-8784,13456,-346,-137,-520
1460,-8712,12876,-502,87,-356
1224,-8936,13188,-569,149,-579
1508,-9068,13028,-1029,629,-898
912,-9188,13408,-456,-41,-192
1760,-9056,13364,-623,44,-531
1376,-9156,13056,-809,491,-613
1936,-9576,13532,-224,644,-956
2088,-8708,12704,678,1541,-1941
2136,-9732,15020,1797,1408,-2122
1612,-8080,13092,5573,227,-2908
2560,-6692,9496,2578,3016,-3969
336,-7412,12244,-2565,739,-997
432,-8100,13288,-5566,1699,7
740,-8948,13672,-5022,511,606
20,-9264,11988,-8058,1518,1483
1348,-9352,13464,-1369,810,-33
684,-9672,13724,-1240,-1615,-177
52,-9212,12532,-2180,-1322,1209
644,-9492,11496,-2657,-1132,1585
632,-10724,13772,-2280,-1296,1519
256,-10084,11984,-2631,-372,1562
252,-10596,12272,-2779,-481,1660
1012,-10900,11952,-3665,1133,1136
1004,-11752,11916,-3354,996,1516
764,-11732,12212,-2347,889,620
608,-10688,12280,-1396,-867,1170
1596,-11680,11996,-2156,453,1134
1400,-10788,12824,-1869,562,1057
2292,-10028,12124,-1873,2069,1289
1760,-11132,11140,-3793,2606,1729
-236,-10004,11568,-4315,1738,1506
604,-11120,13604,-2323,994,891
444,-10104,11592,-327,1110,-144
92,-10508,12116,1561,1067,-641
52,-11352,11824,661,371,79
0,-11484,11660,-267,359,373
-136,-11580,11572,-956,200,147
