1352,-9308,13068,-1253,-172,-52
1268,-9416,12556,-1025,1,-96
1416,-9476,13076,-976,-78,-274
1304,-9588,13232,-707,-168,-181
1532,-9520,13120,-558,117,15
1032,-9508,13028,-481,175,26
1116,-9516,13036,-500,-65,-16
1288,-9400,12708,-331,351,-82
1288,-9448,12868,-324,219,-115
1212,-9324,12688,-390,575,44
1412,-9348,12836,-529,671,143
1192,-9472,13016,-533,677,180
844,-9696,13076,-378,709,-127
1456,-9336,13128,-338,840,165
1280,-9468,13132,-519,2036,912
652,-9624,13256,-426,1782,680
900,-9504,12656,-394,344,662
-1852,-9332,9764,-1391,6585,-77
1596,-10152,12508,-1530,335,-1203
1388,-10072,11952,-1677,-310,-1055
1024,-10536,12456,-1416,361,-810
688,-9444,12360,-1192,-461,-820
212,-10072,12824,-895,-267,-466
-184,-10252,13180,-482,-31,-808
620,-10232,13768,-1252,-862,-547
584,-9348,11952,-956,-963,-225
-8,-9304,11592,-1608,24,452
1632,-10020,12616,-1360,-211,593
1068,-9928,12828,-951,-13,253
936,-9868,12608,-303,269,477
1284,-10316,14804,-129,-671,25
1108,-8980,11940,-222,603,604
900,-9256,13872,-537,275,521
1452,-9644,11252,-294,746,576
1932,-10128,12592,-1060,720,569
1688,-9752,14596,-1222,469,513
1256,-10276,12048,-645,1215,124
1564,-9200,13552,-3,155,-483
1356,-9272,12888,310,766,-321
976,-9848,12764,-229,478,186
336,-10112,12884,-936,410,184
612,-10004,12764,-1320,143,-219
752,-10092,12476,-1169,-395,-329
816,-10072,12476,-985,257,-29
528,-10308,12608,-577,42,167
