-1780,-13300,9208,194,169,-501
-1492,-13268,9184,77,229,-243
-1532,-13124,9160,137,241,-186
-1352,-13240,9368,-582,-54,-645
-1352,-13248,9056,-520,97,-247
-1584,-13368,9320,8,261,-66
-1656,-13036,9228,-234,146,-166
-1556,-13328,9300,-739,-27,-271
-1536,-13300,9124,-725,-94,-219
-1796,-13540,9212,-534,53,-179
-1632,-13212,9188,-306,-88,-358
-1508,-13224,9236,-212,136,-230
-1556,-13208,9276,-507,122,-235
-1704,-13324,9128,-511,25,-241
-1588,-13500,9136,-436,173,-115
-1628,-13380,9268,-278,-24,-364
-1520,-13428,9240,382,340,-516
-1556,-13148,9324,450,118,-465
-1712,-13236,9148,134,226,-174
-1584,-12988,8768,-92,19,-578
-1464,-14396,7748,1365,990,-1439
-1808,-13288,9212,2125,1696,-1200
-1400,-13316,10084,2479,1758,-1387
-1036,-12600,9224,1483,3345,-1403
-1616,-13448,9304,-2025,270,-1372
-916,-14088,9468,-1369,673,-1526
-584,-14960,8224,-1790,1262,-1317
-12,-15324,7168,-782,1398,-69
-40,-13356,4964,-281,1839,20
-668,-14424,8036,1065,1954,-166
-944,-12440,5800,-16,989,-420
-1472,-14668,12552,1654,1663,-89
-1152,-13720,12028,2008,1823,5
-444,-13372,8464,-277,910,-227
-2532,-11872,10516,706,147,-463
-1420,-13924,8400,723,670,-931
-2092,-12660,9336,-1072,270,-607
-2088,-12024,12200,-738,823,-648
-2364,-12452,11212,-263,601,-742
-1992,-14100,11156,-889,705,-589
-1092,-12248,7964,-7,1605,-175
-1444,-10948,6524,-2154,-500,-748
-1688,-13464,9260,-1538,910,-292
-2132,-13024,12308,-1633,585,-803
-1728,-12120,10792,-201,579,-814
-1356,-11776,10380,1205,872,-310
-1740,-12620,9988,-673,466,200
-1840,-13108,9688,-1994,200,-48
-1612,-13152,9316,-2374,-214,-449
-1488,-13024,9376,-2381,-557,-566
-1456,-13524,9000,-1494,-233,-729
-1300,-13516,8940,-675,43,-685
-1572,-13352,8864,-327,132,-327
-1420,-13416,8944,-108,210,-41
-1652,-13464,8908,91,347,82
-1772,-13336,9028,239,246,-51
-1612,-13192,9180,-52,311,-8
-1600,-13216,9288,-290,128,-54
-1672,-13328,9220,-480,-37,-272
