4,-964,15404,-704,551,-211
292,-2200,15948,-389,842,-381
-316,-3004,17100,2267,588,248
-168,-472,14176,1277,715,-202
-44,-1788,16316,-222,464,16
-104,-2472,16692,-286,405,478
372,-2132,15672,1512,211,678
-1312,-1124,15336,1081,802,1990
-1584,-3288,18336,725,-281,2720
1240,124,15792,3901,-1883,2708
1440,2592,12496,1186,2468,2083
-3192,952,17376,-444,2602,3027
2120,-1036,16976,2823,-3284,4403
3032,-300,14976,4733,3874,1852
792,1576,17108,7294,3648,880
832,5220,10808,4434,3085,3906
-1204,3220,14204,1680,2604,4275
1852,616,12024,-5297,7358,2958
-4060,-1476,13720,-10736,9582,25
-4308,-3196,16112,-14313,6446,781
-3940,-5636,18968,-11390,3884,-1183
-3480,-5448,13768,-15307,2919,-6011
-4816,-7656,12916,-28976,9812,-8655
-30220,-17164,32767,-8589,6688,-1913
-10904,-13944,18376,-11520,2275,-2687
-6040,-10016,10992,-7504,5594,-2546
-4328,-11764,12580,-5843,2202,-823
-1944,-12348,9660,-6465,3644,-1594
-4388,-10584,10112,-4011,8959,-3076
-4160,-12732,10260,-3283,3482,-7538
-6728,-10432,13660,-1393,7026,-4602
-4448,-9452,15920,-1962,1583,-3109
-7004,-6996,14112,500,1578,-89
-8644,-6504,16084,5725,-4069,1268
-6196,-11016,16932,6733,-1813,-1313
-8432,-10972,19944,11511,1644,-1302
-2504,-7092,12640,18307,-10187,2412
-2744,-2628,13656,14618,-7094,2704
-2764,-6900,13728,7103,-5113,3356
-3976,-5148,15404,7571,-6960,2321
-1920,-5796,14864,8148,-8625,5679
-1692,-5484,14520,9993,-5258,6024
-1568,-4088,14928,9230,-9004,3800
-1280,-2376,15808,9737,-7395,4566
