1104,-9064,13380,-301,98,-305
1480,-8844,13276,-210,5,-375
1748,-8844,13408,-166,185,-144
1380,-8752,13436,-124,141,-45
1392,-8820,13536,-84,11,-133
1368,-8632,13244,-121,158,-217
1468,-8628,13484,-172,150,-215
1564,-8692,13368,-400,3,-269
1576,-8864,13452,-421,195,-125
1320,-8764,13472,-586,-55,-172
1340,-8888,13700,-873,-107,-194
1412,-8812,13516,-1050,-79,-56
1548,-8836,13404,-1107,-124,108
1524,-8976,13288,-1087,-28,33
1000,-9048,13484,-958,-138,-182
1416,-9160,13236,-850,-43,-98
1604,-9056,12964,-709,93,-155
1188,-9248,13100,-369,-97,-387
1348,-9432,13096,-352,-77,-598
1260,-9360,13812,-138,-794,-705
1772,-9416,12896,-212,-1234,-415
1568,-8784,12360,-2719,455,563
1264,-10632,11748,-2581,1236,500
1960,-11888,13884,-1538,1104,-66
544,-10960,13152,-1792,883,-609
728,-9344,10500,-1865,518,-141
896,-9868,13288,-1133,-356,-647
888,-9588,12152,335,-210,-1108
1772,-9128,10668,24,931,31
1632,-9364,13844,147,618,310
2960,-9280,13848,-35,1219,650
1652,-8676,12828,-1136,1729,1484
1684,-7900,13776,-2147,1019,1127
1340,-9732,13080,-1816,752,976
1384,-8588,13360,-1460,734,232
1356,-8696,13108,-574,559,-239
1076,-8472,13892,961,486,-260
676,-9576,13276,194,499,310
584,-9732,13028,-765,289,249
512,-9752,12944,-1243,246,-203
564,-9832,13004,-965,-252,-655
1252,-9708,12560,-658,-44,-571
872,-10040,12628,-420,-11,-209
456,-9804,12548,-78,577,227
844,-9804,12816,177,-20,211
