1616,-12440,10304,-792,-208,-281
1508,-12548,10248,-653,-339,-726
1616,-12468,10052,-608,-200,-946
1612,-12352,10076,-729,-68,-1012
1728,-12436,10228,-822,-214,-649
1828,-12464,10176,-874,-243,-447
1796,-12504,9996,-1022,-8,-329
1924,-12480,10216,-1051,17,50
1784,-12592,10544,-1508,8,409
2004,-12592,9872,-2459,194,810
2048,-12724,10236,-2816,449,2010
1228,-12872,10304,-3270,218,2395
1496,-12992,10364,-4795,-282,2428
1236,-13704,8432,-4994,-805,1556
-120,-12256,4364,19760,-9844,-3557
1908,-12780,7456,6249,-1875,-2346
1136,-12600,9984,904,42,-1763
1036,-11892,10496,1083,120,-1549
1308,-11568,11612,2934,-3037,-1943
3432,-11304,8764,35,-2954,-1280
2212,-10652,7572,-2857,-1480,-519
1864,-11304,7732,-4626,-2100,137
1800,-11756,4768,-10998,392,965
-3756,-12428,32767,677,-6592,-719
1564,-13748,9424,650,239,145
2792,-14280,6684,-2797,-463,329
2176,-13592,8252,-4826,485,305
1924,-14424,7936,-7133,227,-127
2104,-13772,7680,-5515,2644,-236
1372,-13592,7360,-2659,3405,252
2448,-13448,7332,-310,3348,581
2420,-14780,6860,-2508,3410,-319
1872,-14500,7160,-2497,2893,-486
1372,-14688,7404,-1703,5560,-892
1120,-12920,8204,-1544,5071,-343
804,-13284,10428,-123,1921,-204
1004,-13260,8888,582,-2238,-28
1420,-12848,9804,1468,-2178,32
2580,-12612,8968,2241,90,-116
1564,-13784,8856,-765,795,649
1396,-13912,8448,-1718,38,307
