-1280,-13188,9056,-1146,232,-468
-1968,-13336,9712,-247,174,-604
-1456,-12844,9364,68,632,-4
-1544,-13200,9784,-217,169,-170
-1552,-12788,9748,181,142,-444
-1440,-12848,9600,-374,160,-212
-1856,-12852,9680,-73,375,140
-1860,-12880,9644,-281,24,-145
-1876,-12936,9664,-20,79,-222
-1620,-12860,9716,-50,41,-360
-1540,-13020,9868,-649,-287,-696
-1504,-12404,9640,-858,-17,-173
-1652,-12932,9596,-678,354,219
-1748,-13084,9752,-621,48,-95
-1540,-12832,9600,-832,-167,-386
-1644,-13256,9780,-1117,1,-328
-1500,-12708,9496,-299,93,-23
-1672,-12412,9736,419,299,461
-1596,-12868,9428,558,532,206
-1820,-13160,9696,231,-93,-772
-1028,-12788,9584,511,138,-524
-1528,-12740,9464,554,1053,1010
-2312,-12948,9564,692,494,858
-1836,-12400,9984,960,-162,-284
-1604,-12652,9808,1257,-144,-591
-2072,-12356,10248,523,347,-514
-436,-12988,8688,2002,1569,-623
-2692,-12944,12084,4951,1836,-1826
-4872,-5048,13380,-217,-743,-4340
-1592,-11676,9588,1380,1790,-747
-1964,-12572,11240,339,1605,-490
-1776,-13272,10380,151,2147,-250
-1704,-11752,7664,-849,1566,466
-1468,-12120,8984,-75,1754,-742
-1932,-11720,10400,99,459,-587
-2080,-11880,9052,-25,1614,1
-2464,-9420,9772,-2297,786,-272
-2652,-9732,9504,-6,1283,-337
-2068,-12356,9996,362,736,-18
-1052,-13016,9768,-927,1871,570
-1932,-11868,8968,-854,863,549
-2504,-11528,9552,-2087,196,-853
-3000,-12796,10792,-1439,1365,-681
-2668,-11252,9472,-2228,276,-1540
-2404,-13164,11692,-494,1375,-468
-2824,-12060,10604,156,1093,334
-2288,-12632,9624,-679,-115,3
-1852,-14056,10972,-1396,707,435
-1976,-13296,9408,-2193,1171,204
-2436,-12236,9464,-3120,589,-501
-4164,-11836,11324,-1506,-118,-698
-2724,-12084,9656,265,-721,-724
-3248,-11644,10920,-107,81,-696
-2860,-11616,10080,282,229,-890
-2752,-11796,10756,1059,101,-394
-2592,-12572,9668,-1072,614,-507
-2428,-12872,9676,-2179,289,-723
-2352,-12856,9172,-2719,26,-544
-2088,-13188,9072,-1752,70,-141
-2036,-13208,9072,-1309,799,822
-2192,-13212,8928,-912,536,653
-2384,-13356,9192,-340,397,105
-2664,-12964,8976,132,342,-87
-2640,-13136,9228,-26,331,90
-2696,-13152,8728,193,507,222
-2724,-12976,9216,197,35,-122
