960,-9016,13372,-857,146,-218
1448,-8948,13392,-1056,-351,-420
1604,-9164,13016,-1280,-47,-201
1056,-9412,13632,-1364,-289,-166
1472,-9520,13196,-1412,-228,-176
1444,-9392,13144,-1098,-145,-214
1560,-9532,12928,-810,-84,-106
1536,-9688,13024,-670,129,-67
1316,-9616,12832,-386,30,-25
1312,-9516,12908,-187,227,-20
1268,-9596,13120,-117,-103,-236
1528,-9288,13020,-160,18,-210
1172,-9400,13144,-427,220,-189
1148,-8484,13236,-1109,-434,-302
1280,-9428,13164,-1365,-401,-322
1660,-9316,12756,-1401,165,-80
1476,-9596,12944,-1425,241,158
1196,-9632,12900,-1448,-76,155
1164,-9916,12844,-1338,-388,218
1432,-9412,12888,-1199,-500,68
3060,-4520,11148,301,-1339,-509
1028,-9880,12472,135,-1348,-43
1604,-10808,11600,-193,-1386,-680
1488,-10180,12544,-151,-1433,-724
1080,-10160,12252,158,-2650,-1036
-1160,-10840,12316,-2948,-666,3281
2424,-10264,10496,-3489,1204,3855
1256,-10752,13028,-1791,-478,3081
596,-11528,12876,-2624,-1216,3790
1776,-10148,10008,-3713,1918,6106
3024,-10984,12748,-850,1489,2670
752,-9756,11740,338,1265,137
972,-10784,12100,-267,876,736
804,-8852,12480,261,408,219
1340,-9456,14260,887,729,-504
896,-9296,12808,780,832,-452
152,-9516,13348,470,383,-206
-36,-10164,12896,-651,662,378
-424,-10628,12356,-1395,602,93
-232,-10560,11948,-1558,-442,-681
236,-10532,11924,-1209,-173,-817
52,-10680,12204,-603,-43,-449
180,-10600,12112,-165,296,-166
