-236,-12996,9664,-634,177,-121
-196,-13168,9772,-249,134,-183
-140,-12924,9800,-176,214,-194
-92,-12904,10060,-433,-66,-338
80,-12968,9624,-225,-20,-317
68,-13004,9908,-212,273,-95
-16,-12824,9564,-265,85,-89
-100,-12908,9676,-407,-72,-195
-176,-13044,9596,-630,-6,-124
-24,-13044,9484,-788,-19,-201
72,-13176,9812,-557,-21,-258
-4,-12948,9836,-389,116,-54
-180,-13032,9796,-431,100,-100
0,-12988,9616,-368,107,-242
-200,-13176,9948,-419,-93,-234
116,-13160,9664,-585,-6,-228
0,-12988,9588,-363,188,-100
84,-13000,9640,-354,64,-198
-156,-13040,9688,-106,-4,-252
-232,-13048,9508,409,83,-311
204,-13264,9656,1053,388,-555
704,-13336,9240,1648,446,-503
212,-12476,9936,395,961,383
-628,-13004,10304,-28,711,414
-424,-12908,10020,636,-297,-989
196,-12752,9896,1111,339,-723
-160,-13028,10224,1526,712,-403
312,-12756,9900,1473,1046,-578
-1520,-12208,13412,1561,963,-1112
2380,-18116,6268,-847,311,-2203
-828,-10000,10036,-2592,217,-1389
148,-13152,10992,1145,1881,-1687
292,-15476,12284,1519,1618,-1650
-188,-10672,11012,-90,2609,-945
376,-13964,11616,501,2323,440
-840,-11116,8016,-101,2294,-332
-872,-11260,11004,-1095,642,-1233
-132,-12468,12256,738,1714,517
-760,-14408,12024,249,1342,-172
60,-10656,7540,-2328,444,-855
-1004,-11444,10576,-838,791,-1
-1636,-12592,11584,-88,802,-595
-796,-15228,10492,-903,1431,-12
-584,-12968,12208,-576,986,-567
-948,-10112,8960,-1348,253,-368
-420,-13368,11060,-448,1419,-261
-1212,-11488,10060,-1262,747,-399
-1132,-12148,11824,332,168,-40
-520,-11864,7140,28,1520,208
-832,-10404,11424,-779,56,-893
-936,-12012,7600,-2122,119,-808
-1220,-11372,10908,-755,736,-954
-1112,-11168,10856,-972,453,-492
-400,-13012,11272,-159,1011,272
-1320,-11572,11364,-296,182,711
-944,-12188,10532,-936,231,326
-1124,-12596,10084,-2206,-218,-284
-960,-12508,10316,-2431,-451,-785
-800,-12776,9916,-1584,-220,-222
-732,-12840,9880,-510,-1,-289
-632,-12712,9888,44,-40,-525
-736,-12644,10004,-369,195,-130
-916,-12756,10108,-293,423,38
-1312,-12744,9984,136,416,38
-1380,-12668,10264,288,385,-80
-1020,-12556,10076,83,38,-431
