500,-12236,10684,-334,67,-208
576,-12244,10600,-248,117,-156
432,-12248,10740,-202,125,-260
684,-12392,10772,-224,70,-269
588,-12196,10700,-365,51,-85
532,-12352,10532,-349,137,-43
220,-12512,10544,-257,102,-286
576,-12184,10624,-327,22,-278
424,-12244,10564,-428,65,-170
740,-12144,10708,-705,-11,-220
848,-12152,10456,-1183,-257,16
892,-12468,10496,-1715,-490,545
1004,-12280,10708,-2374,-1724,741
-20,-12136,10184,-2473,-2096,614
404,-12600,10420,-1983,-2024,704
308,-12884,10664,-2092,-686,1321
13164,-16136,17760,14701,-10160,-4973
3488,-11840,11572,1151,1707,-1189
3300,-10588,11016,-120,-160,-548
3180,-17124,10632,6000,753,-1522
1748,-11592,12036,62,-443,-282
3256,-12352,10932,645,-505,-429
2056,-11964,11628,407,-2264,-1158
-956,-10892,10680,2384,-777,-1161
-8,-11576,11168,1296,-2842,601
400,-11364,10612,-91,-2151,141
-196,-11160,9800,-1379,-3286,837
1924,-11916,10092,-1638,-2186,1307
12,-10768,9828,-2415,-1401,713
1456,-10896,9304,-4051,-451,469
756,-14688,13728,1124,-1064,76
2104,-11816,10516,177,481,414
1284,-11512,11128,-152,986,692
1580,-11640,11192,-139,474,28
1616,-11700,10884,-218,384,-426
1772,-11804,10956,-251,447,-545
1428,-11876,11400,-196,839,-183
1624,-11900,10492,560,1342,144
1472,-11996,10440,2124,2463,118
1948,-12824,9692,-289,1159,-745
2712,-12872,10444,-2449,727,-109
2044,-12088,10012,-3655,2805,857
988,-12408,10180,-997,3814,-319
384,-13260,9808,45,3521,-1118
-340,-11948,12072,945,3425,-778
-236,-12676,11556,-206,3374,-1511
52,-11772,11724,-1405,3632,-1508
-860,-10768,12180,-1036,2651,-1686
-872,-10756,11960,59,3100,-1567
-136,-10252,11800,477,3204,-795
-1052,-9476,13252,1153,-6474,129
68,-10736,12756,1255,-3665,845
-692,-10748,12340,1636,-589,238
-184,-11044,12264,-928,611,-694
132,-11264,11552,-2358,-30,-1166
448,-11496,10744,-2691,292,-975
304,-11668,11148,-2064,-406,-1267
876,-11692,10808,-1191,-521,-1004
680,-11888,10816,-290,-107,-466
780,-11704,10892,339,599,-14
432,-11796,11304,759,491,245
520,-11748,11196,833,332,137
156,-11520,11244,733,535,-50
312,-10264,10396,1136,903,-216
244,-11352,11776,25,161,-319
