-684,-12968,9776,-335,131,-237
-1120,-13240,10020,-478,221,-102
-1336,-12620,9292,-769,63,-67
-1292,-13136,9572,-355,174,40
-1140,-12820,9600,-222,149,-228
-624,-12912,9800,-715,-77,-443
-1080,-12948,9508,-867,222,168
-1108,-13172,9712,-766,-102,-283
-936,-13052,9728,-237,213,-143
-1168,-12880,9508,-555,221,-129
-1116,-12996,9676,-317,16,-364
-868,-13036,9556,-288,66,-308
-1060,-13108,9492,-164,147,-209
-1212,-13088,9392,377,142,-103
-1012,-12992,9652,1021,-141,-700
-1128,-13228,9588,1724,315,-711
-508,-12836,8616,3320,1996,-554
-576,-12876,9540,3710,1847,-764
-416,-12396,9692,4391,2990,-1166
-332,-12244,10796,-1527,2557,-1037
-1672,-13880,9016,-3584,1692,-1533
-1920,-15972,10320,-371,3653,-1741
-1260,-13324,10556,1090,1838,-1782
-1208,-13064,7784,-1359,2166,-33
-896,-13404,10216,-742,2309,-817
-408,-13052,5732,-6734,2783,-689
-2416,-13516,11352,-3935,1303,-87
-1400,-13412,7496,-1487,944,-157
-2684,-11364,12128,-801,988,-726
-1968,-13644,10848,1743,1698,-838
-2424,-12152,15568,2995,1954,-869
-2428,-12120,10932,-232,599,-1248
-1300,-12940,10364,1230,808,-41
-1672,-12096,10456,116,672,341
-1884,-12824,9776,-2229,610,729
-1940,-13120,9600,-2450,-55,101
-1984,-13140,9336,-1991,-577,-904
-1620,-13156,9284,-1318,-453,-1110
-1448,-13200,9192,-1111,-204,-516
-1356,-13316,9216,-606,32,-133
-1436,-13148,9408,-26,261,178
-1512,-13068,9388,157,440,431
-1624,-13108,9368,191,504,358
-1740,-13100,9468,332,211,-196
-1828,-12928,9696,398,2,-467
-1740,-12816,9612,-249,148,-169
-1760,-13060,9496,-679,145,-49
-1884,-13060,9380,-460,88,-210
-1732,-13020,9600,-453,54,-256
-1636,-12980,9528,-479,42,-251
