2920,-8564,13380,-649,-88,-193
2980,-8616,13172,-714,-12,-178
2776,-8628,13420,-637,335,-332
2632,-8608,13652,-638,-23,-390
2688,-8684,13480,-628,1,-294
2688,-8800,13312,-587,-3,-308
2792,-8644,13124,-679,56,-313
2752,-8588,13164,-785,89,-69
2808,-8732,13352,-955,152,-34
2892,-8796,12832,-1146,341,235
2640,-8860,13096,-974,318,141
2584,-8864,13032,-742,17,-58
2604,-8772,13420,-704,-12,46
2664,-8880,12992,-533,232,76
2484,-9016,12940,-430,274,-169
2532,-9076,13004,-163,-18,-350
2592,-9012,12920,366,-13,-528
2208,-8832,13364,615,-56,-218
2784,-9224,12804,1107,527,42
2452,-9332,12648,1393,-435,89
2212,-8252,14152,-2830,-1290,175
2484,-9816,12464,-2669,392,1858
1864,-9980,15480,-1842,-255,1779
732,-10844,13304,-2157,493,1532
1716,-10308,13904,-3530,225,1689
2524,-9084,10196,-2757,2360,1709
3140,-9424,11864,-2167,2848,1831
2332,-9500,12468,-1251,2872,1473
2256,-7992,11620,-318,3505,726
1244,-7696,13068,1310,1974,-51
1760,-7864,13660,262,1480,228
2104,-8900,10440,-261,1444,394
1240,-8080,14232,265,719,298
832,-9324,13436,-942,718,132
752,-9800,13108,-2093,-122,-242
