-756,-12236,10256,-84,44,-247
-428,-12700,10416,-787,-87,-444
-532,-12468,10300,-794,-105,-254
-624,-12588,10508,-699,-19,-141
-592,-12576,10320,-297,262,-137
-448,-12472,10180,-283,180,-141
-760,-12664,10576,-225,46,-244
-556,-12396,10180,-160,100,-227
-696,-12620,10332,-719,175,-225
-468,-12556,10096,-1251,-9,-181
-748,-12712,10264,-984,43,-151
-740,-12696,10132,277,471,197
-660,-12772,10308,324,341,2
-412,-12712,10148,935,190,-528
-156,-12552,9984,1705,773,-180
-832,-12204,10256,1894,1578,541
-1304,-12232,10768,1917,1382,174
-1260,-12472,10496,2235,770,-700
-1028,-11776,10636,3438,601,-1323
144,-12396,10588,3932,1232,-1366
-720,-11448,11368,1752,2157,-1531
1180,-11444,8792,-2888,1817,-1023
-1488,-12192,12460,-1243,1968,-2160
-1716,-10568,10732,-2417,1366,-1528
-1404,-12712,8900,1042,1399,-1715
-852,-11808,11128,22,2364,-1640
-500,-13772,11852,109,1291,-816
-784,-12232,9808,127,2631,-1052
-1604,-11372,10076,-2751,2003,-1159
-948,-12272,11748,-1101,680,-479
-588,-11844,10896,-2400,-75,-957
-812,-13240,10840,-1417,-47,-940
-1464,-12564,12028,-2171,1405,-391
-1872,-11972,12036,-641,608,-391
-1748,-11528,10432,-1852,786,-349
-2000,-12388,13100,-386,-154,-629
-2028,-11192,11380,-952,252,-910
-1596,-10404,8992,-1307,186,-563
-2196,-8960,12136,-519,-23,-886
-1244,-10808,11604,875,491,-237
-1484,-11252,11244,120,247,-420
-1072,-11888,10948,-2299,154,-707
-1044,-12044,10444,-2925,-564,-479
-1020,-12156,10412,-2245,-174,-70
-1304,-12572,10216,-1620,189,258
-1328,-12620,10076,-587,230,40
-1336,-12496,10352,137,-51,-329
-832,-12060,10020,-32,232,-246
-1108,-12412,10600,-369,362,-120
-1712,-12576,10460,-616,309,-72
-1372,-12348,10464,-815,87,-128
-1280,-12340,10320,-666,-402,-344
