-3004,496,16144,-1003,120,192
-1324,-616,15528,-471,17,-77
-1836,-40,15140,-1053,-284,-42
-2060,-228,15564,-1557,-107,274
-2636,-1048,15800,-2716,507,369
-1600,36,15536,-2154,379,156
-2924,1408,14948,-2687,998,2191
-1820,-1076,14232,-1797,-847,1369
-1708,-1388,17392,-1432,1040,695
-564,-280,14452,314,3301,3080
-1600,-952,14024,-6516,2904,-928
-1620,-1272,15220,-9716,2757,-2914
-1412,-2984,15060,-4432,2027,-3266
-4288,-2124,18132,-6238,122,-4831
-1708,-2992,10472,-14635,2938,-4666
-1800,-5660,9544,-16289,2894,-7212
-17080,-10544,30356,-10846,-16611,-4646
-3096,-9520,8748,-11307,10012,-3755
-6516,-12148,12828,-7875,7854,-3625
-3160,-11600,11648,-8753,7164,-1884
-5168,-10824,11128,-5258,5965,-2657
-5772,-11856,11072,-4975,-2060,-5279
-2216,-9344,10736,-3135,3435,2250
-2992,-10732,12732,-7301,2028,1359
-3864,-9708,10128,-5004,3848,1771
-6356,-8040,12596,-1545,8476,244
-6544,-7448,13920,-1919,4946,947
-5700,-9276,14128,1887,4463,942
-4376,-12340,15824,6779,5163,521
-8556,3956,6748,24177,2655,-9344
-11500,-9072,19016,32767,-15480,8577
-4636,-3284,14804,27833,-13690,11970
-9332,-5168,21008,32322,-8604,10966
-1664,2940,9936,28727,-10063,6087
-2688,6464,8112,428,-8908,7334
-3140,3432,15680,1374,-640,8799
-2384,3852,11408,-5066,671,5753
-3384,460,16972,-9053,-3684,2633
-1504,3372,15372,1438,-6446,5483
-400,1104,14132,-4678,-28,2092
-4032,108,18772,-2616,-298,856
-1196,-696,16944,3193,-2047,-73
-952,2184,12992,4890,-918,-1634
