-4452,-11152,12304,-640,2213,3
-3580,-10952,11408,-153,-856,1559
-2740,-11064,11060,-613,-1114,111
-3152,-11432,11880,-109,1419,-864
-2752,-10476,11224,-296,-298,-657
-2016,-10340,12296,-261,120,-607
-3204,-10536,12140,-57,180,-522
-1852,-10256,11236,-107,1411,-1438
-3060,-10012,12488,216,1168,-2397
-2280,-10116,12288,598,356,-1948
-2164,-9796,11712,513,-161,-2140
-1996,-9712,11196,-277,2622,-3526
-2468,-10724,10572,-2758,109,-4592
-2876,-11792,10648,-4661,2415,-5650
-1404,-11504,9580,-1446,99,1500
-2484,-11352,11004,31,977,-747
-2756,-12080,10724,-2475,-1665,-1811
-1768,-11864,11320,-4344,-490,-589
-2592,-11748,10712,-3986,-1638,850
-2852,-11752,10236,-4134,-4383,2696
-1992,-12384,9884,-4059,-4107,3860
-2044,-11952,13344,-3918,-2059,3828
1276,-11780,9340,-3309,-2455,2406
-2276,-11440,10596,-3732,-1896,-401
-2244,-13120,9832,-3507,-1499,260
-2424,-10804,11592,-3822,-2554,-292
-3308,-11144,11648,-2179,5824,-1717
-2176,-11524,11716,-1291,6043,-2189
-2228,-12972,12104,-250,1377,-442
-2556,-11760,11400,-1345,1875,-673
-1728,-12612,10424,-494,-611,764
-1472,-13256,9932,-533,-641,682
-1752,-13188,9976,1092,2646,1874
-2944,-13128,11704,3373,2503,3236
-3132,-14424,12720,5027,-1653,4039
-2100,-11120,9112,6971,2932,4104
-3080,-9720,9628,3460,-193,493
