-2088,-10252,12200,394,605,-280
-2196,-8776,11012,-524,433,-1254
-3016,-9188,13556,50,-1788,498
-2084,-9300,11552,526,579,-324
-2756,-9080,12652,515,1459,-1426
-2768,-10676,12144,868,-954,-762
-2944,-10464,12912,-35,1821,-832
-3064,-9400,12196,284,1377,-651
-3160,-9620,12440,-70,1020,-529
-2292,-9548,11920,4,-479,38
-2764,-9360,12800,-138,-874,-355
-1848,-9196,12108,-446,2051,-943
-2908,-9512,13220,111,-554,-310
-1996,-8888,10620,-693,-1088,-702
-2316,-9076,10708,-4561,1223,-2529
-1920,-10284,10244,-8098,2168,-4839
1208,-12572,7120,10414,-15256,580
-1092,-11864,12936,-4902,631,-2117
-2800,-14500,10296,-8991,-6276,-1486
-1296,-12716,10840,-11197,-4989,-1261
-2012,-10040,11056,-8920,-5496,1451
-216,-10644,13508,-3196,-2875,1577
1552,-11712,10560,1519,4538,-141
-2412,-11784,14024,3803,6681,3795
-1716,-13608,15336,13348,1940,5598
-444,-11296,10064,10435,8777,-1172
-4200,-10184,10056,2775,-231,-211
-2772,-10316,10816,64,383,427
-2780,-10452,11576,2246,1538,249
-1888,-9928,10196,834,455,19
