-2608,-12488,9540,405,-1074,-468
-3028,-12868,9360,267,-514,-135
-3252,-12616,9600,624,-256,-70
-3512,-12648,9780,-35,-569,-610
-2944,-12744,9692,-715,-458,-1023
-2800,-12756,9652,-591,-420,-927
-2604,-12564,9576,-1074,-74,-229
-2988,-12864,9628,-981,-63,-158
-2876,-12796,9408,-414,15,39
-2920,-12776,9364,-32,-132,-325
-2540,-12832,9548,61,-227,-479
-2624,-12760,9540,-18,-122,-324
-2856,-12744,9568,-26,18,-48
-2840,-12900,9384,509,40,163
-2980,-12540,9684,791,-141,-184
-2816,-12588,9684,870,-327,-825
-3188,-12392,10372,1232,-627,-907
-2516,-12668,9860,1122,-180,-327
-2712,-12360,10072,1666,383,49
-2716,-12312,9972,1771,590,300
-3028,-12248,10176,3011,1130,79
-1016,-11236,9384,2273,1068,75
-3380,-12612,10960,4419,682,-1113
-3152,-11948,10568,3457,1939,-62
-2512,-12156,10244,2972,2180,57
-6472,-17196,32767,2892,-2082,-6542
-2876,-12256,8424,34,100,-150
-3100,-11036,10468,-217,-260,-606
-2884,-9140,13928,-50,-615,-1525
-3296,-11120,11748,-207,756,-288
-3404,-9592,9496,-1540,129,-1494
-3668,-8836,10100,-1423,-384,-17
-3564,-13544,14252,-1165,17,-535
-2256,-12900,8708,-182,-470,-124
-2544,-11548,11988,-1087,-935,-1266
-3204,-11124,12664,-2165,-210,-757
-2348,-12932,13936,-1344,-495,-1100
-3872,-11624,14260,305,-211,-343
-1924,-11676,8340,-1695,1161,126
-3576,-11152,11984,-1714,657,-43
-3388,-10952,9072,-312,81,24
-2832,-11388,12656,-468,-255,-499
-3776,-10652,9140,-941,230,254
-3136,-10752,9316,-1093,-1008,-6
-3900,-11584,16196,-296,-1781,-1044
-3268,-9444,13564,-667,-1311,-821
-2492,-10356,7996,-1773,-870,259
-3704,-10444,10584,-759,-923,470
-3420,-10772,11484,212,-321,-329
-3152,-11292,11136,-768,-486,-946
-2708,-11176,11040,-889,-496,-1041
-2560,-11272,10728,-1136,136,-162
-3256,-11632,11244,-347,-222,-227
-3124,-11304,11096,-215,-61,-246
-3160,-11352,11048,-474,44,-236
-2880,-11404,10988,-640,-283,-571
-2632,-11308,10932,-647,-113,-535
-2796,-11536,10844,-451,486,128
-3276,-11452,11000,151,569,297
-3136,-11232,10928,148,212,124
-3056,-11364,11224,-343,118,-152
-3072,-11336,11228,-431,-1,-366
-2848,-11400,11020,-672,31,-294
-2972,-11284,11084,-718,48,-191
-3264,-11376,11164,-168,226,-31
-3124,-11332,11016,-510,-121,-266
-2704,-11304,11268,-408,-89,-261
-2904,-11440,10896,-408,206,-99
