1052,-9208,13356,-163,312,-127
1268,-8728,13596,-700,-6,-248
1420,-8836,13344,-1184,-27,-51
1160,-9372,13416,-1221,-108,4
1320,-9128,13508,-1230,49,-135
976,-9248,13044,-797,-97,-412
1436,-9204,13000,-565,269,-336
1532,-9080,13048,-435,-32,-43
1328,-9176,13228,-556,179,202
1300,-9048,13072,-716,208,149
1300,-9076,12888,-771,72,-23
1164,-9236,12892,-739,160,-84
1280,-9252,12968,-702,54,-113
1044,-9376,12976,-670,-227,-202
1232,-9276,12868,-698,-432,-311
1388,-9428,12984,-538,-506,-203
1268,-9388,12908,-432,-583,-238
804,-9544,13388,-211,-1252,-427
2088,-9200,12820,-16,-1105,-405
1228,-9504,13076,348,-308,-69
144,-9656,13244,943,-1685,-1555
1320,-11004,19164,-965,-5966,-1454
2168,-11612,12940,-2099,1381,1671
2092,-10140,13152,-2202,1215,243
1008,-10208,11960,-1251,952,-685
520,-9528,12312,-2489,1395,-296
140,-10812,11648,-2362,994,-5
472,-10532,13528,-1914,376,-266
1064,-9616,10892,-1211,801,-292
1616,-9896,12216,-843,1240,202
764,-10300,14040,633,1439,97
1376,-8848,13076,756,1185,167
1764,-8560,12580,990,741,207
2516,-8824,13960,1082,665,95
1500,-8772,15368,1013,-11,-478
1492,-8848,14860,762,828,-51
1404,-8324,13704,346,1259,58
636,-9092,13184,-1028,622,-35
392,-9632,13152,-2017,79,-466
392,-10028,13136,-2268,55,-474
712,-9776,12700,-1860,-36,-462
