-528,-1812,15628,-538,351,-252
-324,-2472,15628,-423,53,143
-268,-2288,14868,-197,291,203
-372,-2140,16440,-236,525,194
-580,-2108,16388,80,6,111
16,-1492,16072,2139,363,-386
32,32,15244,1533,423,712
-520,-188,15604,1225,642,1480
1160,-688,15992,1022,-454,2132
3944,180,15728,3442,-275,877
2832,2412,11676,-1533,1922,289
0,-2864,17668,-1677,2061,973
-2432,-3388,20388,5959,-766,697
-112,1792,11552,5555,-1678,1664
732,328,13080,-7997,1704,314
-372,-940,13448,-11391,3812,-1586
-3096,-4536,15836,-17284,5093,-1289
-1376,-6180,16676,-11970,1903,-2407
-2584,-5940,15000,-13645,3625,-2061
-440,-4804,4372,-29884,3727,-6080
-8416,-32768,32767,-1223,32767,1049
-3140,-12988,12696,-7252,14649,-2256
-868,-12504,8900,-5968,4329,-581
-2824,-13664,10512,-5871,4971,-1765
-2860,-14356,8752,-6366,4388,-2796
-1960,-11348,8612,-1628,7339,1127
-2800,-11872,8716,-1957,7180,-647
-4816,-11564,9772,925,7873,-2473
-4192,-14756,11752,438,6800,-2745
-4460,-10288,9252,-16,5817,-1355
-6380,-10336,13668,452,6239,-3972
-5756,-9740,14812,434,13438,-3621
-8672,-10124,13028,2113,5613,220
-7504,-13796,13996,4096,-2908,3452
-3960,-6548,8100,3248,-4265,-894
-5904,-11112,14028,9322,-7909,4382
-5072,-10824,13472,10127,-8775,3321
-2720,-7736,11704,9080,-8057,904
-4188,-6540,13244,7308,-8594,1273
-3360,-8120,13708,8239,-6854,3297
-2656,-7336,12972,9357,-5917,2537
-2696,-5176,14312,6115,-7590,2509
-3036,-5668,14512,6989,-6503,2914
-2580,-5840,14816,7423,-7004,2283
-876,-1988,14108,4951,-6358,2623
-688,448,14164,3498,-5844,2491
-1860,-7868,15508,3027,-1670,2947
-1096,-4252,14328,5460,-4675,3671
908,-4320,12732,270,-3728,2350
716,-7356,15416,-306,1796,1951
-2456,-4796,14224,17254,-3282,8386
616,-7256,15740,-1485,-479,87
