-1212,-13044,9444,-386,132,-218
-1352,-13172,9512,-411,263,-14
-1456,-13020,8980,-499,196,29
-1380,-12820,9060,-209,53,-116
-1228,-13304,9516,0,-92,-541
-1128,-12708,9396,-528,-231,-696
-1352,-13180,9452,-713,120,-27
-1392,-12912,9300,-246,189,-99
-1388,-13392,9516,-516,68,-265
-1484,-13012,9200,2,150,-199
-1420,-13216,9604,235,225,-280
-1412,-12772,9208,-395,224,-27
-1540,-13020,9600,-1080,-74,-327
-1252,-13132,9408,-885,-255,-1032
-1392,-13360,9580,-598,365,-291
-1628,-13696,9248,-116,767,-40
-2404,-13988,9812,1157,285,-1533
-900,-13232,8548,2224,1176,-1297
-1652,-13388,9800,2956,2495,-1680
-5100,-3300,12056,-3039,-1200,-43
-1628,-14208,10876,-3474,5,-1998
-1096,-12836,8616,-2383,1359,-2122
-532,-14036,9144,-719,3309,-1564
-1872,-13544,8800,-976,1274,-1848
-452,-14808,7252,-1677,1873,-657
-688,-12968,6644,621,1343,-498
-1452,-14172,9664,1495,1715,-1243
-992,-15996,8328,20,2175,-1446
-420,-15808,7232,-1076,932,-902
-8,-14396,6352,302,2148,266
-1188,-14268,5660,726,1197,37
-2472,-12732,11968,1327,502,228
-1516,-13664,11228,-532,1301,519
-756,-10604,7508,-3267,398,-368
-1520,-12604,7860,-3267,1318,223
-2080,-12716,13612,-1796,432,-200
-2044,-12232,9512,-770,91,-512
-1724,-12128,9556,-965,472,-544
-1668,-12144,9848,1103,270,110
-1708,-13144,9428,-749,104,96
-1412,-13340,9296,-1404,404,308
-1780,-13408,8948,-2139,14,-121
-1748,-13436,8544,-1991,-80,-812
-1576,-13624,8804,-1195,-287,-1004
-1368,-13376,8648,-753,-124,-417
-1544,-13580,8856,-587,145,-45
-1580,-13656,8684,-197,206,60
-1444,-13592,8596,139,209,-34
-1568,-13492,8744,112,278,-115
-1636,-13404,8988,-273,222,72
