1280,-12516,10212,-205,153,-92
1408,-12652,10056,127,209,-292
1112,-12600,10216,303,284,-330
1180,-12452,10520,215,440,-496
1292,-12392,9952,290,373,-435
1280,-12264,10272,-30,250,-26
1296,-12400,10176,-117,396,40
1308,-12408,10280,-179,257,-179
1316,-12372,10444,-292,234,-296
1252,-12868,11940,-18,780,-120
1408,-12536,10408,-227,201,-266
1372,-12364,10312,-321,96,-425
1288,-12284,10548,-379,124,-398
1408,-12348,10472,-438,-58,-279
1204,-12348,10400,-494,110,-128
1364,-12404,10412,-474,81,-189
1208,-12320,10456,-559,69,-219
1396,-12268,10448,-684,46,-67
1348,-12384,10496,-521,66,-196
1276,-12388,10552,-542,27,-352
1372,-12332,10480,-531,141,-145
1364,-12544,10220,-315,120,-86
1320,-12544,10284,-100,-24,-244
1392,-12340,10296,44,112,-237
1172,-12560,9764,291,206,-187
648,-12716,11608,462,1085,-367
484,-12612,11440,1372,454,-963
1712,-12028,11104,1381,222,-835
888,-11576,7800,2691,30,-1714
196,-11048,8316,-3260,159,138
1280,-14384,9584,-3661,1526,387
1712,-13644,10856,-3042,789,-85
1356,-13312,9652,-1359,541,17
1516,-11056,10100,-1398,147,247
1048,-12844,11188,-2202,-7,670
440,-11336,10260,-2808,699,1109
1112,-12500,11572,-2970,1102,392
2140,-13396,9356,-2900,1971,-147
1244,-14296,11320,-1519,1174,-377
1512,-11724,11464,361,604,-573
1784,-11160,12092,2203,-222,-747
820,-11928,10832,3183,524,-554
940,-12476,10452,920,529,197
680,-12612,10232,-387,161,451
268,-12568,10356,-1287,113,-173
872,-12644,9996,-1475,80,-605
676,-12820,9964,-1101,110,-714
708,-12772,9840,-783,44,-792
976,-12644,10064,-806,117,-260
