-388,15140,4772,-445,77,-374
-488,15204,5344,-418,-127,-362
-328,15508,5388,-330,-315,-8
-448,15428,5884,378,287,-796
-100,15884,6340,1665,449,-1730
-3388,19568,10120,-2378,-1371,-737
-4224,16984,10268,-10427,-7026,257
-3088,14428,8408,-2510,-5232,1101
-3648,20800,12808,-12669,-11971,-1309
1436,8396,6472,-8218,-8994,4065
-468,9704,7816,-7730,-8933,-1143
2736,13528,7216,-8990,-7308,337
1056,10476,5592,-7219,-2477,-3767
3768,15228,4484,2809,5998,-6077
732,16136,7284,2736,5410,-1443
-732,16580,8272,-1641,903,-2595
-3096,15044,7996,-605,-402,-5944
956,10636,508,7951,1446,-4673
5376,18608,3628,-3285,-1705,-1626
32,15084,3560,-2009,1409,-4705
-1268,17428,7104,3371,4216,-2359
-336,16456,4296,6953,3128,-1054
-392,16824,2856,7647,2890,2148
-1116,15440,1876,7120,8458,2998
-460,15716,1552,4732,9592,3055
-4996,13948,7088,202,5223,2342
-2776,13512,5888,-1873,3196,3538
-2948,14248,7624,-3104,4956,3309
-2752,14204,9240,-2811,-706,3101
-388,14096,7116,90,-237,2509
-588,12444,7600,70,685,1637
-2112,12708,9404,-689,-314,594
-2160,12608,8948,-2314,110,9
-2952,11764,9460,-2488,382,107
-1524,14872,7904,-358,-349,3197
