-1816,-13816,8276,-757,-28,40
-1748,-13860,8268,-719,-131,-197
-1776,-13860,8260,-707,-149,-321
-1784,-13920,8356,-753,-137,-204
-1588,-13928,8424,-732,-311,-277
-1460,-13704,8396,-1138,-295,581
-1920,-13920,8356,-1658,-784,989
-1872,-13928,7984,-2096,-1460,1194
-1368,-13896,7912,-2617,-1796,1843
-1704,-14036,7888,-2808,-1858,1930
-384,-15016,7484,-2651,-1410,1766
-1652,-10448,7476,624,5265,-901
-2948,-13028,5580,-980,3294,-904
-1676,-16004,8668,-5,1105,-1526
-2032,-15436,7884,704,1747,-1426
-1948,-18084,12092,1743,-195,-1882
-1548,-15452,7360,1183,1342,-1927
-3656,-13884,7576,116,2370,-2282
-3824,-14120,9048,-341,2249,-2885
-3984,-13780,8216,442,3141,-3113
-4100,-14220,7932,876,1871,-4219
-4508,-16768,6956,-2125,2081,-5893
-4704,-10292,4820,-9568,871,-571
-2448,-13388,10224,982,-727,-3180
-3272,-7288,4992,1385,-1160,-2553
-3392,-14800,8464,-2284,267,2096
-2652,-12372,7740,2316,-3170,-252
-936,-15112,10812,1883,781,-1084
4064,-13568,4500,-2222,2480,2218
2664,-11220,6396,-2614,1752,3103
3020,-13972,8000,-2495,218,1087
412,-13896,8012,-4198,677,3484
-488,-14960,6972,-4524,1278,6123
-1760,-15232,6832,-1552,-1370,4000
-6848,-13784,11244,428,4820,719
3612,-17232,9308,-70,-2289,-1524
872,-15552,7188,406,-841,23
-444,-13904,7216,580,-219,282
-1576,-16504,8912,392,-11,-800
208,-14816,6924,948,301,-1474
1108,-15512,6120,1413,-2018,-1385
-1100,-16300,8536,33,1626,-3341
-908,-16664,7508,-953,1431,-3619
-2352,-15372,7260,-1521,2634,-4007
924,-15652,5924,-106,1838,-2876
-3676,-15676,5844,1037,3151,-2867
-3020,-13848,8820,2928,2704,-3616
-2424,-14508,6100,7471,4422,-5741
-3404,-21392,11736,-1559,4,-5421
-2668,-13464,9116,-10657,3691,717
-3044,-17360,10500,-31,963,-838
-2772,-11792,7948,5187,-1110,-2420
-3712,-11772,7796,2429,-1054,-536
-1024,-8120,6508,-1512,248,2198
1300,-14256,9672,1945,165,-2144
3020,-10444,7364,-534,503,2206
1808,-13500,9236,-2468,1066,3215
3112,-14396,9756,-1007,-1027,63
4544,-14016,7216,-1399,-63,914
1208,-14584,8552,-2785,220,677
528,-14432,7360,-2269,342,1645
180,-14604,7348,-373,288,2509
-492,-14684,7668,800,285,2485
-944,-14620,8128,1457,426,1372
-84,-14328,7392,1510,24,854
-732,-13976,8220,635,81,761
-872,-14308,8296,298,232,320
-852,-14192,8460,-107,230,-167
-560,-14128,8400,-423,105,-262
