-2512,-13568,8500,-1692,-1129,605
-2680,-13648,8556,-2530,-1731,1272
-2840,-13728,8484,-3423,-2485,1750
-2568,-13980,8040,-4000,-2683,1261
28,-16192,13412,1454,528,-2350
-2656,-13216,12196,580,-1040,-2462
-1564,-17120,10492,-628,-1058,-853
-1956,-18444,9004,-127,-586,-2026
-4060,-15408,9588,193,1245,-1287
-2812,-9452,2804,1253,1900,-519
-2992,-13940,7272,978,2625,-1534
-2544,-13584,6764,549,2726,-1618
-2108,-12796,6928,186,2435,-1749
-3080,-13140,6956,1778,3104,-977
-2432,-14504,7480,1775,1991,-2084
-2248,-14144,7588,-799,1892,-3370
-4304,-13324,7400,-2033,1346,-4105
-4428,-13896,9572,1,794,-5187
-3916,-14068,8076,145,-65,-3454
-2452,-15008,5236,287,2567,-1586
-2908,-14628,12116,-1787,-605,-1327
-820,-12764,9244,-1056,-3189,-1116
20,-11548,7916,5276,-3069,-6829
816,-14076,9504,-306,10,180
384,-15412,11564,-3997,164,3741
812,-9972,6820,944,-3973,-2388
148,-12500,6664,908,-1443,1179
2964,-13128,8584,-1625,-1491,2565
1188,-12284,8564,-339,-1566,965
1436,-13136,8460,-1139,-739,1372
1816,-12344,7928,-3601,2334,12760
-3380,-15820,9408,-3192,-2465,9423
-4148,-12056,9040,-1381,-350,2151
-436,-10948,2968,-184,1761,309
-1720,-10804,5656,-500,3055,-399
-992,-16372,9756,-472,1432,-2229
-3888,-15608,7572,-794,3863,-2696
-3816,-15360,8412,-362,3546,-3101
-6412,-16800,9928,189,2815,-3062
-5656,-14364,9064,1827,1041,-2931
-4912,-14832,9416,3628,2588,-3908
-6860,-13872,8040,1849,4150,-5885
-2776,-16868,5860,3148,3565,-4527
-3528,-14324,6712,3072,2566,-4491
-3008,-14716,7208,-2122,1279,-3235
-4380,-9460,2292,-5326,802,-312
-2124,-11856,3140,-963,-224,-1596
-5000,-13200,6592,-5046,2738,1862
-3252,-15312,12108,1396,-2456,-3142
2628,-15612,9472,2870,-1043,-5100
1084,-13036,5616,-2876,446,4263
1572,-14792,10924,-812,-1993,2719
3664,-17232,13736,-343,-3340,875
820,-14488,7584,-415,-1170,1171
1260,-13628,8168,-377,1218,-1746
32,-14176,9416,-2225,470,749
-236,-13884,7952,-3648,578,2585
-1068,-14292,7308,-2740,327,3536
-1404,-14368,6932,-1192,241,2469
-2084,-14428,7708,-359,36,1041
-1992,-14356,7792,-342,-17,-249
-1816,-14216,7724,-753,-32,-430
-1680,-14240,7692,-1330,110,33
-1844,-14300,7496,-1467,153,143
