-2052,-13812,8220,-577,-43,-327
-2068,-13944,8120,-502,2,-204
-2060,-13988,8244,-401,2,-262
-2052,-13900,8224,-398,61,-176
-2004,-13776,8252,-417,84,-238
-1984,-13880,8240,-540,-5,-288
-1984,-13836,8096,-532,5,-128
-2076,-13852,8136,-539,38,-164
-2040,-13904,8108,-475,-29,-170
-1984,-13948,8296,-392,-19,-175
-2016,-13888,8184,-450,-136,-292
-1992,-13804,8348,-624,-293,-356
-1868,-13908,8156,-843,-281,-11
-1960,-13852,8180,-811,-381,-39
-1912,-13832,8280,-1025,-605,542
-1760,-13860,8164,-984,-965,1284
-1784,-13984,8048,-898,-1207,1638
-1996,-14200,7912,-639,-747,1488
-1232,-14616,7764,-133,274,1128
5760,-18944,8836,2501,4384,-2966
352,-15484,8464,491,3732,-2014
-2376,-14836,10536,-495,3623,-1061
-92,-15396,7664,176,1383,-3358
-1496,-13640,5572,402,2347,-1276
-3460,-15072,9532,-129,2662,-2340
-5332,-13456,7672,-397,3136,-2467
-6272,-13712,7280,1564,2663,-2530
-3548,-13836,7204,4376,1128,-4814
-3700,-11004,8812,2792,-2234,-7128
-2616,-20184,10940,-3691,-210,-1653
-4360,-10992,4228,-12614,1294,2860
-4016,-18452,12780,-3605,-1675,-158
-2996,-15944,7992,-802,-2251,858
-1684,-17584,9776,-1616,-392,2133
2316,-15452,6308,2502,-1597,-3965
4864,-13528,5308,1342,233,-2059
2412,-11380,5328,-2537,1654,2592
3740,-13816,7836,-886,-455,-442
732,-13468,7880,-2854,791,4999
-200,-14312,6988,-4398,2941,11304
6484,-9148,2568,1122,8252,-1816
-156,-11332,4756,-707,436,111
-1828,-12728,5644,-707,4145,-610
-1716,-14700,4608,15,4846,-1072
1188,-19304,17504,522,1206,-3087
-1684,-18500,11304,2457,176,-2891
-2596,-17636,10532,1860,343,-3303
-3372,-12976,4656,1716,1477,-2692
-3316,-15280,8420,377,1922,-3696
-4944,-15192,8104,1649,3088,-2933
-3788,-13332,6296,4466,3874,-3309
-3740,-14412,8244,6263,3141,-4058
-3660,-12056,7960,2606,642,-6005
-3728,-8652,6504,-3827,36,-2892
-2344,-15160,11988,-3579,-65,-1388
-1692,-14016,9736,-5900,-667,423
-1160,-16272,6780,-1794,-1394,-254
-1940,-9844,3280,1682,-194,-4457
-860,-17052,11584,-1026,-530,534
-1580,-12376,5396,90,1438,200
-576,-12660,6600,-1028,-183,3571
2168,-16176,11116,-649,-2563,1837
3784,-14252,8864,-757,-1268,1776
4456,-16804,11072,-1445,-3356,-325
744,-14696,7908,-2189,612,510
-580,-14312,7540,-1810,368,1426
-864,-14460,7248,-637,131,1960
-1196,-14508,7540,36,157,1063
-1492,-14448,7784,280,171,9
-872,-14192,7628,43,177,-56
-1036,-14212,7804,-503,163,491
-1732,-14320,8604,-766,-111,1027
-1392,-14300,7612,-1027,137,441
-1344,-14304,7596,-823,145,438
-1564,-14336,7696,-682,149,288
-1460,-14296,7532,-464,134,-5
