-132,-10420,12628,-335,699,-502
-280,-10060,13204,-159,472,-142
-96,-9972,12680,-448,375,-118
-284,-10100,12696,-141,-136,-208
-524,-10360,12592,-274,74,-159
-16,-10260,13080,-336,-328,-3
-168,-9792,12544,-360,-263,162
-608,-9856,12140,-441,-44,93
-564,-10260,12924,-451,-551,9
-340,-9848,12648,140,-1230,622
-16,-9316,13160,-4,-1213,439
-8,-9192,12300,-382,-1810,235
-76,-9716,13188,-468,1918,333
132,-9708,12780,361,-375,265
284,-10184,12276,368,-1062,186
176,-9804,12484,270,-1526,-193
716,-10524,12872,368,-830,-612
512,-9236,11948,-1039,613,-1870
76,-9740,11764,-712,2232,-1465
1528,-11672,7696,12041,-7776,2759
-6040,-13296,11332,-4392,3174,2509
-1880,-13812,10236,-9779,-647,6182
696,-12400,12348,-13190,2370,4944
4232,-10852,12460,-10309,2024,804
7332,-9516,17084,-887,-1788,-9637
532,-10944,11544,5128,-2971,-18163
-6572,-12032,8264,-3824,-6143,-6007
-7420,-14868,7916,-11563,1058,208
-6632,-15612,2552,-13299,2683,8299
-1036,-10368,11852,-16816,4182,16922
648,-12800,17056,-4186,2486,15115
2828,-12160,18000,13811,-5550,7680
-2176,-16460,22152,25127,-15039,1156
6820,-7320,6444,14736,4520,-5220
-2608,-7876,1892,10753,-12792,-8103
7076,-10104,-236,-6295,-1738,-18621
12840,-8184,-2384,2453,-885,-3234
1684,-13656,10912,-1833,-1762,-12233
-3556,-9364,12528,-2866,3669,-4700
-5868,-11344,12688,-4136,5647,4545
4564,-10992,12416,914,5605,12189
3020,-9508,12716,-3412,7712,3244
1852,-10760,14600,-105,1887,-1601
-1184,-9916,13960,24,-1407,-140
-220,-9876,12736,300,2315,-34
-780,-10308,12604,-542,2005,-19
