-96,-9420,11800,806,-1305,1303
-312,-9332,11752,-567,-1517,609
-596,-9084,12636,-726,-580,673
-752,-9384,12052,161,147,1144
-948,-8044,11472,-522,1147,1277
-100,-9288,12856,-1237,1570,706
-1068,-9528,12916,-620,1375,923
-1200,-10208,11992,-17,1760,312
-844,-9984,12828,-1263,3189,-658
-1320,-9612,12360,-380,1055,-51
-604,-8928,11860,-318,1297,-675
-1716,-9604,13856,126,391,-1042
-1860,-10924,14864,-340,1150,-591
-1432,-8292,12592,1407,-363,316
-744,-8016,13048,1269,-2220,-1082
1084,-8504,11172,4070,-2991,-2805
-1124,-9212,12332,565,985,-5260
-2944,-9988,8936,-6152,-1553,-1825
-10368,-20268,32767,2043,-6998,10291
-5056,-12320,12072,-10418,886,8689
5300,-12252,10088,-15329,7285,9602
8988,-10684,16956,-3406,-4354,-4584
4980,-11180,13132,-94,1870,-21241
-5992,-12992,1976,-7224,-4682,-10288
-13652,-14464,4908,-12228,-1305,808
-11532,-14240,8268,-15957,419,9467
1448,-10276,12588,-15100,9032,17163
8012,-14404,21424,690,3816,8420
2744,-14424,20944,7383,-12460,-9188
2396,-11788,12900,23203,-5533,-356
-5224,-8268,1504,24451,-9134,3824
-2320,-8652,6728,8401,-11402,-2786
4140,-9696,4512,-4990,4477,-6371
12444,-20616,-3916,32767,-32768,-1485
2512,-14388,9380,-2810,-7302,-13368
-3596,-7684,15192,-10749,-4170,-2200
-2868,-7604,14188,-2645,4964,-2201
-4584,-11284,12132,-1426,4287,2351
572,-14156,17968,3410,-2491,8300
6144,-11788,12212,6657,-610,1102
568,-10448,12392,1081,4333,6
3248,-9328,10040,-1627,10172,778
-284,-9944,13320,-3085,3684,1432
480,-9220,9892,-3677,5228,-937
-2084,-10280,12124,-4312,5617,-268
