-332,14884,5780,-115,203,248
-104,15312,5164,27,321,55
-328,14988,5500,-239,57,-72
-232,15352,5392,-512,-25,-152
-260,15032,5804,-403,-2,122
-60,15180,5688,-21,578,281
8,15004,5400,-236,7,-7
-92,15068,5764,-347,0,-442
-112,15332,5720,-128,-94,-593
916,15376,5676,918,630,-1682
-1520,15188,6892,-7,2303,-5228
-1484,12576,5232,-5348,3511,-1873
-1836,16264,7712,-11337,-5865,-2857
-3580,13788,8480,-10533,-4399,-3428
-2032,11820,8120,-17039,-8670,-4171
992,10152,6812,-6808,-7166,-820
-332,9872,7404,2077,-913,-3106
-2204,14144,10296,1267,2344,-2544
-2124,11156,7496,1023,-1392,-3967
1004,14152,7160,6987,5632,-4098
-2008,13160,7832,3741,2999,-4946
6176,11040,1032,15452,5566,450
6340,16732,7772,1846,0,-8475
-1764,14060,1364,-2845,11421,4306
-1428,15880,5692,586,6289,3999
-4688,16344,2136,242,1328,9493
-4916,13956,-40,-152,8746,14445
-7496,15328,2832,1416,14567,7716
-7924,17252,4988,4748,5338,4632
-5696,15608,8564,2682,4322,3656
3040,9044,-7032,860,2260,-2118
608,8908,2604,6502,2286,-4179
352,15672,12420,6443,-8037,-5170
7124,11808,7480,5014,-8100,-6580
4012,17148,8784,4503,-8264,-6535
2280,17992,3560,-3529,-4239,-830
-1148,18312,8308,-3944,2981,3197
2992,14748,4912,-6836,632,6382
-5120,15104,6168,-5525,3350,5671
-7876,15856,5780,-2676,3407,3357
-7368,18888,956,-5811,-346,8492
-7076,12956,4796,-3664,-3366,6011
-9964,12720,10904,-9133,-11041,-9336
-6008,15920,8412,-5473,-2450,-4258
-1908,8060,4948,-5071,-3771,-2789
2260,11836,5184,-3457,-888,-6765
1700,14596,7328,1434,3202,-4353
2660,14172,6964,1089,3040,-3384
2180,13768,4912,5891,5791,-1303
212,21316,5952,839,-3029,769
776,13560,3256,2345,-246,1508
-8792,15104,1724,8105,2438,-1011
-7840,17324,9504,5244,441,-2714
-1732,11596,-2440,1024,3214,-1799
-13396,3020,3860,5347,3831,-7302
8128,14896,3372,-4810,-7380,-1429
11544,24520,12928,-4198,-9539,3598
868,12060,5940,-478,-1793,-2114
-2420,15592,7472,-114,729,-3009
-2988,15040,5860,-2543,-1044,-4552
1228,18824,6416,-5514,-2604,-4578
320,17464,5144,-6573,1304,440
-5104,13912,3964,-2969,-757,3156
-2604,15420,7036,-50,-1261,3150
-2200,12564,4128,5173,-1505,4259
-3328,13440,5460,6695,178,4497
-1580,15200,5900,5687,758,4763
-2900,13772,5828,2505,620,2685
