-5536,-13112,7488,-427,625,-7
-5472,-13440,7656,-366,359,-217
-5100,-13284,7680,22,67,-54
-5276,-13016,7660,173,84,436
-5380,-13128,7648,195,-58,538
-5612,-12940,7488,169,151,486
-5988,-13068,7916,-116,37,48
-5776,-12816,7616,-90,466,-161
-5788,-12836,7764,-134,853,-176
-5580,-12892,7976,-244,763,-86
-5296,-13108,7676,-309,367,-93
-5496,-13036,7480,-557,440,-145
-5448,-13216,7904,-443,-265,-206
-4476,-13328,7360,-422,-740,-759
-5180,-13288,7856,-1034,-1747,-166
-2928,-14720,9060,-1319,-1728,-3917
-1228,-15756,8788,89,-4413,-11226
-3700,-13820,7048,-1396,-1387,-11088
-8684,-10464,6268,-1216,3539,-5242
-10292,-12608,9784,1065,-904,759
-8052,-13172,8776,4559,4543,-6994
-7224,-10968,3948,1803,5159,5665
-6044,-11260,4836,-5046,12445,14693
100,-16828,12328,-6600,9670,8084
-1064,-18292,10800,-1646,10,-2027
-2188,-15104,5460,-1468,-1502,-1707
-4872,-15820,3440,-11674,-1564,3005
-6648,-14912,3500,-12701,-6148,694
-6524,-11512,4080,-12303,-3687,2573
-5328,-13104,8588,-7923,818,3485
-6488,-14296,9260,3601,1262,1209
-4316,-15176,8032,8483,-2299,-7453
-3800,-15852,5032,7147,-5228,-8694
-2928,-15564,3188,1359,-6800,-8228
-3168,-15704,3072,-1554,-6013,-7356
-3740,-14848,3084,-4585,-2922,-3328
-4264,-15240,2368,-5729,4052,-5171
-7940,-14664,2280,-7670,3601,-4181
-9824,-12840,4544,-8098,10513,1346
-12396,-11492,5044,-6953,8969,4203
-7728,-13796,5068,-5360,3615,6544
-3644,-16596,6400,-2325,2215,7649
-588,-16976,5468,2738,1140,4265
-1284,-18204,4316,2929,-2559,-1344
-816,-16396,2968,-276,-250,-485
-2860,-16164,3820,-1060,-305,-102
