4344,-7348,10332,4390,-496,4180
-204,-10344,16368,1561,-2770,-3255
60,-9616,14156,972,-849,-3196
-944,-8456,12820,-1614,887,-365
-124,-7316,12356,-2164,-974,479
448,-8280,13444,-2144,1049,-480
-68,-8812,14204,-986,-1633,-407
-432,-9504,13484,-328,-22,-919
-532,-9376,14056,-413,-1052,-173
-600,-8764,14424,-408,-892,78
396,-8376,12364,-809,-560,254
-476,-8768,13956,-123,-775,-228
-1596,-8904,14320,-317,-709,-610
-1488,-8576,12352,-875,0,479
552,-8652,13852,-1526,212,675
4,-8760,12740,-1790,678,687
-1556,-8172,10780,-5457,2710,2724
-1268,-8456,10632,-3666,-3577,2252
1028,-10240,16564,-7227,-194,3305
-2400,-11676,14508,-5041,2160,292
-1740,-12184,11892,-9821,1656,6153
-588,-11564,12364,-12371,3718,6265
2168,-12168,14268,-10808,1820,519
5596,-9724,17076,-5244,-726,-9932
-312,-11520,11788,4012,-2761,-23364
-8468,-12360,5476,-2883,-294,-12757
-6580,-14184,8676,-10080,-2826,-566
-6624,-14224,7608,-13038,2772,9564
-1732,-13180,10540,-17397,12312,16907
3904,-10740,15888,-6387,5727,11285
6920,-12348,17796,14611,-8072,-99
2444,-10872,16600,29246,-16769,-7607
6800,-9288,472,13802,1963,-8083
3200,-12816,5224,-274,-13447,-10821
4876,-18452,12712,-5268,3426,-13998
24,-14204,12884,-3829,-3748,-13598
-4488,-10696,11060,-3076,3491,-5697
-6524,-11016,10256,-3538,8098,5652
6932,-9824,11012,2585,6539,12669
4988,-9596,13092,-165,8983,850
1032,-9148,13164,1129,4976,-4735
-3876,-10380,14656,1254,-5884,-166
-484,-10708,13280,-810,4506,-442
-836,-10996,13768,-168,1846,320
-420,-10460,13184,242,888,-157
-2948,-13824,17708,2738,-1455,-924
64,-9100,11820,281,690,-238
432,-8648,11452,-1097,1282,-435
-248,-8876,12584,-1420,1509,-1075
