1060,-10112,13332,-1012,-306,221
716,-10488,13336,-53,-804,-713
912,-10792,12868,-8,-752,-326
584,-10820,12828,-250,-526,32
144,-10008,12760,284,116,-513
1012,-10544,12656,-96,1097,-1012
664,-10116,11560,-748,-633,-8
1252,-10120,12996,-334,-659,-48
544,-10152,13228,212,2251,-806
1680,-9816,12376,-660,-366,231
1052,-10052,12940,-573,-45,257
1268,-9948,12460,-116,299,-216
852,-10060,11712,-64,-429,392
1396,-9996,11784,-273,607,-476
1008,-9804,12016,856,800,-186
1416,-9976,11500,1123,2024,166
1320,-10120,10644,-673,4100,-882
1424,-10528,8732,-3398,-909,61
6752,-10748,7688,-160,4421,-1378
684,-11740,10312,-2585,1009,1475
512,-12660,11640,-10293,5967,2599
6196,-10920,13924,-9672,4429,-585
8772,-9696,14296,-1913,811,-12456
-1124,-9344,12480,235,1972,-16506
-6116,-13616,9772,-2754,-159,-7477
-5860,-14496,8568,-9175,-506,-164
-7288,-13988,6956,-14514,210,5464
-2712,-13740,7676,-19275,6077,15002
5612,-10684,14280,-10731,9571,14561
2648,-11520,19492,11050,-7420,1216
2524,-11664,14128,32111,-13572,936
-5132,-8788,9056,32767,-734,1940
-416,-9708,3580,6320,-8553,-4892
6084,-11864,6056,-11141,8426,-10745
7548,-21940,18908,-1823,2295,-15041
-500,-10444,12476,-3347,-3068,-18058
-5684,-9580,10400,-4587,2258,-1617
-4504,-12476,16924,-2103,1955,7886
7464,-9820,10168,2020,3531,10133
3172,-9196,12056,147,4951,1414
2200,-8160,13396,460,3731,-2816
732,-9520,13896,-593,-492,-578
36,-9188,14244,-1590,2286,-860
316,-9416,12644,-605,383,-594
-408,-9232,13204,-880,1327,99
