-412,14000,7836,-560,-109,-94
216,14060,7968,-767,-252,-201
-176,14356,7676,-510,72,-413
-300,14420,7956,-556,-33,-194
-260,13968,7784,-574,69,-3
-420,13928,8068,-536,62,-236
-576,14072,7812,-436,-232,-403
-264,13856,8184,244,-36,-538
56,13696,7808,602,-81,-728
-396,13944,7732,938,125,-842
-728,14436,7880,954,16,-556
-632,14456,8176,366,-207,-573
-60,14036,7556,437,278,-1131
-1872,14456,8388,1076,1227,-1398
-444,15684,7648,-2122,515,-2848
-1792,16984,11056,-13154,-5254,-2473
-292,11588,9244,-9334,-4536,-2105
-488,10552,8344,-5831,-5534,-4101
-2432,10928,10276,24,-3683,-1155
-1920,10240,9520,1569,-4366,-478
-1580,12144,9664,-225,-7659,-2357
2828,11000,5420,2278,-3597,-2593
-276,12440,9868,4921,3481,-1422
1072,14356,7652,1944,-1488,-5034
1004,14980,7800,964,-2262,-6333
-56,14036,8652,925,-3815,-5435
-916,13032,6896,2726,-101,-3882
-2336,14028,7444,5127,651,-3681
-1484,14336,6816,5580,-591,-2958
3528,12056,4008,11970,5497,1262
4892,17520,5348,2204,8699,-3528
4028,18508,7016,455,5285,-341
6092,22024,7844,-2875,7541,7653
-1764,18020,5992,-3481,8724,11584
-5624,19044,5276,-1243,8834,6517
-9508,16748,4044,766,7133,9204
-8500,15560,3884,1630,10143,9122
-9852,14164,-1164,1326,7949,5747
-9664,7480,-2028,4563,12603,-6080
4692,15800,8952,-508,4963,-6219
11484,28996,24084,1212,-4924,-4380
11516,21636,10876,4206,-10052,-5157
4304,16584,8952,6030,-10216,-3748
5752,20080,14836,3628,-10363,-1957
2660,15820,6972,-4859,3051,412
7944,19512,10728,-5281,4446,11435
-9700,3320,5280,-10541,4795,2607
-2768,16176,7100,-5597,-638,3909
-5092,15684,11108,-4528,1601,5392
-5524,13848,16380,-3770,-3428,3869
-2032,15856,7400,-2939,-274,3530
-2332,14656,5044,-2903,-3029,5783
-9616,19804,7708,-7502,378,-834
-7340,11896,5056,-4524,131,-2539
-2880,13024,7252,-1287,-524,-4866
1716,13052,7304,-1959,-1970,-3658
2876,12408,7364,-565,-180,-2193
5840,13756,7184,-839,258,-2441
4748,15576,7920,-551,1882,28
908,14116,7128,-940,678,2094
-2092,12268,4504,474,1676,1553
-5816,10844,620,12232,4102,-2260
-3620,21208,-952,-2112,5793,2116
-7252,13136,192,5706,1439,-5977
-8140,19068,11456,14109,-1084,-12126
52,15076,3588,535,-4822,-3400
1440,13964,7976,-31,-6908,-57
2872,18688,13512,2787,-4292,-2040
5116,16120,8336,-1396,-1107,342
-3244,15244,6924,443,861,-2460
-3040,15796,5264,-485,320,-1928
1312,18024,4964,-13513,-3367,1426
-1416,16832,6076,-10299,67,-7115
-3144,14572,7140,-2004,682,-4397
-1296,12240,5800,3374,140,3162
-1720,12312,4576,6248,-2754,4173
-3020,14620,6496,3922,-1004,2780
-2996,14032,6032,2898,836,2351
-3240,14640,6620,-1789,1892,805
