1028,-8088,13176,-530,117,-121
1028,-9304,13068,-161,223,-558
1548,-9168,12944,-310,779,-549
872,-8636,12212,-1034,753,-314
504,-8644,13272,-1200,485,-367
1892,-8236,13384,-871,1304,-914
2872,-6856,13200,-1908,2312,-989
3060,-5048,12476,-3520,4028,-1986
2888,-5036,12204,-4550,5432,-2472
-300,-9888,9956,-7564,7436,-3786
-2392,-14588,10024,-5962,12069,-3237
-4992,-13796,14508,-4809,7467,-1882
-476,-7248,12296,-952,1598,-6933
1376,-5664,9636,-5823,6136,-2252
-1840,-11344,9448,-9035,5870,-3616
-20228,-6324,-6304,9374,-18287,1191
-14676,-13596,6660,-2113,-14554,18677
-12004,-18868,9192,-10178,-24182,29084
10436,-19748,4368,-10389,-15516,22727
13872,-26060,1412,-15693,-3553,7023
7696,-14380,7028,-10610,8769,-1831
8972,-15928,7512,-685,11399,-6561
1036,-16528,5400,903,18724,-19586
-7588,-14168,6220,-1618,20727,-16398
-10452,-13428,8088,-1309,14146,-9695
-11272,-11388,9060,-992,4300,-477
-8244,-12456,10076,407,-6040,494
-9188,-12664,11164,-737,-3856,5456
-5692,-12956,14092,1287,-3824,7080
-8164,-9508,17784,-133,-7223,5017
108,-13412,14820,-3424,-4528,14006
2260,-14364,10356,-2914,-11162,15324
3800,-17980,11872,-2377,-18593,16116
3796,-19816,12036,11670,-20302,683
3696,-11056,2948,13441,-12515,-7929
-1104,-10432,7220,13977,-5265,-7923
-7024,-5728,5276,2712,-2607,-9524
-7768,-7992,7224,-8995,4714,562
468,-12712,6100,-12994,4784,-2677
9560,-17512,-368,6852,1775,7076
8256,-17640,12280,-3558,14123,-7949
4476,-11256,8420,-2131,9332,-27914
-5160,-12888,7376,35,15854,-8778
-12276,-13484,8360,-1051,4671,-9568
-15076,-13904,10440,-1204,-3894,-3474
-4496,-12928,6780,1723,1076,-1314
-4224,-17192,12932,11403,-6752,-1515
-3084,-14356,11816,9252,-5693,3570
-8668,-11332,10932,7281,-8016,8051
116,-10064,8368,6691,-14730,9047
4432,-11608,10812,7962,-7710,3541
2564,-10452,11808,11252,-3653,1505
-680,-6772,11400,7845,-484,2896
844,-5456,11176,5453,-2319,2364
6032,-7360,13044,-2037,-1317,4015
3756,-8108,15040,-520,236,-1353
-2508,-7596,15564,1091,-1525,-5944
-1432,-8836,14104,-5078,-4790,-556
3716,-11308,17232,-99,-5081,-841
3616,-7588,14312,1085,-1547,-745
552,-8440,12792,-518,193,-996
-752,-10640,15524,3077,1573,-1363
-892,-5444,9464,6423,-841,2996
