1744,-9216,13972,-774,957,-665
2452,-8620,13960,-145,1510,-1688
2696,-8256,12748,-195,3361,-3466
-532,-6796,13480,-1746,2335,-2383
2232,-6188,12596,-2778,3128,-2699
2872,-4928,12892,-5384,2504,-696
2760,-6300,13956,-4371,6443,-841
7456,-8352,9856,-2074,15,-3622
1388,-8144,10252,-10005,6421,-6773
832,-13080,11600,-11030,11377,-6577
-3340,-13032,10364,-7780,1648,-6917
-4012,-11864,9412,-9774,5546,-506
-3464,-11832,6308,-10760,4602,6539
6052,-30300,11880,4744,-7460,-2002
-4240,-15532,2388,-2346,-21507,19972
-5488,-17580,7996,-6798,-16244,21455
4448,-16192,2412,-8405,-17620,21154
5028,-16104,4980,-6429,-6454,15298
7740,-17924,11640,-3346,1339,3203
7512,-17256,8900,-493,9441,-7428
5692,-15412,6472,640,18689,-15667
-904,-15048,6216,821,21198,-17555
-11504,-11932,5808,881,22260,-13892
-10872,-12020,7944,1852,12883,-4731
-10220,-12692,8332,1221,4297,-1789
-9092,-11148,10828,3868,1277,297
-9272,-9644,11504,4938,1464,3381
-6424,-10032,13532,2491,1600,8896
-6580,-9560,12504,-4984,-5245,15070
-3560,-8400,9936,-4498,-3670,10669
-2976,-9716,14868,-7453,-8811,15803
224,-18584,14544,-8407,-13516,12584
-1328,-21724,22364,10545,-29842,-876
3188,-16368,16844,12720,-24876,-2134
8444,-9492,3396,7422,-2178,-8119
-3208,-9052,7060,3354,-4858,-11498
-12632,-10624,9920,-9,3533,-2248
-5636,-10104,5036,-6675,5119,4813
-636,-12376,6196,-9126,1365,-1905
8704,-12892,520,-25389,11068,-11507
21628,-17204,2352,-725,13174,-18071
9020,-15712,8620,-1046,11491,-19879
-5252,-13000,10528,-2114,20209,-6993
-11540,-12900,9000,698,6897,-6484
-13204,-14216,8100,-2135,-3479,-2587
-2704,-16224,9564,-2606,-5538,-3526
-3396,-13440,8748,2981,-3820,-10860
1088,-16008,6488,10679,-3317,5586
-1340,-11832,8708,6088,-4184,4226
-1176,-11968,11312,7368,-4643,2335
-688,-11904,12452,9550,-4658,4027
172,-10880,12968,8037,-4640,3185
1288,-11192,13168,8861,-5108,3378
-1552,-9516,13420,8609,-3922,5223
6476,-11956,13780,11362,469,1522
2700,-6652,12620,13664,13750,-9419
-3984,-7032,13900,5385,493,6773
-1096,-4840,12340,-795,1485,3453
-420,-6040,14928,2108,2120,432
-760,-5600,14040,2200,-1059,-450
1428,-5724,13580,-1870,-2521,477
-740,-5860,14572,-21,-2001,-265
684,-5872,13344,-394,-2075,-1410
516,-5976,13380,-1547,-1161,-24
-1140,-6520,13988,-756,190,36
-1216,-6740,14164,-1610,-1471,492
-476,-7508,14704,-1197,-1770,1348
-132,-7580,14556,-1276,-749,68
100,-7348,15008,-1247,382,-141
440,-7720,15700,-241,293,353
