-80,15260,4888,-296,-28,1
-40,15176,4900,-475,80,194
-428,15640,5028,-838,-306,639
192,15236,5260,-780,-73,129
-384,15208,5720,-548,-837,-245
-316,15616,5368,-572,160,-644
-100,15560,4896,-322,-110,-160
-16,15308,5192,25,-66,30
-348,15980,5312,-165,-90,-691
-960,14972,6928,-2047,-1054,-2743
-4044,18616,9172,-11035,1670,1772
516,13080,7520,-15368,-4027,-1424
-88,11168,10220,-12064,-7770,-5871
652,11764,9020,-11906,-10665,-5015
-1188,7972,7428,-5437,-8636,-1898
-1424,8176,6932,3184,-3272,-4610
-1164,12964,7164,-2450,-3439,-11693
2144,14424,6776,3778,380,-3428
-1256,13320,6316,2387,1703,-4165
1396,14808,4948,8071,7372,-6882
1064,17120,6236,15695,6999,4597
12020,11856,-7592,356,-1050,1787
-2080,15592,3568,3193,14457,-3356
2128,19896,5256,-1131,11849,10600
-3380,14248,6632,10,4242,9508
-3268,19488,6136,537,8355,17605
-4140,13908,2380,750,5906,17424
-4348,16572,3884,1426,13633,1353
-4880,18636,4744,2714,4081,6180
-4888,15288,2888,3954,5396,-1256
-2360,17468,6884,6004,5584,-5321
5876,12744,-1732,1854,5680,-2532
-4064,11128,9148,7999,-2900,-5938
7516,12288,13784,5153,-4871,-5699
4548,10192,5064,4727,-7242,-4191
3832,13672,8836,4339,-4349,-3665
-5004,7724,6024,1610,1262,-4004
3956,21124,11496,-1582,-95,2494
480,13332,792,-8194,7447,3747
-9612,13292,-5048,-11818,5344,5553
-12416,10836,-404,-6514,2216,3042
-4580,16388,3180,-4009,1157,2896
-3524,21544,3548,-289,-2254,4009
-2212,20492,6356,-2415,-3385,3855
-9512,11400,10868,-2035,-6516,3885
-3408,15204,2648,-11607,-3037,-2464
-1468,12204,4292,-8865,261,-5709
1676,12476,6156,-5009,147,-2788
3144,13628,8116,-2512,939,-3967
4364,11984,6404,-259,870,-2530
4212,14400,8628,1578,691,-1671
4348,14780,7024,-2804,-189,350
2960,11900,5364,-3753,-1808,907
-624,12724,4172,3654,1041,-998
-5996,13328,2008,11062,2535,-1001
2744,25348,-2084,-3424,861,8515
1844,15404,-7664,-983,2928,64
-6696,12192,-2984,-1614,3314,-5196
-4128,20600,16528,8832,-3962,-6018
-1416,-17316,-17048,-7494,1730,-3080
22628,22536,9616,-6877,-11441,6450
1392,13648,9716,1887,-246,-3645
-2644,15232,7088,3989,1843,-6677
-3560,16464,5692,1225,1776,-4162
-1856,16040,4864,-1140,946,-2534
-1164,18092,6120,-4730,-1468,517
-1100,16140,6116,-5590,-4086,1595
736,12692,4664,-1618,-385,120
-2504,13864,6136,-1277,149,1267
-1500,15084,6848,-450,-1847,3076
-1256,13804,7016,-480,-1165,2196
-2104,11944,7160,-1024,-282,1418
-680,13156,7920,-1687,-918,194
-1632,13220,7740,-3529,266,560
-644,11880,7140,-3022,673,519
-1200,12080,7316,803,4854,2265
-4080,14560,8236,1484,2395,865
-736,15444,8756,-1288,-337,-946
-1400,15392,8364,-3881,-1967,-1433
-948,13148,7896,-3547,-1454,-378
-832,12804,8132,-2129,99,-324
