1860,-8580,10424,-104,1816,505
-1608,-9804,11488,-4443,3824,-1009
248,-13872,32767,-14272,-67,4358
-1704,-15604,15460,-7198,3645,3765
-3416,-10936,8092,-17114,4408,8996
4868,-11008,12120,-15636,6013,5432
10348,-10876,17496,-2539,-3051,-10776
-1032,-10564,9996,3656,-3059,-25817
-7824,-12760,260,-8989,-2358,-7029
-7740,-14888,9296,-11817,-2437,2790
-6200,-15176,7152,-15719,1771,11699
1788,-13252,10580,-15138,8739,16317
6748,-12456,18964,1160,1003,3261
3632,-14980,15920,32767,-12827,-4370
-3008,-9648,11332,29045,2713,-2300
-80,-7768,3920,9521,-4729,-1416
3816,-9932,7192,-5577,-2093,-5827
-20876,-32768,32767,20119,-29230,-11910
-1748,-12924,12820,-47,-5724,-15811
-4540,-10968,11328,-6115,223,-1528
-5620,-11584,12552,4011,-6163,11969
6156,-8520,10564,3217,9857,12932
3340,-9424,13884,-906,8074,969
2300,-9180,14172,2044,2415,-5815
-320,-8440,12840,644,-604,-1295
-248,-8784,13308,-1117,3388,683
-28,-9152,13504,-996,1358,193
-532,-9496,14680,570,1825,-438
52,-9464,13900,428,-433,-764
-72,-8864,12848,331,141,141
812,-9332,12232,-543,486,183
748,-9580,14084,-762,342,91
1160,-9708,12604,-12,425,-458
240,-9092,13372,-43,269,-1283
