-200,14284,5932,-437,-30,19
292,14524,6088,-339,195,-335
84,14888,6088,-384,149,-346
-376,15048,6128,-250,203,-151
-140,14900,6080,-448,-7,-148
140,14796,5808,-368,213,-288
-116,14676,6348,-461,-42,-46
-496,14916,6012,-494,-62,-184
-40,15000,6400,-534,-321,-398
-112,14884,6164,-1047,-749,-209
-524,15140,6844,-2342,-1088,-440
-3196,13588,7284,-4916,-4121,2588
-1168,11736,7148,-2585,-5501,1
-964,14284,8312,-5099,-4092,-7582
408,15392,8084,-9034,-1920,-8200
756,14876,9104,-5046,145,-860
-1204,11816,8580,-5039,-1846,-143
-1924,10552,8992,-3829,-3270,-3180
1628,14488,9336,-3097,-1313,-6573
-752,15836,9716,-7330,-7692,-6119
-3148,11100,7972,-3501,-5379,-2810
-2428,9028,5948,-407,-5486,-10964
3336,11764,4236,15380,1932,-2390
6080,14444,4024,13908,7539,1326
-8480,21080,11676,-4156,2225,-3500
-2116,17612,5456,67,11643,-965
-4788,14520,3196,-2019,11086,3779
-648,20144,5168,-990,7836,13650
-5424,8748,-4176,-3768,6406,16892
-4016,15876,4136,-1175,9811,10994
-9408,16180,4644,-2117,9004,13797
-5916,16976,5892,-3813,10843,7843
-7384,15000,10820,315,5017,-1274
88,11312,-1308,1693,7644,-7823
5432,3952,0,6754,-340,-7674
4472,19768,16496,10024,-6038,-9025
1492,12296,6288,10309,-11777,-6868
6432,19160,5324,11477,-6052,-795
6520,15488,4484,3543,-1519,-925
12188,26364,148,-1055,1836,5415
-8684,7636,-6852,-10691,8787,-318
-7960,7768,14428,-6688,3115,1047
-12748,7256,-2064,-4940,5724,-7
-1076,14288,9844,-9670,-6346,7198
-11540,8684,-5548,-876,1658,-2472
1520,17408,1784,-952,3148,1368
-1816,20316,8932,-1607,856,5274
-6796,14764,4604,-6224,-1982,6197
-1236,18576,5156,-5350,-3438,-3592
-2780,17364,8048,-6558,-909,-4256
-1932,11536,5796,-9258,-2768,72
-176,8812,6584,-6197,-2108,-2938
5264,13768,7368,1437,1819,-7880
3544,15460,9596,-711,-928,-3067
3776,11424,7740,-1010,-1391,1171
1964,11036,7448,1501,518,-721
2988,13992,6548,-75,-317,-1010
-1392,13284,6172,-957,2364,-1045
-1944,13712,5536,3540,3405,-2098
-2432,16392,5496,3400,6208,-3686
-5052,11044,-348,8421,5455,-1599
3116,19696,1740,-6252,-282,8674
-3860,17260,3192,4483,3615,-4296
-8452,9084,4740,3274,1685,-9012
-2212,14792,15240,6837,-105,-921
13012,17820,14268,-516,-5395,-1615
5288,13652,9144,-4065,-4766,-217
-1236,13252,7936,783,523,-2085
-3696,15296,7220,704,-644,-1815
-2732,15224,6768,-1337,-1085,-1581
-3000,15308,6876,-5043,-2840,-3347
-716,15896,7432,-6252,962,-6993
-2532,16264,7100,-9110,-946,-6965
-1668,14896,7236,-5587,-1930,-1103
-2012,13532,7160,-3924,272,1959
-3328,12692,7684,-1407,-2647,3138
-3856,12876,7044,3263,-3870,5524
-1196,12876,7276,5450,-1997,6521
-2336,12736,7400,8940,-426,5921
-2016,11768,7032,5920,3801,2733
