-28,15064,6780,-394,-147,-90
472,14780,6672,-322,340,-385
88,14208,6816,-405,9,-594
-404,16060,7332,-871,119,-845
-292,17144,10052,-1962,-203,-1206
1876,11832,3540,-5283,-6330,-4225
10416,19352,5652,-12706,-14017,3169
2900,11300,6184,-22185,-17761,-1549
1396,10316,8844,-5340,-8285,-686
412,10452,9636,76,-2848,-1661
-2260,11104,8832,751,1861,-634
-1912,11412,10532,3862,-1600,-5981
-3048,11724,8784,3905,-1158,-9415
772,9988,2220,19726,6124,-11078
6500,20624,3852,4007,8983,-1121
8436,20336,3736,5975,4559,-1002
5924,16512,5332,2657,4440,8139
532,18276,1256,4118,2448,12692
-6128,13296,3844,2875,6482,8584
-7328,18456,5620,2936,16978,3622
-10176,15920,6936,3230,11115,3718
-4448,16072,5940,245,8464,2105
3248,14668,-940,-1356,15479,6676
6744,12844,6992,-300,5982,720
6900,13560,9564,962,-30,-3590
5824,13792,9232,1064,-4077,-4003
4756,14136,8660,523,-6566,-2470
2396,14348,8556,991,-286,-1063
392,13316,8416,476,1117,1709
1024,14736,8768,-1252,3111,3515
1344,11816,8112,-2835,2726,5458
4044,13636,8128,-2645,1666,6068
-5940,12928,9396,-2357,2784,1433
-3924,14236,9692,-3248,-4053,3291
-3552,16360,6476,-1864,-3307,1473
-4824,17088,8124,440,-1217,1938
-8244,17640,9580,-5636,-6542,2712
-6372,11984,6848,-15812,-11619,-3096
1056,11900,6292,-5493,-6923,-8788
3648,15212,9760,-4532,-3843,-4364
4804,9728,5628,-4858,-1356,-2540
7016,15912,8132,2532,4903,-6459
5636,13920,7864,527,2640,1174
-2992,10068,5680,7760,-880,-687
-3888,12660,3016,12165,5156,-9394
-4672,24948,-2820,-9548,4572,6544
-3632,14624,4976,696,-6207,-1138
332,16608,7100,429,-410,-9851
2636,13600,8208,-2873,-6479,-1135
2808,11132,5620,-3177,-7122,1945
5916,15092,8880,-89,-2675,107
5316,14140,9924,1068,-858,-1115
2032,13260,9124,712,1325,-2515
-936,14452,8240,776,17,-3171
-784,15200,7904,1034,-771,-1937
-640,13976,7064,858,-2125,-1037
-196,13968,6800,1092,-369,-1631
-884,14596,7036,280,-700,-1233
-716,14440,7232,-68,-774,-860
-820,14424,7080,-648,-476,700
-28,14452,6936,136,487,520
180,14240,6972,160,795,691
