-548,16384,2728,-238,-254,-244
156,15680,2316,-170,129,-383
-320,16152,2960,-299,-99,-227
-252,16272,2384,-270,-29,-336
-216,15916,2412,-258,216,-509
-148,16148,2588,-399,-31,-154
-132,16092,2764,-454,-62,-169
-376,16116,2852,-455,-122,-478
-208,16708,2600,-33,80,-435
-520,15928,3048,231,-208,-189
4,15864,2756,895,283,-1001
-1924,18720,5496,-1727,1433,-3792
-1524,16820,3628,-888,-1289,-2207
-1656,19752,6840,-8639,-2141,-1677
-1760,17124,6264,-13944,-5697,-3744
-148,13084,5360,-12822,-6993,-6296
-1108,13520,6924,-12296,-6204,-2336
-1620,12060,6356,-9197,-2839,-1445
-2324,12844,6744,-4563,-1365,-3067
-4460,13576,8144,-7568,-9371,-4016
-148,11260,4660,-4753,-6449,-6608
-1360,14612,8372,649,2948,-6473
-2676,12812,7372,1020,-2444,-3808
736,11272,3856,5686,250,-3601
3264,11888,1288,14872,10203,-1726
10924,15588,2332,5065,-3490,-6573
-772,15752,5844,2872,11133,-1756
832,17144,3212,63,8439,5253
1696,17656,3364,-2217,886,10190
-4708,15840,1616,-1218,3081,17701
-4880,17384,-1584,2270,16748,12585
-10592,16788,3168,3791,10052,8251
-6636,13408,1672,4289,5849,6343
-3844,13932,6248,6708,6549,-2219
2828,23404,11796,4144,-1787,-5490
956,14616,8096,7871,-4584,-4555
3748,14436,8040,6356,-9564,-4287
896,15556,7072,5017,-9350,-4695
232,16008,6224,2523,-4972,-3486
616,15584,6592,1786,1784,-842
772,16108,7600,-3177,849,1152
-824,13572,5484,-6481,1882,3909
-9284,13764,5460,-4840,1512,134
-6440,17644,5408,-5168,-3459,2358
-4560,14684,392,-4322,-765,5514
-6780,15800,-1720,419,866,2313
-8744,20680,1712,4812,2496,4058
-7408,16612,4708,-6370,-1591,6487
-3760,12780,-872,-7702,-3239,-4789
-3768,12492,2912,-3370,-798,-4204
804,14436,5688,-5543,-1364,-4555
4676,15744,6484,-12285,-846,-10059
6340,16012,5768,-9415,2440,-1769
4644,13248,7380,-4938,1134,588
-440,10204,4072,-1114,-494,-1388
-5764,10056,1872,14437,3786,-1045
3028,25852,3448,2663,-7288,5784
-8896,20908,13172,7803,275,-1398
-5272,14248,2804,9195,-1057,-3493
-3880,8068,-5244,6781,-251,-8657
6044,17248,-520,-3519,-7616,2445
-404,18820,11880,-44,-10326,463
6136,12500,884,-305,1296,-675
6056,14756,3200,-2471,-345,2535
-1132,15000,5476,967,1685,-2720
-2132,15628,4548,993,268,-4003
-1676,15692,4128,-11,3082,-6815
-3992,18976,4732,-2380,-1405,-4541
-1000,17636,1508,-6162,-6892,-4185
-1240,15928,3364,-1200,-5135,-697
