168,-9716,13508,-872,882,-92
56,-9224,12948,-563,281,225
-344,-9292,13092,-613,677,-304
920,-9048,11884,-1064,697,-68
-12,-9164,12540,-389,-100,-169
784,-9276,12772,-522,702,-108
212,-9364,12904,-198,676,-416
-92,-9044,13008,-413,1253,-524
-328,-9712,13020,-498,1346,-468
-96,-10592,13184,-151,943,-752
-940,-9836,13996,-245,-110,-43
-176,-9612,12820,-190,93,-243
-412,-9312,13864,-575,184,19
-468,-9452,13100,-479,699,-474
-192,-9296,12856,-165,-134,-266
-736,-9256,13160,-483,-276,170
200,-8884,12948,361,-1115,17
-544,-8164,13180,1261,-2328,-1199
-136,-7520,11188,1961,-835,-633
1812,-8156,9648,1870,2784,-1262
-2700,-9964,11492,-4186,-4610,-51
-1324,-17352,32767,-16009,4383,7835
-2872,-14152,13644,-8071,3148,4326
24,-13048,10004,-18533,4605,8870
3692,-11204,14032,-13943,5542,4081
10336,-9656,18688,1025,-4312,-11251
2040,-11188,10680,7469,-598,-25282
-8152,-12688,9344,-6060,-4892,-6892
-6356,-12784,7376,-14982,4269,554
-8868,-13384,5872,-16282,-1087,10182
300,-11240,9616,-19099,10008,17736
7264,-10724,22204,508,3093,11476
1604,-13536,22376,28327,-19845,-654
4584,-8404,2608,28348,-958,-3109
2820,-11780,-2944,15515,-13039,-2853
7704,-11936,4416,-6446,-12,-14547
5496,-20208,14832,874,-1465,-18474
-4940,-11576,9228,-5124,-1660,-14933
-4144,-10316,10504,-8115,6782,1364
-2620,-13340,15760,-173,147,15109
7288,-10160,10684,4226,6024,8889
5680,-8764,11856,2176,6362,-2755
-1520,-9004,14508,1039,3035,-4206
-188,-9032,13200,-2341,1717,-643
-688,-9692,13808,-1402,2311,-40
20,-9316,13056,-468,1054,-411
