-4744,-14268,6168,-880,-438,-429
-4440,-14140,6048,-1143,-272,-194
-4604,-14332,5952,-405,-111,-234
-4604,-14120,5884,-442,490,223
-4536,-14936,6440,-500,270,110
-4596,-14304,6456,-113,-211,341
-4676,-14024,5848,-430,-726,903
-4720,-14356,6252,-236,-551,972
-4876,-14132,6340,10,-763,954
-4636,-13828,5892,-176,-751,1128
-4660,-14400,6504,-280,-908,912
828,-17452,5268,-225,-1169,-2702
-1392,-15952,7588,177,-2949,-4891
-1020,-15768,8656,212,-6271,-10652
-964,-14248,6580,-711,-3821,-11238
-6224,-11692,5592,233,-1854,-7609
-8880,-13956,5272,227,-2179,-1722
-6228,-16140,6400,2196,5089,-285
-19588,-12556,9596,4597,-535,6746
-4904,-10200,1296,-231,6829,18676
184,-13164,8168,-9816,12653,18767
-364,-18352,12196,-450,3657,156
-3316,-18092,6532,-1818,-2828,-4526
-5432,-15696,1592,-11816,-2635,1999
-6448,-10904,3800,-16843,446,3000
-7304,-14112,2784,-16982,1168,5592
-1880,-16720,5612,-10013,1342,4890
-7384,-16244,9736,2710,-4354,-134
-1428,-17048,7844,13360,-2342,-10975
-4616,-15252,3960,13094,-6842,-15426
-5036,-14544,1960,4074,-8545,-10054
-4000,-14952,1380,-2001,-2217,-3422
-3304,-16176,2844,-4040,-447,-4090
-4372,-15568,2112,-7128,1946,-4161
-5380,-14976,3008,-8810,5264,-2550
-7372,-14432,2724,-9097,7319,-49
-10292,-13968,3188,-10530,7020,5276
-6612,-13072,4080,-5679,2006,11035
-4968,-13920,3424,-1659,-2230,8409
-7744,-15484,5876,2172,-5491,4827
-2536,-18092,4028,5180,-3148,1529
-612,-16252,1756,3986,-2547,-627
-1192,-16844,1824,48,-2554,-2753
-3020,-16456,2516,-1463,217,-1480
-3748,-14916,1980,-1592,-581,155
-4532,-15428,2776,-913,-363,962
