-128,-10008,13092,-178,-193,-181
-472,-9764,13092,-388,-39,-213
-112,-9968,12788,-413,195,-639
-800,-9604,13080,-394,211,-348
-880,-9788,13412,-108,-76,-28
-12,-9900,12388,-388,-170,-189
-184,-9952,12648,-322,-257,7
-1024,-9920,13116,-191,-21,137
-472,-9736,12940,-226,-453,-13
-120,-9804,12256,-270,636,-210
-640,-9936,13176,-478,-493,-41
96,-9944,12788,-458,304,-195
20,-9764,13000,-704,-366,-18
-136,-9220,12936,-863,193,124
304,-9548,12732,-890,25,423
-292,-9232,13000,-1079,414,551
516,-9248,12364,-1293,751,1041
228,-9544,13080,-471,-397,-90
480,-9612,11620,569,-609,-650
-164,-9548,10804,-412,2648,-1836
-468,-10560,10244,-2745,6021,-2104
5496,-6960,952,8581,-6348,4072
-3852,-13880,12952,-2902,-4772,6182
-1580,-12880,12720,-13224,3324,7438
1800,-11040,14340,-14893,3580,4911
9256,-9440,22736,-3257,1673,-11959
204,-10008,10084,3486,-4353,-24856
-4076,-13440,800,-9943,1419,-6974
-6868,-17448,6540,-13501,-3469,577
-6596,-14072,7016,-16910,-2566,11116
5220,-12108,11912,-16147,4719,21426
7364,-11300,19140,17795,-3750,8217
3872,-8884,11408,25368,-12488,-5100
-580,-14608,7296,16465,-1599,-6826
2960,-16548,9664,6005,-5352,-8149
-1680,-13556,11500,601,-2917,-10578
-2844,-11420,11568,-657,3313,-1397
-4936,-12148,13536,-3573,5447,10423
3364,-12420,14060,4303,1043,5706
2888,-8804,11652,3831,2145,-2884
504,-8176,9944,492,2810,-2392
284,-8464,11540,-2120,5614,-1977
-552,-9048,13604,-825,-742,-330
-668,-10196,13912,534,933,-807
-836,-9836,13128,359,223,-1067
-1100,-9636,12092,50,1230,-596
-528,-9916,13784,-776,1338,-196
-664,-9760,13740,-713,343,455
40,-10056,13704,219,-666,-220
296,-10344,13176,1601,-2074,-875
196,-9312,11736,2135,-875,628
20,-9284,13120,2885,1223,-181
