1960,10304,11304,-339,402,-118
2136,10880,12412,-1940,-143,-7
3484,10712,12040,-2435,2080,476
3124,13568,14464,-4565,3903,2483
2716,7416,11524,-5818,686,3984
2256,9516,13436,41,1052,6536
-632,7936,15780,-2359,-3039,1853
3776,5500,11796,1790,-5611,-1577
3088,10840,14692,2050,-3191,-7629
-412,6588,11696,-2120,-9181,-9699
3636,8972,9788,9333,-2888,-9955
1824,6692,7708,6616,-727,-12301
6536,10796,1580,19126,8392,-13698
2320,17088,12232,9146,5125,-7660
4596,16732,6184,9284,-2961,7796
4048,16448,3564,5051,10703,12186
-4188,8472,12776,-9,15089,7674
-11532,12588,11692,-2844,19471,7470
-6048,15016,7612,3279,6457,8753
-6372,13056,8908,1718,5462,6482
-8628,11796,12084,-1870,4687,4037
-1432,12552,5712,-4561,9592,7193
3440,15280,7352,-5460,9532,6624
11412,14740,12792,-4322,403,4646
11604,13168,12024,-3299,-681,1692
6064,10432,15032,-1029,-2214,-8353
4424,10652,11684,-1730,-10325,-7869
5344,10256,9808,-2862,-9647,-5884
-284,8744,15500,-3281,-4027,-2456
-2880,8216,13652,-2091,5418,2524
324,10012,13712,-1345,2034,5136
-6160,8772,16060,-627,4435,3363
12240,23104,16992,4215,-8251,12798
-1156,18176,15940,2587,-7546,6076
-1012,13992,9728,3649,4075,-3630
-3940,21728,10724,-75,-8976,1876
204,16244,6980,3320,1170,2698
-8780,13620,15760,-4191,-2472,2583
-5376,11776,12812,-14787,-6700,-1439
3168,6336,8012,-12532,-9678,-7001
12452,8660,6784,-6517,664,-6978
9552,9336,8392,3573,4826,-3697
6092,11444,11660,3390,2753,196
5416,9044,8840,5182,4517,-2838
-56,11900,9204,11481,6740,-9328
-2032,12024,7356,7438,-1855,-4235
-5244,16312,9504,-6254,-5485,-5879
-5440,10556,7128,-6086,-9268,-3861
4612,13420,-708,-3709,-8616,-4850
9408,16288,9032,861,-2359,-323
8028,11844,12248,1498,-2599,-1341
2248,9392,12940,-242,-316,-1832
2152,11568,10936,-1890,-1354,-2647
-964,13024,11340,-1802,-2857,-1986
-884,13460,11008,-651,-232,1338
2604,11552,9772,-882,-643,1919
1644,11796,10604,-509,958,-381
868,11896,11096,-377,852,-150
1972,11576,10976,-292,-183,414
2148,11712,10796,-538,234,-169
1180,12172,10292,-332,135,2
1524,12416,10976,-388,-189,133
1628,11624,10372,-431,324,-296
1128,11952,11272,-551,-69,-140
1136,12024,10500,-465,-375,249
2404,11484,10700,-441,56,-67
1044,12004,11312,-1564,-1672,-310
