-192,-9664,13908,-852,688,59
-48,-9536,12836,-478,207,98
96,-9880,13676,-145,-524,-604
-536,-10188,13196,-77,-929,-382
-604,-10136,12652,-297,-599,-308
-532,-9768,12616,74,-768,-339
-336,-9548,12624,-371,-338,168
-180,-9568,12744,-249,101,-226
-1004,-8904,12676,-295,188,-453
-160,-9900,13292,-351,50,-413
-568,-9760,12696,-343,247,-255
-368,-9528,12884,-279,115,-215
-592,-9740,12964,-312,35,-57
-592,-9424,12992,-497,463,48
-1088,-9056,12432,-446,354,400
-688,-9464,13016,-200,309,1069
-868,-9272,12836,204,238,970
-508,-9076,11252,-305,1325,355
424,-9240,11408,-2260,2992,-408
700,-9700,6840,-7984,388,191
6604,-15228,10304,-3813,5697,-1501
-792,-11708,11632,-7439,-2854,321
-1980,-12316,9440,-17031,4545,3140
2068,-11072,11016,-13267,4060,525
8340,-9704,17312,-1760,-1457,-6813
3180,-11620,14772,7335,-801,-22047
-3492,-12692,3692,-1050,-3285,-10719
-3848,-17708,3700,-10730,5808,-1282
-15284,-18052,3948,-11811,3666,6006
-2076,-10916,8292,-16753,11621,18906
2076,-12308,20056,-6302,8032,18215
6564,-15028,16616,15934,-9252,1194
-4092,-17412,21668,22085,-18584,-7160
-3764,-11964,5628,16187,13186,-2533
-168,-6896,4160,5519,-3219,4083
-1768,-6756,3156,8801,-11396,3119
4804,-8008,1484,-7682,-482,683
-3056,-21376,32767,12855,-5677,14617
2236,-19632,19104,6719,-15234,-21695
-4680,-10200,9060,-6432,-4776,-13737
-4836,-11312,10260,-4982,1191,2642
-4220,-14780,17628,-3109,1683,12483
4664,-13172,10804,4488,4503,8930
2080,-8760,11140,3467,3703,-377
212,-8212,12096,1379,5528,-1971
152,-8700,12084,391,3288,-1393
-288,-8220,11352,302,2708,-1723
-472,-9332,14640,476,1167,-1078
116,-9804,14948,1175,2001,-1387
-316,-10188,13348,2427,-644,-1052
-1528,-10112,12348,511,-591,-1141
