-452,15464,3428,-513,119,-131
-888,15876,4324,-496,-104,-324
-1096,15636,4124,-935,-81,35
-252,15696,4364,-729,69,-67
-500,15288,4328,-411,161,-742
-1096,15424,4372,-1109,-897,-1333
-652,16464,4436,-2458,-1265,-878
-440,15652,3932,-944,-792,-489
-1384,15396,4416,296,-36,-823
-824,15952,4400,279,-756,-330
-440,15224,4720,930,2474,-2222
-4108,16856,5564,-2169,-2476,-1320
-944,13204,5596,-9758,2359,1317
1124,13408,5144,-15838,-4439,-4073
-4124,13220,10004,-13312,-2978,-3577
-3476,9496,6848,-15463,-6022,-7487
-732,14672,11668,-13215,-8256,-12735
-3068,12132,9188,1728,-138,-3475
-1540,9444,8196,6385,1001,409
-156,8436,2384,8523,3106,-2295
6048,12148,-1020,22174,12729,2251
3596,11992,-2704,12341,-17162,-5672
504,22108,6072,3057,338,3773
204,23856,3192,-1492,3459,16087
-6628,16616,7652,-517,-1422,18039
-9304,14388,2244,900,16219,2163
-9136,17608,2552,-2970,4947,7750
-5108,15540,1392,-712,5186,5889
-2548,9968,-14456,-495,12049,-1208
-6072,6908,-6516,4247,4127,-2861
9608,20536,12860,2305,-3465,-3393
236,12684,8972,8016,-5555,-6151
952,11548,5608,1723,-7194,-5591
2544,15304,7092,2686,-4489,-5146
2280,17548,6320,1015,-309,-3566
-3740,14472,7216,-2934,669,-11
-524,15096,4244,-4279,2100,3045
-6524,13520,8252,-4924,1814,3001
-9664,15520,10068,-3553,-1288,1778
-6864,15564,5056,-3019,-423,4513
-5600,15440,3664,-79,1144,1806
-4100,18188,5540,-581,252,2194
-7052,16424,376,-4557,353,7142
-4148,12012,2856,-8625,-5,9715
-4560,16912,5276,-6087,-4338,-5061
-3140,16196,5180,-8393,557,-4905
-2524,12064,6220,-10701,-2986,-1522
2432,12744,6976,-8453,552,-6892
888,13448,8324,-5646,2311,-3781
3644,11508,7468,-4376,-1810,-1802
4620,13552,8580,-1009,2615,-2703
196,13684,8280,1237,1964,133
-3088,10912,5048,6467,1825,167
-3736,32767,32456,1803,10173,-4048
-6960,15068,4376,-2240,-2268,7142
4708,17008,-5840,5101,3522,1498
-3524,20188,10316,2170,1494,-7526
4236,18028,9216,45,-1959,1157
-2348,9636,8680,2885,-575,-4076
3232,12112,7536,-1114,-5982,-2105
1816,13896,7416,-938,-1352,1548
-868,14112,8712,1126,1353,-1949
-3116,15296,7332,1004,71,-3002
-2736,15156,5764,886,-492,-2910
-1992,14876,4680,-1399,221,-4179
-1996,18100,6516,-3060,-1946,24
-532,15492,3832,-2637,-3805,680
-1916,15012,5764,2872,-3609,2851
-2676,15252,6000,2811,-3226,5066
-3336,12892,5444,5081,-631,5751
-2276,12668,4592,6441,1348,3213
-856,14872,5528,6174,2301,3229
