-5004,-14044,6152,-13,521,3
-4820,-14224,6128,-90,247,111
-4920,-14116,6284,-14,96,302
-5116,-13920,6172,11,214,450
-5308,-13916,6192,50,151,311
-5280,-14048,6364,77,80,204
-5144,-14108,6260,-70,-81,-64
-5216,-13792,6232,-85,325,-231
-5332,-13812,6256,-373,108,-193
-5068,-13920,6436,-196,57,-237
-4972,-13948,6328,-94,365,-72
-5228,-13840,6240,-240,276,155
-4956,-14160,6364,-192,-183,14
-4956,-13852,6284,23,110,413
-4756,-13840,6156,-250,-376,654
-4320,-14472,6904,-1228,-2155,533
13392,-25396,-2340,-2468,1910,-10314
-2288,-15480,7168,-491,-4104,-9441
-4320,-13836,5860,-1624,-3328,-9192
-6176,-13028,6476,-2391,-1391,-5405
-8124,-14400,6304,-181,-558,-7864
-5276,-15572,6384,3363,2523,-7559
-4468,-13460,8072,5499,3858,-7720
-5272,-10428,4092,1700,5004,12792
-3112,-12820,5108,-5450,12016,19777
1420,-18136,8508,-5236,4549,8368
-4964,-17596,11416,-1072,-3325,-3938
-5448,-16632,548,-9533,-3531,2429
-7148,-13540,1300,-15374,-8,7054
-4960,-13732,5304,-14367,623,6518
-5352,-14484,8356,-4682,-192,1221
-6788,-14164,6904,4042,1285,155
-6452,-15228,6040,2694,2554,230
1316,-15384,10208,8039,-117,-2237
-2808,-16020,6912,10007,-5635,-9703
-3580,-14652,2756,4387,-8669,-7926
-3436,-16332,3164,-924,-3986,-2082
-2256,-16324,3976,-1875,-4054,-4714
-3764,-15424,3968,-2808,-2093,-6900
-4920,-14496,3440,-4180,475,-5077
-7508,-14764,2692,-5640,3371,-4091
-8004,-14208,5000,-5506,5590,-2021
-7056,-13956,3568,-7147,5599,345
-7200,-13032,7300,-6607,5436,6760
-6356,-12628,4984,-5671,1778,10573
-4728,-14688,4976,-2425,271,7405
-3468,-16760,5136,2796,-1211,7333
-3364,-18104,4428,3387,480,4683
-1720,-16956,3436,2126,3725,2166
-3212,-15792,2820,521,1664,46
-4760,-15832,2680,-1618,-1385,-484
-5460,-14100,2512,-561,-289,1437
-6448,-14540,3100,-310,192,2066
-6752,-14612,3328,280,681,1859
-7048,-14432,3156,262,1445,1142
