620,-12024,10780,-338,25,-328
536,-12060,10984,-366,223,-128
636,-11992,10820,-337,142,-119
676,-12040,10604,-223,212,-158
608,-11992,10708,-205,177,-157
652,-12068,10832,-182,240,-33
348,-12076,10876,-85,205,-7
396,-11956,10716,82,436,-60
476,-11916,11128,156,391,-43
344,-12076,10908,279,296,27
276,-11932,10964,254,214,-254
680,-11648,11008,74,359,-126
496,-11872,11128,-173,186,83
364,-12012,10976,-416,101,29
336,-11928,11196,-434,140,-179
404,-11944,10876,-145,224,-242
416,-12064,10924,314,529,-126
724,-12028,10792,715,475,-114
224,-13664,11068,-1362,351,-350
176,-13060,10352,-2214,1114,-535
168,-12200,10976,-2137,1161,-125
136,-11484,10624,-1888,964,-28
204,-12416,10788,-814,1393,-244
-436,-11940,10564,-780,1130,-325
-80,-11676,11352,-761,1255,-783
-176,-11480,9932,-1158,1870,8
-444,-12348,10764,-651,1587,77
-36,-11544,10392,-390,1103,-176
-236,-12728,10560,130,868,-524
-504,-13108,10440,760,1388,-273
-560,-11488,11232,268,1368,20
-272,-11768,11244,267,1400,-139
-584,-12036,10656,-310,1319,-98
-508,-11868,10880,-408,1224,-276
-952,-12396,10748,-516,746,-380
-544,-11960,10476,-9,396,-566
-1052,-11724,10980,819,-66,-703
-720,-12172,11364,1125,843,-588
-364,-12072,11260,611,849,-304
-696,-11492,11816,406,592,-341
-672,-11908,11352,-424,854,-322
-668,-11872,10808,-1208,778,-419
-1060,-11652,11128,-1967,727,-464
-936,-12320,10640,-1837,812,-484
-1060,-11908,10944,-1777,839,-420
-808,-12112,11468,-1024,707,-495
-384,-11756,9788,-823,533,-342
-880,-11776,11540,-400,789,-309
-604,-11900,11200,-335,571,-117
-840,-12048,10816,-845,579,-211
-492,-12548,9744,-1191,643,-307
-884,-11904,10704,-209,268,-96
-968,-12064,10796,220,426,-142
-912,-12540,10420,199,416,-244
-1312,-11984,11208,607,-218,-467
-740,-11380,11048,645,375,107
-1280,-11716,11360,966,-106,-289
-892,-11552,11192,593,133,-222
-988,-11852,11140,-161,71,-175
-1052,-12056,10880,-825,133,-373
-1004,-11948,10840,-1123,94,-493
-892,-11820,10880,-1070,144,-490
-976,-11872,10896,-941,116,-347
-900,-12100,10940,-950,11,-411
-908,-12052,10712,-799,103,-344
-932,-12100,10640,-613,133,-263
-936,-12116,10796,-412,27,-238
-908,-12112,10772,-381,83,-216
-912,-12044,10704,-418,87,-134
-1072,-12120,10760,-487,187,-248
-912,-12144,10680,-518,289,-365
-860,-12068,10584,-409,442,-396
