1316,-14132,6968,-697,-2132,684
1360,-14604,7144,-772,-1972,723
1752,-14512,6952,-1372,-1687,336
1996,-14748,7104,-883,-1259,371
1424,-14392,6344,-135,-269,-314
1312,-15156,7008,-867,278,-49
1384,-15112,7372,-638,71,55
1620,-15160,7284,-642,1084,-7
1780,-14224,6788,-512,-95,-12
1844,-14396,6988,-765,-176,255
1988,-14576,7104,-205,-352,179
1544,-14016,6224,-77,559,14
1828,-14352,5828,-1206,229,214
852,-15336,7020,-1754,174,449
276,-16404,9332,-366,-710,791
1552,-14544,6604,-441,-1407,816
1420,-14168,6368,-2307,-446,1020
1360,-15060,6684,-2532,-829,662
1104,-13300,4328,-3526,-1206,1353
748,-14840,5344,-3546,-131,751
676,-16080,6572,-1070,11,987
1584,-15416,6520,-1231,-779,927
808,-14856,5564,955,-1237,798
1080,-15572,6352,662,-370,73
400,-14648,5180,223,-436,246
984,-15396,6460,-493,-118,642
1440,-14880,5244,-873,-201,240
616,-18656,8780,3060,188,-428
1380,-15776,5632,3065,594,-97
564,-15620,5100,-36,1141,44
796,-14780,6240,656,1301,-233
364,-14472,5236,-864,538,47
408,-15304,5512,-1557,887,-321
692,-15784,5484,-2786,894,-207
1096,-15844,6672,-4104,854,150
824,-17924,7116,-3944,274,218
668,-16332,4924,-5620,2283,189
620,-17000,4300,-5552,2619,-419
-40,-12040,1632,-8391,2065,-664
68,-13416,6356,-10493,1656,262
1392,-19364,7184,-4136,4490,-708
1652,-19256,1880,-2737,4295,-927
-516,-14816,2696,-4066,2926,-897
-152,-17036,1460,-3799,2051,-713
892,-13304,-3440,-4165,2431,-78
672,-18128,5304,-845,1920,-1023
12,-16504,2456,-948,2700,-72
-848,-13276,3028,-2320,1834,-1127
1932,-19876,4332,-988,12,-2517
784,-19632,3516,-2611,265,-1647
1636,-19416,1048,-1856,1598,-652
-32,-13408,-5860,-5510,1761,-188
3876,-21188,2972,-1399,-535,-2628
-160,-10316,2712,-5792,-776,-1575
2208,-16864,568,-1251,-417,-823
252,-17476,136,-2513,2062,-446
-2088,-19688,2324,-2727,572,-291
-1156,-17524,-220,-1431,1038,-1350
2168,-13620,316,-4356,-1088,-1168
-1092,-12320,-5640,-7949,1861,259
1528,-16336,-652,-58,-2222,-569
352,-15748,1636,-1278,-242,-973
1224,-16184,160,-83,-459,-205
740,-16496,116,-823,-47,-184
664,-16776,-272,-420,11,-67
520,-16532,488,-142,-30,-130
556,-16660,308,-601,87,-242
532,-16612,-76,-359,73,-198
468,-16552,200,-33,90,-322
620,-16552,384,-29,299,-355
624,-16468,268,-293,167,-272
536,-16500,456,-501,142,-208
688,-16484,148,-660,214,-30
620,-16660,8,-339,-29,-141
508,-16492,416,-19,-131,-260
544,-16604,520,-234,91,-421
692,-16468,208,-490,17,-269
540,-16548,120,-114,-13,-231
724,-16416,376,-103,36,-264
592,-16512,568,-422,67,-238
