1896,-12148,10808,4709,-775,-506
2432,-11232,10596,4109,-747,220
4016,-11148,9952,3850,-934,812
3424,-11616,10992,3648,1164,-703
2444,-11804,11140,3551,2747,-1225
1432,-10896,12328,3829,-620,-669
3820,-9520,9580,3003,1323,458
2760,-10068,9948,1855,1241,223
1428,-10692,12484,2048,1250,134
3408,-9752,10568,1667,1496,1171
2264,-9872,12016,695,1610,114
1916,-10272,11456,625,1559,267
2180,-9952,12044,370,2347,995
2280,-10700,12000,-208,2411,449
1072,-10688,12432,-101,1841,162
664,-10360,12384,-924,1992,313
1900,-11212,11708,-1663,1067,609
1840,-10672,11416,-2231,1588,-99
1176,-11228,12376,-1754,1496,247
756,-11168,12124,-1466,659,316
1204,-10900,11324,-1578,131,778
844,-11320,11348,-2708,757,569
716,-11240,10752,-3957,1488,228
952,-11536,11208,-6241,2084,49
576,-13184,13748,-91,1016,-213
1016,-11592,11064,-902,14,-78
1100,-11388,10480,-821,126,-37
1240,-12532,11124,-4011,1171,-211
1124,-13080,10612,-7232,934,-247
2196,-11620,9404,-8101,2595,133
660,-12744,10268,-6466,322,297
1348,-12580,9020,-5110,2293,287
696,-13576,10020,-4844,815,124
1316,-13128,9432,-6982,1243,241
836,-13404,8012,-6572,520,-217
836,-14464,7736,-4342,2433,-716
-156,-14416,8072,-4107,1531,-969
928,-13968,7496,-4441,1156,-399
1256,-14740,6808,-3503,1545,-676
1144,-13664,6936,-2439,1494,-461
376,-14480,7524,-1547,1245,-760
876,-14176,7708,4010,339,-978
2548,-13748,6056,4139,-1314,-119
344,-14312,8560,-2664,24,-28
584,-13848,7716,-4922,1022,-610
940,-14452,7224,-3549,436,-881
304,-13744,7936,-3473,739,-1314
496,-14384,7508,-3941,842,-1089
780,-14324,7296,-3415,845,-961
824,-15092,7172,-1201,496,-627
912,-14856,7020,-924,129,-593
800,-15084,6980,-1185,69,-450
708,-14564,7428,-1454,194,-512
652,-14396,7692,584,-557,-447
796,-15076,6928,1148,-348,-348
912,-14880,6872,733,-345,59
1024,-14896,7212,243,28,205
876,-14936,7824,-323,-195,256
