1864,-13792,8308,862,-67,-108
780,-13612,9684,1129,-739,-14
660,-13792,9924,1740,-2208,-265
2120,-13160,8876,3060,-2757,1117
2492,-12496,9264,2289,-2012,529
424,-13396,8356,1818,-1700,-1123
-24,-13388,10284,1630,52,391
1188,-13044,9188,2637,117,855
1444,-13660,8968,2877,-353,-107
624,-12232,9464,3574,-651,549
1420,-11968,9480,4088,-197,1393
1956,-12932,9192,2141,-285,782
952,-13116,10040,1245,-89,719
1664,-12856,9956,1937,301,653
1092,-12676,10296,1703,-1277,1028
732,-12612,11080,1294,-1926,1671
1104,-13300,11816,2167,-4570,2629
1364,-12840,10060,2325,-710,1133
1836,-12108,10204,1394,-370,1076
1380,-12304,11352,1743,-33,-266
1624,-12164,11512,2863,367,-104
1292,-10820,11660,2633,151,-211
2732,-11016,11244,3115,319,-469
692,-11248,11132,2951,157,-684
712,-11516,11764,2378,-1463,904
1388,-11616,11760,2388,-1609,275
940,-10828,11892,2681,-913,-457
1036,-10744,11688,2872,-658,-566
1304,-10336,13232,7926,-870,-1475
584,-8968,10364,3896,-1634,-6
1828,-8692,8520,-2440,487,1619
2712,-8808,11252,-3065,354,-505
1392,-11352,10896,7500,2688,-2435
1880,-9716,13304,674,764,-1552
1428,-9152,11780,-1215,1886,-350
1268,-9816,12684,-2488,1906,-104
1512,-9692,13052,-4307,2453,-405
628,-9820,12884,-5363,2695,-869
1152,-9672,12496,-5486,1691,-599
1060,-10496,12112,-4840,1051,-352
840,-10424,11496,-4374,982,-134
940,-11660,11644,-4271,734,-735
752,-9684,11964,-4821,882,-206
8,-11480,12224,-5289,1213,-637
424,-11348,10892,-5096,949,-1343
796,-10244,11468,-5359,1511,-842
616,-12484,10908,-4502,868,-1187
376,-12600,11256,-3990,-75,-1019
736,-11660,10736,-3946,-274,-804
1068,-13028,9556,-4205,360,-737
44,-12704,9668,-4822,-379,-1252
1132,-12212,9308,-4455,-254,-486
-516,-12128,10004,-4713,286,-884
912,-13560,8856,-4627,232,-405
1264,-13044,8700,-3660,-714,-483
932,-12452,8188,-3393,-427,-296
692,-13992,9284,-4263,-147,-652
1560,-14108,9248,-3849,33,-521
960,-13932,7540,-4003,766,-709
1084,-13880,8272,-4233,333,-757
1048,-13320,7396,-4326,369,-437
1244,-13600,8380,-4195,801,-1024
1700,-14448,8564,-4506,674,-546
980,-14084,6992,-4295,-41,-750
1212,-14724,7108,-4451,470,-686
1504,-14780,7140,-4482,792,-744
1904,-15060,6244,-4218,1085,-578
1472,-15004,5496,-4623,969,-561
1308,-15380,6500,-3816,813,-721
1440,-15996,5072,-2842,498,-671
1400,-14976,6016,-1855,426,-319
1292,-15356,6048,-1293,-95,-225
1420,-15780,4604,-1541,-150,-233
1452,-15428,5220,-1469,306,-359
1352,-15400,5624,-371,134,-301
1372,-15648,4980,-519,-38,-282
1564,-15620,4876,-298,111,-277
1268,-15508,4968,-344,176,-169
1376,-15580,5000,-334,-35,-337
1488,-15392,4692,-350,25,-255
1304,-15748,5140,178,47,-247
1420,-15400,5124,-229,149,-118
1488,-15564,4984,-627,193,-130
1300,-15632,4964,-575,-12,-223
1464,-15552,4992,-344,149,-280
1420,-15676,5176,-444,116,-247
