1536,-9944,12424,-287,129,-58
1596,-10068,12356,-442,102,-201
1096,-10072,13004,-348,-6,-208
1548,-9924,12292,-434,384,-204
1504,-9872,11964,-705,386,-161
1468,-10044,12252,-671,304,-46
1324,-10124,12680,-683,303,-76
1544,-9924,12216,-713,578,-141
1428,-10180,12684,-886,396,-29
1020,-10148,12976,-611,751,-31
1176,-10048,12220,-811,343,88
1240,-9792,12152,-957,-12,291
1168,-9724,11904,-1795,169,977
1540,-11224,12296,-1577,771,561
1172,-10212,11636,-2105,557,241
824,-10504,10896,-3773,711,718
2176,-18032,14456,-1048,3491,277
192,-11964,14256,-21,53,-394
1120,-11472,7948,-2239,7,-393
708,-12088,11672,-3284,1078,-883
364,-11696,11868,-6287,2015,-1003
684,-11264,11376,-7441,910,-742
496,-12000,11128,-5249,1462,-675
944,-12320,11044,-5846,1647,-621
732,-12456,10064,-7053,1532,-563
556,-12740,9852,-7001,1388,-721
616,-13124,9728,-7147,1282,-417
700,-13096,9456,-6131,1109,-531
460,-13612,8916,-5892,1221,-817
720,-13932,8164,-5608,817,-758
104,-13492,8564,-4741,868,-907
468,-13496,8096,-4099,947,-726
636,-14480,8076,-4130,1310,-892
276,-14288,7096,-4075,1065,-778
884,-14644,6392,-2783,746,-1067
340,-14432,7784,216,1161,-1056
376,-14384,7556,17,1002,-960
344,-15124,7684,-2435,815,-1139
528,-14728,7512,-3568,667,-1334
368,-14004,7396,-3431,298,-1029
920,-13832,7256,-2786,554,-1023
936,-14372,6708,-2474,630,-878
732,-14844,6684,-1612,60,-841
1116,-14952,7008,-560,363,-613
988,-15188,6392,-1335,363,-651
1192,-15388,6020,-967,1030,-567
784,-14808,6896,-203,428,-422
1108,-15048,7004,390,474,-405
928,-14772,6576,912,140,-258
980,-15128,6596,782,248,-217
848,-14720,6704,21,445,-344
1144,-14848,6764,-681,161,-396
992,-15084,6704,-599,-118,-232
856,-14852,6668,-528,-213,-149
1168,-14900,6600,-819,195,-71
900,-14956,6420,-1006,-14,-100
1048,-15040,6316,-750,107,-191
912,-14952,6284,-547,159,-237
868,-14876,6420,-533,201,-233
1036,-15016,6448,-480,75,-87
1068,-15036,6276,-207,-97,-89
940,-14936,6560,-256,139,-139
1028,-15036,6544,-516,110,-120
896,-15016,6208,-459,111,-53
856,-15092,6648,-430,226,-27
