1008,-11064,11756,419,441,-671
928,-11080,12108,303,224,-463
1140,-10896,11704,446,218,-206
844,-10760,11512,29,346,-420
1052,-10896,12052,33,477,-450
1112,-10688,11772,209,420,-382
852,-10632,11636,90,133,-41
1088,-10704,12028,-444,453,291
1092,-10616,12064,-421,500,-178
748,-10548,11484,-665,159,61
1140,-10788,11560,-1533,627,710
1080,-10784,11460,-1371,660,175
-232,-12180,11180,-1975,-608,-830
732,-10444,9124,-4463,400,51
-596,-10704,9656,-10902,256,-827
356,-12528,14324,872,2468,-435
208,-11380,10816,-510,-223,-121
1252,-11924,10624,-1009,1275,-205
612,-12572,11360,-4320,811,-607
552,-12044,10832,-7022,1117,-408
584,-11832,10472,-7858,893,-346
948,-11984,9768,-5866,729,-127
608,-12692,9924,-5741,1989,-625
68,-13148,9660,-6335,394,-1115
600,-12944,8384,-6269,384,-260
660,-14616,7960,-4549,217,-844
844,-13744,8224,-4223,1782,-1265
40,-14860,8728,-4758,1422,-1760
844,-14788,7932,-4404,1096,-1751
136,-13676,8180,-3202,863,-1744
1464,-14644,7912,-1791,1269,-1541
452,-14352,7740,-3458,1432,-1386
384,-13656,7332,-6149,985,-1320
1632,-15236,7308,-4320,459,-1200
868,-14920,7092,-3465,134,-1207
1284,-15736,6040,-2992,-110,-1060
1248,-15016,5656,-4388,418,-823
1264,-15260,6372,-5040,872,-720
1252,-14372,5948,-5079,501,-657
1032,-15296,6400,-4235,387,-917
1124,-15724,5744,-2679,281,-1092
1592,-14380,6536,-1392,-70,-718
1308,-15012,5484,218,-115,-359
1516,-15632,5048,-699,-234,-79
1368,-15588,5116,-429,-358,177
1188,-15492,4868,-519,-63,77
1268,-15640,4932,-728,124,-45
1164,-15664,4948,-414,103,-151
