-124,-12280,10716,-550,62,-226
-192,-12296,10644,-450,164,-154
-140,-12236,10472,-353,88,-197
-56,-12340,10620,-314,92,-210
-100,-12168,10672,-290,160,-47
-212,-12184,10656,-272,158,-27
-180,-12292,10688,-287,138,-99
-36,-12088,10440,-251,179,-53
-160,-12104,10652,-259,130,-4
-348,-12152,10700,-293,148,-183
-52,-12224,10764,-254,168,-207
-172,-12160,10748,-162,251,-167
-288,-12352,10584,-61,319,-92
-216,-12248,10480,81,568,47
-240,-12236,10676,91,781,98
-412,-12172,10588,35,939,80
-808,-12572,10892,201,896,-186
-672,-12068,11096,183,928,-94
-1100,-12420,11732,-2467,825,-620
-868,-12244,10888,-2848,776,-696
-744,-12092,10684,-3038,994,-383
-536,-11964,10488,-2109,1044,-140
-168,-12340,9840,-1280,1071,78
-496,-12572,9464,-1065,1534,249
-656,-13320,9800,-695,494,-285
-1024,-13024,9444,-999,1410,95
-656,-13388,9712,-702,1612,225
-1392,-11680,11260,13,1288,255
-1012,-12124,10492,846,2363,-226
-996,-10172,9096,472,875,-819
-1384,-11844,10412,626,1735,-389
-2308,-10616,12120,31,1445,-186
-1524,-13364,11256,-23,1003,-132
-2092,-10300,11480,-1384,407,-318
-1508,-13276,10108,-1431,1258,-346
-1512,-11232,9372,-2532,172,-328
-1660,-14684,9760,-1825,1457,-373
-1784,-11692,8764,-2451,1516,-159
-1652,-12808,10692,-2940,994,-637
-1136,-12948,9820,-2675,1117,-372
-1352,-13660,9356,-2335,1384,-513
-2280,-12896,8864,-2342,1100,-117
-1172,-13236,9192,-2245,984,-321
-2284,-12164,9988,-1254,598,-76
-2068,-12228,9396,-833,549,103
-2060,-12884,9896,-3,1010,-57
-2212,-10844,12620,352,617,-264
-2104,-12928,9812,9,491,-81
-1600,-12956,9192,-355,683,-143
-2104,-13164,8856,-303,576,-24
-2412,-12984,9372,-116,369,-97
-1936,-12980,9424,224,345,-245
-2192,-13096,9344,201,398,-250
-2124,-13124,9516,279,226,-96
-1984,-13236,9332,100,344,-75
-2368,-13032,9600,-375,421,-112
-2160,-12788,9564,-462,224,-175
-2224,-12972,9924,-119,-214,-131
-2136,-13128,9520,-774,187,-167
-2124,-13132,9376,-1124,257,-306
-2100,-13084,9168,-1160,276,-357
-2192,-13236,9100,-876,82,-374
-2044,-13104,9264,-553,53,-323
-2132,-13140,9272,-585,98,-194
-2024,-13244,9264,-635,147,-257
-1960,-13156,9356,-608,68,-227
