196,-12388,10284,720,-135,-31
-332,-12456,10628,654,173,-113
-76,-12268,10684,-172,178,4
32,-11936,10344,-332,149,-141
-484,-12172,10640,-625,428,82
44,-12376,10432,-48,12,220
48,-11988,10280,-509,208,-90
-60,-12256,10428,-1046,334,-59
-40,-12344,10396,-1273,257,257
76,-12200,10028,-1606,449,46
-356,-12348,9760,-2159,706,99
-1360,-14004,14424,-452,1316,205
-36,-13000,10104,251,542,-4
-272,-12680,10588,78,643,183
-476,-12552,10544,-86,807,173
-404,-12508,10284,-250,733,-57
-588,-13068,10000,-917,648,-393
-484,-12364,10292,-1618,1136,-378
-556,-12664,10292,-1627,843,-510
-696,-12444,10088,-1618,917,-359
-868,-13244,10320,-1207,1527,-477
-864,-12988,10220,-2287,1194,-835
-752,-11896,9836,-3778,1302,-319
-624,-13460,9452,-2648,1886,-117
-972,-13340,9644,-1698,1480,-76
-1116,-13320,8856,-1888,1518,-200
-1188,-13188,8980,-937,1590,-176
-1280,-13508,9308,-122,1569,-258
-1400,-12780,9748,-195,1305,-392
-1292,-12576,8820,142,1284,-205
-392,-13616,9960,595,1083,-38
-1236,-12920,9248,-466,1240,-278
-1324,-12648,9616,-328,1287,-346
-892,-13140,8880,129,956,-524
-1440,-12464,9900,620,972,-701
-1476,-13080,9444,-204,814,-722
-1340,-13560,9628,-312,1066,-152
-1112,-12984,9852,-104,1511,-228
-1028,-12564,10148,-505,560,-253
-948,-13384,8960,-988,115,-210
-1604,-13152,8868,-511,1039,-218
-1712,-14000,10432,-887,906,-549
-1648,-12304,9328,-1818,683,-266
-1632,-14452,8140,-1970,1348,-585
-1652,-13624,9300,-1541,925,-552
-1336,-13924,8644,-1618,526,-482
-1572,-13036,10376,-1343,899,-551
-1344,-13632,7968,-1080,881,-367
-1100,-13248,9264,-344,971,-151
-2080,-12764,9724,-731,681,-302
-1728,-13200,8112,-1162,536,-221
-1556,-13392,9492,-534,541,-298
-2184,-13040,8696,-831,347,-193
-1900,-13312,9460,30,-325,-306
-1664,-13620,9104,-845,372,-392
-1988,-13216,9160,-1360,37,-337
-1840,-13212,9244,-182,-15,-155
-1756,-13528,8904,-512,141,-74
-1836,-13664,8872,-891,89,-244
-1784,-13544,8824,-1271,123,-426
-1652,-13492,8824,-1337,265,-362
-1828,-13684,8564,-1095,205,-282
-1552,-13652,8640,-894,155,-405
-1684,-13748,8480,-749,164,-284
-1588,-13732,8424,-454,270,-201
-1748,-13724,8448,-299,23,-220
-1596,-13720,8608,-240,91,-5
-1672,-13592,8644,-132,68,140
-2028,-13876,8432,44,-73,4
-1972,-13712,8776,-46,-11,-259
