816,-11672,11480,-486,73,-226
740,-11796,11040,-423,74,-281
848,-11672,11236,-391,131,-216
924,-11576,10980,-342,203,-211
936,-11588,11140,-229,175,-156
812,-11688,11300,-135,228,-136
1024,-11676,11124,-198,165,-55
788,-11612,11276,-122,251,-37
868,-11640,11068,6,130,-88
820,-11552,11476,-20,104,-102
776,-11492,11268,-27,122,59
704,-11704,11308,-71,148,-3
732,-11572,11284,-217,212,-90
788,-11520,11324,-189,237,-88
624,-11764,11280,-101,333,-199
616,-11724,11164,-60,552,-214
424,-12560,10900,-1258,153,-476
268,-11976,11064,-268,395,-509
588,-11832,11400,-355,496,-260
500,-11692,11080,-957,546,-227
552,-11508,11604,-800,882,-29
640,-11788,11548,-612,858,-88
544,-11832,10836,-456,1039,48
692,-11944,10532,-431,1301,3
620,-11368,11360,-208,1040,-83
360,-11736,11088,-115,699,-231
304,-12312,10980,-125,985,-284
-8,-11856,10672,-595,1202,169
344,-13196,10304,-710,823,135
-204,-10468,11476,-1261,1234,26
504,-10896,10572,-1279,1687,278
-180,-10840,10736,-1373,423,444
360,-13108,12216,-33,1470,543
356,-11820,11232,-317,1893,228
-64,-12024,11500,-513,2125,-330
-296,-11416,10916,-10,1759,-520
-724,-11696,10772,-666,426,-175
-60,-12784,10428,-1013,996,-499
-324,-11756,11184,-939,1014,-464
-784,-10744,11584,-1250,663,-670
-720,-12112,11012,-1392,1502,-399
-864,-10768,11340,-1131,1714,-287
-1064,-11748,11324,-425,1025,-651
-1036,-11780,11080,-32,581,-628
-352,-11764,10816,522,926,-298
-404,-11336,11400,753,619,-497
-860,-11248,11508,481,540,-396
-700,-11216,11444,168,541,-242
-728,-11844,11388,-598,294,-453
-712,-11720,10968,-1386,722,-367
-1100,-11496,11888,-2196,548,-443
-1100,-11612,11548,-2177,465,-444
-680,-11692,10132,-1528,489,-384
-1120,-12100,11472,-115,387,-335
-940,-11616,11588,360,308,-263
-472,-11680,11620,804,-132,-79
-776,-11560,11592,928,-213,47
-600,-11704,11132,194,-69,192
-768,-11840,11288,-630,31,98
-916,-11764,11172,-1051,142,-40
-972,-11788,11268,-1171,49,-262
-864,-11804,11092,-1228,165,-327
-864,-11900,11168,-1399,116,-365
-832,-12032,10780,-1022,133,-516
-748,-11948,10992,-688,59,-474
-636,-11920,11024,-701,71,-313
-812,-12084,10776,-712,74,-180
-752,-12052,10756,-549,40,-149
-740,-12060,10612,-523,121,-145
-760,-11980,10884,-328,17,-168
-852,-12060,10832,-225,91,-230
-848,-11964,10868,-230,107,-329
-744,-11976,10840,-286,124,-319
