-240,-12112,10900,-733,182,-19
-324,-12060,11100,-572,169,21
-444,-11876,10880,-547,233,100
-556,-12156,11544,-460,-261,-114
-520,-12088,10964,-356,126,47
-876,-12076,10872,-607,178,-88
-708,-12124,11160,-881,47,-25
-292,-12120,10824,-870,80,-55
-564,-12056,10792,-707,112,-187
-356,-12044,10648,-588,344,-132
-620,-12228,10732,-198,708,-11
-492,-12260,10884,67,1023,27
-576,-12012,10556,-463,1275,-10
-556,-12268,10340,-2147,766,-125
-1200,-12152,10096,-3003,1510,-205
-884,-12148,11000,-3040,1751,-352
-1504,-12260,10504,-3348,1105,-515
-864,-12756,9864,-2730,991,-459
-884,-12360,9876,-2249,1215,-380
-1216,-13008,9088,-2965,961,-646
-892,-12844,9208,-3039,755,-534
-928,-12800,9444,-2611,983,-323
-1164,-13168,8404,-1952,996,-84
-260,-12584,8400,-1135,693,-109
-1468,-12980,9224,-1584,907,-133
-1560,-14696,8024,-2030,1608,-444
-1164,-13516,9716,-1893,1964,-661
-1428,-12160,9628,-75,1058,-858
-1264,-14092,8936,976,1598,-178
-1532,-13604,10324,1406,1415,-57
-1760,-12648,9344,-16,1145,59
-1360,-13748,8204,-790,503,-219
-1668,-13396,8260,-999,988,-173
-2000,-12656,8904,-793,926,-232
-1700,-13996,7852,-1087,706,-246
-1716,-13444,8020,-1302,322,-709
-1860,-13656,8732,-1147,1153,-617
-1232,-13000,9244,-2287,973,-762
-1780,-13860,8912,-2814,1296,-496
-1520,-13852,7824,-1103,1104,-234
-2716,-15972,9036,-476,1176,226
-1676,-13796,8868,-689,686,-227
-1720,-13620,7904,-1231,768,-180
-2220,-14296,8688,-1437,883,-286
-1560,-13916,7496,-1813,1132,-309
-2060,-14060,8380,-1732,1043,-384
-1848,-13284,8792,-381,424,-301
-1648,-13308,8960,693,47,-35
-2000,-13752,8604,822,-120,172
-1844,-13756,8784,598,-81,109
-1808,-13604,8792,286,-31,-71
-1984,-13692,8680,-5,66,-150
-1884,-13540,8808,-324,141,-233
-1812,-13580,8620,-571,111,-269
-1928,-13500,8708,-834,143,-298
-1884,-13720,8620,-811,165,-295
-1904,-13620,8700,-548,230,-330
-1888,-13580,8660,-496,169,-423
