2000,-9920,12424,-433,31,-143
1892,-10024,12444,-477,109,-61
1860,-10200,12536,-558,123,-105
1896,-9996,12492,-728,75,23
1736,-10380,12532,-609,29,-246
1948,-10092,12588,-544,157,-100
2072,-9888,12092,-735,-27,-117
2024,-10036,12432,-888,25,70
1844,-10228,12640,-1000,-300,316
2264,-10448,12332,-917,333,-213
2272,-10008,11816,-1215,337,158
2280,-10288,11964,-1127,315,8
2068,-10404,12240,-1067,517,-140
1636,-10436,12308,-444,381,-104
1744,-10600,12384,-578,-21,-251
1896,-10544,12060,-775,83,-327
1960,-10324,11920,-792,495,-246
1820,-10556,12004,-772,265,-314
1708,-10636,12232,-897,409,-317
1520,-10540,12172,-979,223,-314
1880,-10228,11932,-558,18,-577
1992,-10468,11620,-513,792,-521
1604,-10812,12008,-361,753,-464
1228,-10496,12292,-219,506,-572
1884,-10176,12300,-184,108,-272
2152,-10568,11928,-196,403,-340
1932,-10424,12180,-337,636,-72
1948,-10376,12248,-43,334,-250
1500,-10684,12252,68,647,-272
1508,-10416,12400,2,817,-351
1112,-10652,12092,-487,524,-467
1552,-10856,11840,-1032,272,-425
1720,-11316,11768,-1646,506,-507
1500,-11172,12416,-1891,936,-1089
1944,-11124,12224,-2420,848,-1046
1516,-9400,12348,-1507,302,-644
1732,-10668,11864,-467,654,-486
1668,-10396,12424,72,765,-287
1380,-10336,12524,30,647,-447
1748,-11056,12052,-113,556,-412
1596,-11020,11904,263,972,-432
1164,-10920,12000,161,646,-488
1292,-10256,12176,-117,849,-321
1392,-10396,12480,150,644,-266
1608,-10404,12224,614,627,28
1480,-10856,11980,544,456,-70
1364,-10784,11392,-226,-64,-16
1184,-10320,12308,-859,484,-100
1164,-10176,12504,-1158,964,-158
1216,-10636,12596,-1009,769,-312
920,-10336,12536,-1983,835,-228
1180,-9928,11512,-2348,555,-279
1280,-10556,11484,-2445,271,-260
1316,-10720,11592,-1915,467,-183
1320,-10892,11912,-1349,705,-87
940,-11132,11924,-659,691,-213
712,-10888,12008,-530,111,-13
804,-11020,11964,-464,344,-244
1108,-11068,12432,-457,477,-323
804,-10932,11740,-922,465,-294
664,-10692,12204,-605,220,-351
804,-10668,12128,-306,257,-244
980,-10812,11840,85,569,-182
884,-10792,11988,199,245,-76
980,-11244,11988,-257,74,-182
824,-11092,11676,-520,252,-172
896,-10864,11868,-559,1,-247
868,-10960,11788,-510,189,-280
1096,-11172,11604,-464,-38,-255
928,-11064,11668,-585,84,-231
1048,-11076,11736,-649,-6,-202
892,-11016,11912,-605,23,-116
