352,-10888,11892,-319,52,-295
368,-10928,12000,-315,84,-291
600,-11076,11968,-405,114,-272
456,-10960,11960,-460,38,-253
548,-10920,11896,-438,31,-228
544,-11000,11816,-393,41,-131
448,-10992,12260,-306,1,-2
368,-10960,11920,-290,-198,-112
320,-11064,12132,-284,-5,-105
728,-11060,11888,-249,-82,-23
584,-10920,11892,-230,52,56
728,-11056,11892,-45,166,155
584,-11072,11780,256,128,177
504,-10940,11768,478,133,217
240,-11368,10932,-789,337,44
-244,-10868,12400,-1417,507,175
532,-10884,11832,-1146,580,104
460,-11016,11584,-826,548,-128
148,-11916,11364,-1078,838,252
348,-10984,11700,-578,1139,211
-288,-12364,11688,-457,275,-176
104,-11264,12052,-166,638,209
-372,-10940,11968,-242,938,110
-120,-10392,12460,-476,819,96
-224,-10740,11740,-744,1222,23
-424,-11940,11504,-802,968,-219
-240,-11144,11112,-1429,657,-217
184,-10384,12312,-1126,764,-376
-256,-10412,11948,-52,1108,-236
-256,-10744,11980,384,1169,-291
-268,-11504,11412,379,1099,-322
-1108,-10596,12076,-295,684,-406
-824,-11088,12096,-246,739,-357
-180,-11536,11900,-666,608,-465
-1000,-10496,12332,-1005,512,-219
-552,-11348,11728,-610,489,-270
-444,-10556,12116,-178,546,-204
-464,-11256,11584,-482,496,-314
-1036,-11828,11628,-828,-82,-205
-648,-10596,11896,-698,712,-337
-288,-10544,11732,-665,792,-82
-1256,-11388,12076,-447,57,-160
-372,-11028,11288,-104,-701,-173
-992,-9976,12568,91,27,275
-944,-10600,12388,289,-10,135
-640,-10600,12424,141,-63,28
-976,-10628,12184,-11,-74,-86
-788,-10588,12200,-184,-6,-99
-712,-10780,12148,-329,-48,-107
-788,-10788,11952,-426,42,-239
-672,-11048,11764,-439,47,-441
-592,-10884,11984,-508,143,-422
-628,-10896,11832,-388,161,-396
-656,-10912,12016,-436,109,-299
-608,-10948,11872,-480,11,-190
-672,-10912,11924,-521,1,-200
