-340,-12972,9792,-766,206,-210
-260,-12968,9952,-647,330,-219
-84,-12944,9748,-463,450,-187
-204,-12852,9740,-281,558,-152
-228,-12972,9976,-180,361,-134
-240,-12960,9916,-234,406,-90
-296,-12924,9972,-152,425,-23
-280,-12932,9540,-36,412,109
-448,-12932,9832,132,420,-15
-404,-12844,9784,158,404,-40
-392,-12840,9908,145,450,-58
-468,-12876,9888,177,449,-33
-500,-12976,9680,522,578,-178
-496,-12844,9828,724,1042,-357
-704,-13096,7812,-2915,539,-1067
-552,-13132,8568,-2786,1143,-858
-316,-12804,9752,-2473,843,-682
-540,-13112,9128,-2059,989,-164
-592,-12876,10100,-2187,893,-138
-176,-12688,8784,-2121,304,-110
8,-12928,8644,-1497,1119,4
-768,-12892,12280,-807,1161,-389
-80,-14544,8204,-619,1373,309
-48,-13388,8016,-736,1283,-10
-1264,-12444,8636,-1820,714,-330
-364,-14944,8980,-791,1565,-554
12,-14436,8644,-1125,1536,-520
-816,-14188,9120,-1548,1898,-376
-916,-14292,8976,-1241,1864,-498
-1392,-12996,8156,-663,1927,-9
-1152,-12580,10308,233,1452,-184
-952,-13492,8832,689,1446,-556
-1096,-13436,8164,291,1532,-254
-1768,-13032,8568,-286,1614,-208
-732,-13296,8504,-153,1657,-99
-1664,-13432,9796,-294,684,-212
-1660,-13944,8340,-810,689,-53
-1816,-13368,9676,-946,1498,-142
-1280,-13244,8728,-1180,585,-353
-1232,-14024,9904,-1012,858,-185
-928,-13520,8068,-1472,560,228
-1460,-13164,8972,-2031,715,141
-1064,-13828,8904,-2764,882,-236
-1416,-13268,7436,-2963,578,-377
-2328,-13116,9132,-3260,785,-509
-1644,-13752,9084,-2922,725,-484
-1836,-14144,9116,-2112,797,-429
-1968,-14260,8572,-858,539,-416
-2052,-14644,8336,-333,530,-328
-1832,-13984,8428,138,85,-359
-1476,-13888,8540,250,111,-244
-1436,-13952,8152,41,17,-173
-1568,-14072,8204,-449,86,-152
-1880,-14100,8052,-647,43,-242
-1792,-14040,7908,-676,120,-342
-1576,-14076,7984,-608,46,-301
-1672,-14160,8108,-609,165,-283
-1656,-14204,8180,-774,255,-347
-1564,-14128,7876,-1011,257,-399
-1616,-14184,8004,-1104,505,-369
-1604,-14676,7852,-1372,1023,-364
-1548,-13736,8284,-2203,2446,-371
-2024,-14232,8224,-2831,1565,-589
-2404,-15044,8328,-2368,335,-1479
-1560,-14580,8152,-868,-2978,-2017
