488,-11824,11024,-200,143,-180
516,-11920,10944,-246,78,-189
648,-11704,10724,-292,58,-77
332,-12004,11296,-345,0,-77
552,-11904,10956,-447,9,-143
488,-11792,11020,-553,62,-192
496,-11976,10996,-621,-44,-129
536,-11976,10692,-555,49,-97
432,-11916,10856,-323,38,-206
440,-12064,10720,-128,152,-265
576,-11916,10952,-72,236,-109
532,-11856,10968,48,143,64
464,-11868,10956,178,218,38
464,-11980,10904,299,284,-108
384,-11904,10980,428,420,-161
348,-12004,11036,729,437,-290
688,-12696,8520,-1814,150,-891
320,-12020,10788,-1238,162,-643
120,-11624,11516,-1187,991,-369
596,-11604,10972,-831,1048,-294
328,-11980,10720,-968,1178,-253
172,-11272,11216,-1521,687,-143
56,-12240,10208,-1713,1574,-12
380,-12572,10740,-1436,1316,-267
624,-13796,9564,-1218,1609,-83
104,-11644,10312,-1312,573,-456
212,-13048,10376,-490,824,-367
-180,-12512,10628,90,955,-137
212,-12452,9564,52,1095,43
24,-12232,8792,-806,1301,-117
312,-13496,9816,358,1906,-441
-36,-11328,10900,-258,1256,-550
332,-11756,10980,-150,1966,-664
-120,-11244,11144,-243,1832,-271
-408,-11580,10744,-490,1744,-585
-1692,-12648,13036,59,1013,-650
-332,-10808,11744,0,1077,-378
-560,-12400,10956,-550,1346,-380
-620,-11244,10940,-1532,1236,-577
-908,-11792,11020,-1578,1279,-709
-892,-12020,11044,-1233,1164,-733
-1224,-11524,11436,-2149,1045,-532
-968,-11920,10696,-1421,665,-452
-980,-11972,11368,-953,632,-260
-680,-12016,11016,-632,640,-356
-920,-12284,10228,-854,586,-244
-912,-12092,10708,-519,410,-192
-800,-12060,10824,-282,215,-217
-776,-12076,10624,-421,153,-47
-1032,-12024,10748,-336,-19,-10
-948,-12280,10608,-736,34,-161
-872,-12532,10444,-978,61,-280
-1012,-12312,10496,-1138,131,-405
-920,-12408,10384,-1233,-8,-331
-784,-12608,10260,-1009,-14,-200
-932,-12520,10188,-825,7,-185
-900,-12628,10072,-601,47,-147
-828,-12612,10172,-380,54,-172
-848,-12504,10364,-319,-6,-160
-900,-12576,10260,-245,92,-93
-932,-12528,10264,-178,52,-163
-876,-12592,10220,-205,79,-153
-960,-12572,10224,-200,100,-123
-836,-12532,10196,-162,82,-290
