1420,-11316,11068,725,83,-166
1476,-11264,11292,750,-44,30
1868,-11300,11456,855,187,121
1888,-10964,11068,1020,1065,38
1104,-10692,11840,807,122,233
1320,-10884,11496,609,-66,408
1600,-11224,12484,910,224,528
1156,-10540,11240,-22,-638,554
916,-10792,11252,442,409,373
1008,-11320,12364,432,356,682
1220,-11096,12444,499,-63,539
1456,-11196,11492,378,-161,190
936,-10964,11708,179,205,-8
1052,-11328,12632,256,69,-51
1284,-10788,11756,467,-269,-125
1212,-10220,11216,207,207,-208
1232,-10676,12000,-501,166,-4
1028,-10884,11848,51,-125,-100
616,-10516,11748,-771,762,-81
960,-10656,12204,-2036,855,659
1452,-10732,11832,-1889,714,193
-96,-12728,14848,647,-140,-233
1140,-11928,12020,-209,339,-17
968,-11052,12032,-721,401,-127
948,-11012,11580,-979,583,-128
856,-11552,11700,-2553,730,-632
732,-11404,11456,-4327,993,-707
908,-11420,10972,-5429,982,-425
944,-11344,11576,-3997,719,-489
640,-11636,11324,-3745,967,-544
976,-11964,10772,-4446,875,-386
508,-12112,10876,-4389,991,-552
1124,-12552,10256,-4049,797,-744
428,-13032,10224,-4558,896,-665
552,-13224,10104,-4657,1341,-619
888,-13428,9820,-4625,1125,-444
324,-12748,9668,-3584,1250,-675
712,-13468,9132,-2897,1452,-616
336,-13604,9116,-2890,911,-685
568,-13108,9160,-2528,839,-546
1040,-13704,8568,-2074,1171,-264
564,-13732,9012,-1987,943,-512
572,-13788,8624,-2294,675,-553
568,-14552,8332,-2687,820,-683
708,-13472,7668,-2895,1123,-684
412,-13940,8532,-3440,836,-788
112,-13912,7712,-3830,1265,-780
608,-14072,7804,-3780,1036,-872
732,-14536,7500,-3558,1077,-1196
212,-14968,7564,-3388,832,-1047
832,-14856,7468,-2688,777,-1035
968,-14404,7012,-2539,959,-922
816,-14364,6548,-2050,588,-1003
552,-15144,6920,-1873,383,-742
992,-14492,7120,-2456,464,-906
992,-15368,6364,-3034,491,-952
1008,-14640,6608,-2804,811,-1119
828,-14884,6952,-2261,709,-1144
1168,-14972,6336,-1397,446,-1047
1104,-14400,7128,-1463,582,-946
1308,-15432,6660,-881,442,-996
1140,-15400,5404,-516,1340,-845
980,-14892,5864,337,1396,-991
952,-14724,5476,-1704,1237,-811
1196,-14800,5668,-1770,1084,-900
1028,-15104,5904,-2096,971,-890
1260,-15000,6196,-2218,753,-579
1324,-15432,5984,-1634,666,-687
732,-15396,6168,-1168,239,-655
1172,-15428,6132,-966,66,-478
1292,-15076,6032,-180,-692,-377
1352,-15496,5572,-285,-224,-163
1212,-15340,5472,-472,11,-110
1248,-15400,5452,-431,-21,-236
1200,-15440,5600,-537,14,-228
1276,-15316,5476,-605,-162,-153
1252,-15324,5452,-719,-149,-40
1288,-15544,5804,-1036,59,56
1164,-15640,5868,-803,442,224
1268,-15356,5708,-751,925,309
932,-15480,5268,-487,669,294
852,-15312,4624,84,192,277
5060,-15960,3548,5168,-1026,2662
1680,-16256,6188,3972,-1582,-43
336,-15180,5612,1813,-246,-95
1892,-15408,6512,2138,-659,-474
1544,-15136,7964,3189,-84,-890
328,-15244,8628,4599,-839,-818
