-560,-12488,10428,-925,-148,-91
-452,-12552,10316,-1072,-102,-224
-440,-12552,10132,-929,-72,-312
-276,-12504,10016,-759,-25,-259
-440,-12584,9984,-534,27,-201
-436,-12596,10156,-419,-20,-232
-280,-12540,10188,-280,27,-92
-560,-12592,10284,-110,64,-44
-404,-12620,10252,87,150,54
-428,-12552,10316,211,182,64
-432,-12388,10300,369,327,151
-556,-12648,10476,561,291,72
-568,-12468,10336,821,421,33
-544,-12612,9812,1265,1145,-64
-660,-11492,10372,1477,701,-408
-960,-12644,7400,-2270,981,-322
-1708,-12484,10488,-2980,150,-419
-900,-13132,9036,-4011,1434,-225
-684,-10664,9980,-3278,1359,-329
4,-13392,10092,-1716,1650,-390
-956,-11800,8660,-2159,1092,1
-952,-13020,9000,-2080,1343,303
-952,-12124,10288,-1455,1050,35
-1068,-13872,9568,-1048,1680,217
-96,-13140,8012,-1232,954,-182
-892,-12296,10324,-1399,1562,-362
-1684,-12032,12200,-1840,678,-179
-872,-13208,8588,-2007,940,29
-1020,-13304,9544,-1734,860,-235
-1640,-12068,10272,-1282,1001,-35
-1276,-13676,9840,-1020,736,-334
-1096,-13460,8580,-582,723,-547
-1508,-13124,8968,-697,549,-146
-864,-12896,8436,-897,826,-217
-1236,-13904,9584,-1300,733,-162
-1276,-13632,8256,-1428,1057,-157
-1188,-14156,9324,-1558,1034,-274
-1908,-13488,8536,-1385,927,-205
-1492,-13704,8608,-364,958,-301
-1604,-13788,8352,-622,709,-369
-1808,-13540,8928,-661,-350,-406
-1508,-13608,8756,-323,717,-210
-1384,-13488,8516,187,332,-199
-1668,-13808,9676,69,737,-328
-1792,-13668,8840,-340,602,-224
-1724,-13084,8776,-86,875,-118
-2052,-13184,9232,13,219,-184
-1460,-13216,9288,-399,362,-100
-1492,-13156,8812,-495,348,52
-1836,-13580,8992,-568,322,-257
-1820,-13456,8948,-592,320,-342
-1720,-13476,8920,-578,260,-414
-1520,-13356,9016,-193,273,-341
-1524,-13472,8784,49,146,-229
-1808,-13344,8956,277,56,-213
-1636,-13472,8948,301,-4,-222
-1644,-13444,8960,238,26,-184
-1668,-13300,9124,171,-55,-158
-1616,-13296,9176,-133,-4,-31
-1688,-13416,9128,-310,85,-61
-1732,-13372,9180,-410,20,-160
-1520,-13332,9108,-446,27,-95
-1700,-13356,9052,-399,74,-22
-1724,-13328,9160,-214,19,-56
-1792,-13300,9244,-195,67,-245
-1596,-13400,9260,-374,39,-296
-1756,-13300,9376,-506,72,-82
-1660,-13328,9152,-553,183,-79
-1732,-13404,9172,-467,45,-275
-1788,-13184,9164,-400,201,-271
-1660,-13232,9236,-303,124,-245
-1644,-13356,9144,-195,7,-182
-1740,-13240,9216,-208,154,-191
-1540,-13228,9364,-324,77,-194
-1620,-13360,9140,-392,6,-104
-1676,-13316,9160,-504,87,-26
