16,-12664,10284,-360,125,-164
36,-12748,10212,-299,72,-230
64,-12744,10072,-339,132,-212
328,-12628,9976,-329,219,-152
276,-12652,9872,-63,261,-77
76,-12608,10200,108,188,-14
96,-12636,10136,180,165,87
108,-12624,10160,348,255,139
40,-12580,10120,552,390,116
-64,-12524,9980,777,670,65
-204,-12492,10376,965,760,-14
-404,-12668,10724,1101,657,-318
20,-12392,10288,1019,1396,20
-664,-12932,10912,658,1132,-451
-492,-12544,10492,-471,853,-433
-460,-12252,10480,-1763,909,-513
-244,-12628,10852,-1810,984,-443
-556,-12060,11068,-721,665,-124
-628,-13896,10268,-436,1129,-191
-900,-12852,11012,-296,1270,5
-428,-11684,9744,-315,724,-68
-1112,-11324,10172,-458,718,117
-948,-11592,10664,616,1363,-204
-720,-13764,10336,907,1144,22
-816,-13052,9944,777,1387,-421
-1956,-12008,10880,207,576,-522
-40,-11144,10016,-301,1333,-510
-1060,-13728,12156,-1770,449,-552
4,-13440,8900,-2493,1773,340
-1064,-10976,9616,-4052,893,-527
-1208,-12336,10356,-3492,1071,-527
-1684,-11780,9768,-3302,424,-498
-792,-13112,10016,-2135,1126,-318
-2268,-12572,10016,-1367,801,110
-1832,-12300,10796,-344,375,-368
-1592,-14496,9472,311,970,-654
-1216,-12960,10152,87,570,-473
-744,-11436,10156,-48,265,-210
-2084,-14380,12408,47,181,-357
-940,-12604,9460,-789,856,127
-2080,-12416,12532,-1129,278,-118
-1328,-13316,9776,-1109,336,-241
-1140,-12964,7908,-2306,446,-378
-996,-12468,9096,-2726,892,-423
-1372,-12316,9988,-2224,518,-588
-1324,-12992,10052,-357,153,-335
-1432,-12900,9868,-1,325,-277
-1140,-12864,9708,12,148,-263
-1256,-12992,9552,35,9,-119
-1360,-13356,9444,-547,-30,-46
-1328,-13176,9396,-798,61,-107
-1392,-13160,9392,-852,86,-169
-1448,-13236,9288,-685,26,-277
-1288,-13232,9240,-439,66,-269
-1440,-13216,9308,-459,66,-167
-1380,-13316,9300,-522,59,-160
-1328,-13268,9348,-423,-7,-237
-1244,-13324,9316,-524,59,-153
