2224,-10396,12640,-208,-89,-175
1672,-9748,12016,-365,47,-405
1720,-9640,11632,-1420,214,-370
1812,-9952,12196,-2303,358,180
1868,-10400,12132,-2240,752,-332
752,-10408,12832,-2873,69,89
1676,-10860,12300,-3539,196,438
2036,-10916,12204,-2604,34,183
1808,-10628,10160,-3708,163,-190
1208,-11388,11432,-6755,899,431
848,-12140,12516,-5243,196,725
868,-11172,10500,-2767,-829,-190
1388,-11500,10380,-4281,310,354
1544,-12336,11336,-2855,-333,165
1244,-11916,10600,-2730,398,159
1192,-12736,10780,-2024,131,502
676,-13496,10940,-3583,-1487,1144
1428,-12200,9008,-5173,-997,446
1032,-12644,8408,-4857,-161,591
1024,-13808,9752,-3955,413,82
1672,-13744,9716,-4588,251,62
1032,-14528,10448,-1355,-1188,-138
984,-13980,8928,-1100,-332,-1072
1308,-13880,8540,-604,-461,-1694
1296,-14124,8364,-2799,869,-168
1204,-14184,7648,-4182,514,-428
1216,-13984,7756,-4558,1624,-414
1636,-14012,6888,-4997,2162,40
1464,-14640,7680,-4746,2210,205
1220,-14704,7196,-4446,1626,-364
1300,-14416,6332,-5366,2429,98
528,-15236,7432,-5471,3202,-244
1132,-14924,6568,-4218,3075,-595
1240,-15388,7292,-4287,3216,-338
788,-15504,6320,-4774,3093,-143
544,-14896,5680,-6073,2760,35
1088,-16372,6600,-5354,1755,-160
496,-17096,5572,-3867,1801,-716
1300,-15364,3932,-3118,2542,-664
620,-15664,4152,-4527,2878,-626
1084,-16260,4276,-5034,2695,-589
920,-17456,3744,-3899,2945,-1
1868,-21608,5960,-3474,2380,-2365
2128,-16156,1388,-4183,2236,-1718
-476,-21520,3772,-2161,2683,532
-588,-15852,4644,-2279,662,-621
1352,-16972,5244,-1994,-439,-855
1416,-15252,7204,-1886,1246,-1772
3416,-16036,1384,-3998,-78,-1559
576,-13376,-4976,-4481,1720,129
-684,-20556,-7268,-3781,5100,-301
5492,-20912,-3220,-6725,2708,-1300
-40,-21292,5100,-5640,1077,-1938
732,-14772,1708,-3640,2639,-1316
-748,-15368,-1580,-3265,2125,34
1832,-15668,-812,987,-382,-230
1076,-16420,1196,221,164,-26
836,-16608,1124,-171,204,18
852,-16592,1060,-160,147,26
744,-16560,852,77,205,-14
812,-16540,824,425,332,-141
740,-16436,1316,265,256,-282
916,-16624,1124,189,792,-309
984,-15816,1200,-3138,1245,-1109
-116,-18236,4300,-772,434,144
472,-16588,1612,3650,-1998,-201
516,-17232,1924,4604,-820,-69
616,-16856,1804,6744,-931,-127
1596,-15472,1256,3756,148,-346
500,-15816,1988,700,385,-625
896,-16084,2284,-89,250,-379
