144,-10796,12616,-86,99,-379
-104,-10708,12228,356,-103,-534
148,-10148,11960,-89,183,-355
204,-10100,12188,-112,288,-349
-348,-10108,12548,-98,-186,-356
-148,-10044,11256,-336,-69,-333
-440,-10404,13104,-314,251,-9
-4,-10484,12856,218,-230,-275
-220,-10524,13168,1542,-795,-1535
-652,-10320,11560,1916,-146,-1955
-1452,-10572,13584,178,458,-118
336,-11412,12512,380,370,100
-232,-9548,11988,-354,-423,-325
96,-10432,12316,-1128,191,-12
-172,-10460,12716,-926,283,-277
148,-10452,12084,-889,521,-386
-632,-11376,13416,-2175,641,-943
-296,-11136,12016,-4459,419,-1096
92,-10548,11360,-5935,505,-570
360,-11208,12148,-4757,590,-647
140,-11064,11368,-3358,600,-958
92,-11740,11796,-3278,788,-1060
-500,-11928,11316,-4044,364,-915
-288,-11856,10700,-4981,1063,-878
-892,-12384,11172,-4529,625,-1207
-296,-12976,11360,-6600,862,-380
-752,-12820,10548,-6027,598,-769
356,-12944,9184,-4157,1009,-326
368,-13624,9640,-3954,371,-9
300,-13372,9052,-4106,1115,-303
-48,-13516,8844,-4156,1273,-67
-8,-13696,8804,-4236,1153,-582
-848,-13032,8756,-4210,684,-555
-52,-13960,8408,-3913,1294,-418
-452,-14056,8260,-4035,1250,-878
-188,-14408,7920,-3827,876,-949
-608,-14444,7640,-4034,601,-887
-280,-14676,7428,-3880,847,-941
260,-14576,6544,-4092,1211,-918
-380,-15172,7636,-3637,989,-1120
-76,-15300,7960,-2742,578,-1167
220,-14668,7056,-2691,696,-870
48,-14584,6696,-1320,567,-1011
104,-14952,6372,-1380,1662,-1281
-200,-15020,7624,-761,696,-1208
-148,-14748,6912,36,-24,-1082
108,-14800,7560,242,332,-957
-176,-14748,6576,385,-430,-914
328,-14940,6524,-228,-114,-827
560,-15664,5960,-1135,-23,-900
784,-15500,5780,-2220,544,-814
584,-16040,6436,-2386,390,-657
384,-15108,6364,-1710,237,-655
424,-14800,7760,-201,-58,-447
296,-14868,6420,629,-91,-306
616,-15144,6416,-98,-79,-334
428,-15164,6040,55,-114,-234
484,-14836,6480,-272,175,-143
408,-15200,6400,-360,130,-109
464,-15148,6404,-166,-189,-181
536,-14972,6464,-261,139,-258
516,-15004,6740,-519,143,-138
