44,-11672,11032,-434,124,-200
-4,-11768,11280,-335,92,-93
-76,-11808,11240,-299,164,-114
-256,-11744,11188,-135,316,-227
96,-11688,11108,-111,278,-321
244,-11808,11016,-139,106,-289
56,-11644,11136,-340,122,-184
72,-11576,10920,-388,253,-132
-120,-11740,11368,-411,166,-171
-20,-11668,11128,-441,117,-217
-8,-11608,11132,-435,131,-178
-192,-11844,11236,-251,151,-146
-12,-11664,11064,-173,132,-215
92,-11656,11080,-85,194,-39
-164,-11860,11224,56,178,-2
-104,-11792,11200,180,317,17
-108,-11760,10948,358,504,-59
-148,-11652,11252,493,527,-47
148,-12100,10772,-364,402,-312
-196,-11916,10628,-768,755,-493
-220,-12316,10512,-2076,1163,-483
-760,-12736,12924,-4406,676,-147
-280,-11720,11644,-2489,863,-26
-308,-11840,10940,-1295,757,40
-136,-12476,10304,-747,838,154
-340,-11756,10744,-553,503,-40
-460,-12468,10644,-498,501,-401
-904,-12180,10296,-792,175,-418
-856,-12168,10844,-987,66,-15
-452,-12288,10552,-1162,787,-38
-480,-12440,10728,-1192,1220,-122
-268,-12896,11100,-1089,1688,-284
-1056,-12916,10816,-1717,1077,-369
-808,-12304,9592,-2441,1464,-142
-924,-12372,11396,-1157,1202,-578
-676,-12192,10856,-677,1364,-337
-1376,-12180,10140,-841,1090,-155
-880,-12676,10120,-474,1265,-29
-872,-12488,10044,-392,958,-217
-1096,-12500,9852,-774,763,-344
-1152,-12356,10220,-702,1035,-408
-1044,-12324,10700,-873,1406,-487
-1208,-13256,10696,-786,1517,-456
-268,-12384,8776,-974,1122,-308
-976,-12592,10632,-811,1215,-293
-708,-12404,9236,-618,923,-96
-964,-12320,9780,-66,589,-243
-1580,-12476,10212,-577,340,-102
-1252,-12308,10868,-1085,852,-175
-1312,-12560,10176,-2239,236,-414
-1092,-12540,10152,-2950,277,-544
-1300,-12900,10152,-2700,554,-500
-1468,-12844,9096,-2668,776,-612
-896,-13240,9372,-2079,387,-507
-1328,-13000,9344,-1967,421,-435
-1468,-12988,9572,-1454,291,-303
-940,-13216,9152,-876,370,-252
-1372,-13360,9288,-1400,311,-322
-1388,-13492,9336,-1641,385,-180
-1072,-13716,9836,-2033,399,-318
-1496,-13092,9096,-462,263,-237
-1312,-13176,9124,-348,272,-279
-1448,-13208,9460,210,142,-128
-1428,-13336,9300,111,-16,-149
-1336,-13392,9232,-94,-71,-255
-1352,-13340,9148,-288,24,-333
-1348,-13332,9076,-477,109,-280
-1180,-13368,9188,-528,63,-288
-1400,-13380,9120,-432,114,-207
-1364,-13356,9204,-255,52,-253
-1308,-13420,9104,-154,28,-245
-1328,-13340,9176,-92,68,-144
-1380,-13324,9164,14,-32,-197
-1364,-13280,9404,-23,5,-194
-1288,-13276,9236,-102,77,-211
-1352,-13288,9356,-246,173,-251
-1212,-13272,9188,-386,152,-263
