-2500,16376,5868,945,11368,81
-728,15996,5400,1222,9020,1753
-3744,15468,6444,98,5982,3098
-2812,15304,5816,363,6101,4562
-1116,14768,5268,715,5233,3895
-3472,14972,6528,731,4988,2719
-1856,15056,5552,696,3828,2354
-1240,14284,5628,637,3174,2100
-2432,15140,6100,-78,1580,2256
-2744,14940,5904,-245,1246,2690
-2796,12868,5792,-1746,9,365
-1916,16004,5612,-1183,195,992
-756,15988,5248,-687,-528,2890
444,15084,4448,-825,-839,3222
72,14880,4304,-925,837,747
-1676,16040,4712,-496,1216,2117
-1148,15968,4616,-2614,852,4934
-1936,16584,5088,-2738,1760,7194
1828,16300,1476,-2277,-10829,-1125
-3936,15880,4876,-972,5326,-7425
-3844,13456,5916,-2422,-3134,-2026
2352,16000,3016,-5233,-6382,-3995
-3300,16016,11120,-1548,-6038,-3204
3844,15652,4080,-1279,-7500,-3174
568,14088,4112,-1243,-910,-4778
-1556,13056,5980,-1049,600,11
1140,11652,3352,-1295,211,-4234
2252,16728,8192,157,316,-2342
2452,15496,8444,-555,-1850,1012
732,13232,6024,-197,-158,-535
2980,16844,8016,338,428,1231
2248,13556,6528,-163,-953,1547
1028,14592,7728,1175,122,-3183
836,15164,7868,1732,-2412,-4691
-1672,15488,9812,2457,-6743,-7613
904,18216,10872,-7420,-4076,5678
6176,15608,7384,-10538,-7778,9479
2476,12268,8400,-10893,-4912,3597
-1528,12712,9964,-13558,-6057,2772
-2188,8528,7652,-3675,-1811,5962
-1132,10500,7592,-1021,-3726,-2989
280,11740,6704,2581,-1421,-2074
-1272,13260,7284,7957,-5590,-8764
-1108,12956,4536,4958,-7695,-15387
648,17128,3864,3983,-394,-10735
-1704,15084,3892,5226,505,-9531
-2524,13940,2968,7921,1307,-12012
4996,21564,2200,3865,-1345,-336
-868,15684,2808,-2364,2489,917
-1232,17032,2848,2868,6521,-1441
-688,16928,2316,3980,7412,64
-1904,17236,1180,5112,8222,1941
-536,16956,176,3373,8824,5665
-1792,15912,2096,-1,10776,4949
-2620,15600,6616,-6113,9616,1991
-1960,16452,6060,-6763,8344,434
-2308,16856,6720,-2965,4069,1671
-3620,15792,8276,-1675,2904,3519
-1920,14216,6544,-1170,1125,4906
-2664,14068,6372,-492,1585,5936
-1876,13308,8452,889,3331,6092
-680,12228,8164,-861,2531,3050
-728,13384,8536,-2485,2107,1310
-1388,14364,7992,-1766,824,1057
-1872,12188,8768,-2266,-1044,1109
220,15256,6268,-517,-1194,684
-824,15876,7200,1072,367,587
132,14680,5636,1255,-350,1112
476,15440,5320,882,-625,153
268,15572,5184,941,341,-823
-220,15204,4696,117,-217,-69
-540,15572,5040,-593,-263,533
-540,15460,5348,-1261,-9,1168
-536,15532,5396,-1781,455,1995
40,14952,5488,-1914,-416,1849
968,14928,5820,-1353,735,1110
540,15120,5940,-1001,104,632
