1360,14704,6332,-448,-768,335
2072,15036,5912,-489,-1405,258
2396,14808,6568,346,-558,-442
2084,14788,7480,526,-1750,-809
1148,16456,10552,-1136,-5557,-1966
452,13148,5748,-6573,-12555,-2017
1440,12496,8964,-8658,-16295,-2716
4432,14188,8584,-8989,-6910,-3104
1632,9772,8620,-6607,-7178,-433
960,10968,9532,-6898,-11297,-1066
3868,12776,7792,-7718,-8565,-6840
5364,12636,7240,-1388,-815,-2615
4108,11728,5136,-999,-1991,-1546
3272,13544,3980,-3080,2269,-7132
1104,9784,6428,5485,3838,-10034
-608,9352,2892,10867,-3103,-11985
1824,10172,-4844,21347,5894,-16872
8488,15192,1624,-2784,3860,-4880
2932,19424,1336,318,2172,1627
940,18884,2044,2856,5474,6627
1568,15316,2776,1566,7782,6212
208,14552,3768,1521,14744,3439
884,17484,4732,1434,15300,3018
-7064,14660,9924,597,11026,8069
-5476,13196,9084,-282,7290,8490
-1268,10968,4860,1513,8408,3938
-5104,12216,8460,-1359,4716,1803
-2156,16124,7964,-4309,2279,5172
-2548,16432,6520,-1360,-64,10304
-6896,14672,6448,2882,1892,5729
-108,18456,7024,-911,-2053,-3440
-3820,14236,6004,-5704,1448,-435
6428,16448,-1772,-5629,1940,-2911
1696,18112,9424,-4448,-7974,187
-660,9432,8472,-1570,-3497,-3125
4900,12184,7836,-749,-2899,-4460
8576,11876,7476,528,156,-24
6612,14128,9492,602,-3596,2628
5032,12644,9880,2792,-8243,-3067
424,17152,11728,184,-11993,-8543
540,13532,10420,-4931,-5522,-2085
1464,12056,9044,-4014,-4973,3915
1472,9792,5128,-1718,-2240,-2856
2176,14328,5212,-822,1056,-4952
728,13116,1896,6596,1429,-1311
-7980,26536,7464,-1166,-5909,-7254
-868,13360,-1124,-399,-2297,-10512
-792,18416,1848,36,6713,-1778
-624,16836,-212,2833,5130,3786
68,15860,964,1154,9962,3141
-120,17684,2372,1355,10319,2193
-624,16600,6192,-1229,8192,1654
-892,14524,7488,236,10165,-2289
-972,15748,8764,-491,1535,-2410
-1000,14784,8960,89,1788,-865
-3564,13024,9256,-417,886,922
-2260,13696,8252,-1347,-427,1767
-2264,13268,8484,-1790,458,1192
-2016,15120,6968,-2721,-334,1413
-420,14844,7284,-1393,-1481,3701
376,14268,6072,2,22,2011
-224,14796,6148,-99,-293,1474
