2664,12044,10212,-470,-100,-393
2836,11900,10192,-149,72,-186
3288,11892,10044,-332,-324,57
3232,12148,10884,-848,106,-480
2316,11364,12936,-3483,-2184,-1717
5676,11524,13472,-9904,-2116,-1759
5240,9300,11964,-25490,-2749,1415
2304,3724,12652,-8565,-5390,1340
5300,4568,10764,8224,-427,-2757
2540,12124,14960,1549,-5192,-7256
612,8108,11796,3116,-4531,-9599
1196,11500,10240,-8536,-6589,-10334
-508,4532,7048,6720,7138,-12164
-500,14772,10968,18446,1633,-15736
4764,21132,5044,965,8185,-5424
-1048,20020,9092,8247,-727,-3106
2456,17412,7232,8188,5254,4186
2900,19604,6684,7205,5116,14926
1840,5408,1548,2564,7669,5477
924,14324,6356,-665,9789,3129
4064,21452,10192,-316,6105,12185
656,9748,6468,1867,8487,9794
-3576,9260,10480,1196,10345,10268
-3084,11732,10644,-151,2598,5204
-2416,16520,11640,-385,5279,-496
-2760,14580,9672,-1107,-303,3538
-4140,12300,7800,-3532,-3679,-339
-4316,18124,12800,-3348,-49,229
6800,12040,10936,-1592,-2580,981
264,16840,11892,-2434,2059,-4156
3652,11816,14160,-2280,-7662,-4826
1604,5048,5856,-3238,639,-6711
14100,13536,11420,1596,-4941,-2540
12036,13088,13432,254,-1052,-370
-1108,12988,14856,-31,-1482,-6154
3200,14020,16120,-6046,-2987,2876
8164,7168,11452,-11624,-10863,3743
2496,9928,13264,-9410,-8622,-3890
-488,9528,11516,-8553,-9964,-6048
-1376,8716,9664,1709,-1530,-3631
-1048,10180,6220,3111,-4045,-13571
-448,10308,680,19124,2511,-13618
-8732,32767,17376,3598,-7769,-2690
-4596,25616,8500,4424,4331,264
-556,16876,5408,8628,3020,4594
4316,15648,-248,9006,12725,4920
608,16220,5636,6658,15166,4076
-428,12252,6152,2732,10922,3114
-3792,13916,10344,-2357,5345,3836
-2104,12876,11820,-1008,2942,2588
-816,12368,11020,-761,1542,-993
352,14020,10808,-801,379,-1190
-1824,13072,10252,-890,463,1292
-624,12788,9752,-2238,4468,1899
-1516,10244,10384,-2211,3872,1613
-1036,13500,10312,-1795,685,1962
164,12824,8428,-2374,-1850,2664
-864,14524,9016,-1570,-252,2317
1424,13960,7540,-2239,-436,3174
1372,13172,7276,-1317,-801,1290
920,13684,8300,-1059,-68,242
1256,14028,8248,-1300,37,850
1244,13928,8944,-1375,-501,1387
1300,12728,8564,-1407,106,273
