3752,-8400,14064,-611,571,-156
3556,-8412,13844,-706,749,-274
3340,-7636,13512,-1157,607,-205
2848,-8620,14088,-1462,-113,190
3380,-9296,14612,-16,-432,316
3104,-8504,14504,293,-755,-72
2784,-8032,14196,-2,-1213,149
3568,-7740,14572,422,-2620,523
4108,-7200,13228,371,-3279,717
3820,-5888,13496,-770,-3126,1409
2424,-5636,13416,-1724,-3530,3608
5556,-5996,11460,-5477,-5600,5219
3988,-7784,11976,-5391,-8057,-2313
7512,-6248,11080,-4548,-4932,-2709
6476,-8480,11952,-5498,-423,4085
6840,-9876,11024,-5887,1462,3743
6780,-9808,10508,-4408,-680,2964
6484,-12068,10788,-4567,1627,2250
1948,-11732,11116,-4009,1179,581
2312,-12320,8336,-5655,401,748
2176,-11428,3328,-17222,8854,2544
-4552,-16096,1780,-32768,-1794,9611
-7236,-21008,12952,-3036,821,116
1008,-17152,1488,-6983,-628,5891
3328,-15492,1188,-7806,-2077,7193
2176,-13844,6968,-5084,-825,12265
2348,-10872,7236,-343,-7032,6437
5472,-11896,10584,6181,-12948,1139
13352,-11980,9200,4201,-1031,6031
11048,-13956,8076,4934,23519,15355
9900,-17184,8068,2168,8831,6302
9540,-15500,8716,943,9918,-1386
11424,-17160,5140,2885,14326,-22891
3344,-14376,2096,2805,30390,-17028
-8560,-13420,11920,4749,25473,-7262
-13304,-13492,10924,1706,21440,-7109
-14032,-13604,10024,-4674,1620,-5028
-10264,-12976,11088,-5199,-6750,-5753
-14696,-10000,10056,4115,1581,1790
-5800,-13112,12092,10550,-8501,6364
-2608,-12592,15052,11170,-9439,7132
2280,-7584,10216,7470,-9118,6723
1284,-5880,3900,2244,-17827,1842
5876,-8392,13736,-1381,-10307,3117
2048,-11508,9724,-3578,-8220,3931
5508,-12476,8008,-4233,-7593,1450
6596,-13452,3576,-2469,-560,-3585
-60,-13828,2708,-12864,83,-2665
-1640,-14652,-4572,-20534,5903,544
-8128,-18416,6752,6497,471,-1945
1212,-20772,3552,-2968,945,-1448
1052,-15284,7280,-5104,3805,677
2140,-14240,6752,-182,7739,-2443
1012,-12340,11492,3123,10116,-3341
2312,-13496,9352,-226,11738,-1623
-5248,-12000,15424,-5392,15089,-3353
-3468,-11376,8556,-4685,21325,-5519
-2244,-10688,14180,-4304,17911,-5583
-3236,-11444,9812,-7805,12397,-6356
-3556,-11220,13848,-5875,6793,-5687
-3248,-12560,12424,-7722,4281,-2550
-3940,-14252,11500,-2434,2188,-311
-4904,-25564,20980,27796,-19481,9286
3812,-13572,-1780,32767,-17243,1307
624,-2660,2640,13891,-5251,1608
-5504,-11692,18316,-3061,-2055,-54
-2568,-13128,18332,7700,-9339,3357
-368,-7888,10916,-1868,-3627,1958
