516,15268,5660,-517,225,-302
296,15256,6192,-380,409,-348
408,14832,5896,-486,128,-388
324,14956,6100,-454,151,-187
304,14828,5988,-232,685,-19
612,15244,6676,-3,-140,-89
1676,14024,7056,-1161,-2089,-2729
-928,14600,2128,-3442,-9106,-3574
-5872,17008,14464,-9652,-6352,9310
4468,10600,6956,-13810,-12793,5410
4888,11080,7632,-4497,-1808,157
1484,9828,9476,2598,24,4509
2232,11100,8052,-395,-1155,526
1164,13948,9108,-1540,-4248,298
1748,14720,8836,-1534,-6472,3882
2568,12488,4936,-3286,-5177,-1874
2736,14752,6128,1573,2079,-3481
744,12432,7040,4020,-7781,-6430
-1036,9780,2968,2149,-6487,-11296
2948,15440,3952,11286,6365,-13481
-1244,32767,26320,-6986,-388,-4158
2708,12636,-696,-5324,2999,-6371
2076,18272,4692,-1831,4408,98
448,16540,5116,-966,4359,3594
2600,13848,4664,688,9482,2361
884,14732,6696,-456,10015,1692
28,13252,8176,-3,9057,3806
-4024,14096,11104,-615,6344,3705
-5124,14332,11076,-16,4328,1676
-2284,12992,7732,2230,3513,2740
-1732,15932,6532,-710,1727,4365
-1964,16132,6184,-618,-1074,9780
1724,13732,-412,1435,1035,717
-6580,12300,4756,-486,3567,-10247
-3576,12820,4408,-183,1455,1233
8312,14176,1704,-4050,-2336,8911
7816,15612,13016,-1966,-4405,-1503
5688,12952,11648,67,-1953,-1612
2340,15872,11124,2306,-4368,-7536
-4344,14936,14760,-6183,1736,5397
-1460,8228,6984,-7670,-7284,1531
-1912,11652,7244,836,-1909,-2788
-2804,10448,5296,2049,-4091,-1633
44,21460,104,1105,-294,-1561
552,14236,2176,1854,-3397,-4370
1212,17116,4332,5845,3947,-1374
2796,15568,1824,3602,4398,871
2920,17576,2624,5053,6607,366
-884,14056,5784,1043,4870,1483
-496,15304,5376,-1061,4405,2173
132,14076,7600,-1464,4072,530
-492,16376,8340,-297,2220,2339
1656,13752,7216,-655,2283,-166
-140,13212,9240,-557,-269,-2015
-1448,13452,8568,-897,-733,-1435
-532,14188,7480,-1343,176,-376
-80,15300,7672,-930,1078,437
228,15396,6556,369,-1258,1540
228,15340,6268,1154,343,571
852,14968,5880,1138,452,112
88,14984,5676,911,-1166,195
256,14804,4804,869,-110,-224
704,15200,5412,543,613,-218
292,15120,5516,77,314,625
368,15168,5144,-434,-97,1293
644,14952,5532,-792,139,909
1172,15336,5804,-496,1298,-583
620,15440,6104,-1160,-503,-339
280,15164,5760,-1514,-1286,482
1508,15152,5280,-1271,207,-214
