-1672,-10644,11848,706,-1759,-1596
-1620,-11172,11988,485,-1456,-1524
-1920,-10676,12012,1016,-1020,-917
-2028,-10424,12420,667,-381,82
-964,-9500,12036,842,-771,665
-316,-9200,12336,741,-702,1036
-172,-10200,14456,5189,-2474,2271
-600,-11284,12492,8000,-2798,-452
112,-10136,12416,8397,-5119,-3122
36,-8472,9740,2663,-4669,-1495
796,-9200,9384,-5157,4683,-1595
-4232,-9992,9360,-11716,1445,-3480
-5236,-7464,1464,6376,-9852,3602
-2196,-13652,9268,-19138,305,9061
1484,-13128,11196,-19042,4446,6930
5256,-13132,12808,-11835,-600,-813
12812,-12372,13160,-3920,-4405,-7243
2116,-11132,14952,-1062,-2878,-12441
-3228,-10340,11764,-2551,-5598,-8250
-12084,-10808,23012,9876,-11288,-1341
-8604,-14752,12360,32766,100,3386
-704,-10156,3980,21119,-4028,4357
1844,-12064,-4148,-3516,13028,-1621
7908,-22292,32767,-7658,-10636,-6791
-648,-16140,14840,-19943,7722,-51
2812,-14764,9136,-23565,-522,1002
-1704,-13936,9244,-19445,3426,-388
-924,-11400,13536,-9333,14277,-2691
2136,-15028,13712,-551,1403,-2233
-1012,-13516,13944,23351,-10477,6894
1328,-10996,8280,18164,-953,764
-1960,-10728,7700,7146,700,-4014
-1396,-11080,7144,6156,-3459,-43
-116,-12612,7852,1498,1074,-1143
-540,-13204,11960,712,-1045,1039
-184,-11416,10332,985,1941,-125
-624,-11416,11396,1517,2786,-493
