-1052,-10412,11580,-480,1223,-578
-1896,-10912,11652,285,805,-605
-2564,-11620,12788,849,-269,-588
-3276,-11596,14504,2537,-3280,919
-4652,-10848,11620,3187,139,1924
20,-10172,11204,3491,-2754,640
-1044,-9644,11612,1031,-1674,350
-300,-6676,10304,29,-1335,-964
-1884,-8212,11816,199,-2882,94
-3980,-8200,14380,-58,-4854,-14
-884,-11612,13180,-644,-2325,-874
-944,-11256,13164,-917,-2190,-45
-464,-10344,10308,-163,810,442
64,-10472,11324,-839,3505,-1613
-1984,-11024,11128,-1688,4454,-1424
-1424,-13656,32767,-8977,-7844,6003
-2752,-12596,11928,-5194,6443,1073
-2992,-12360,9796,-12415,973,5836
3056,-13752,11976,-17805,-76,5985
2256,-13804,12412,-16215,249,1223
1820,-13736,11048,-12912,1179,-3538
2388,-9632,15484,-7374,-5503,-9138
-3116,-11964,10924,-1544,-12395,-12499
-4980,-14048,7584,576,-8223,-6645
-4804,-16056,8472,5334,3940,-5176
-5680,-13420,12936,18596,1675,3042
4304,-9892,840,28322,-553,4079
4244,-8732,-1880,12206,9789,-4384
-1052,-12804,7164,-208,21641,-9629
2876,-26492,27424,5766,-24820,-1147
-1460,-11472,11632,-14474,-1226,7846
-2000,-13840,10604,-17445,-2621,6755
840,-15396,8724,-18422,-3098,4982
2340,-11964,9784,-15177,2494,2698
-3120,-13000,11920,-10901,12777,-4369
-3516,-11832,14524,-1462,2150,370
200,-13100,8860,4237,-2288,238
-516,-13740,12212,9808,-5593,487
-2944,-17176,12816,15291,-3906,-957
244,-15756,7164,13741,9120,-2349
-2644,-11392,6432,8205,739,-52
-1784,-10868,6308,3000,2626,-1141
-1364,-11124,9072,-665,3780,-1317
-1876,-12112,11348,1367,2792,-652
-1716,-12060,12236,1130,980,-572
