120,11132,12072,-971,2,-390
804,10824,11476,-654,49,-108
344,10940,12128,38,164,-291
604,10032,12088,-989,107,-1218
1692,9276,11836,455,1653,-1785
956,11240,14260,3559,1330,115
712,10844,13316,3764,370,-413
-1248,9908,12944,3666,-306,377
428,9916,11156,4470,830,803
-1116,11740,12868,6226,356,397
-796,10760,9700,6173,-403,510
-252,10992,8204,9781,393,-1106
868,12576,6820,7488,1317,-1548
-320,14048,8428,5373,-548,-3763
-856,14048,6600,3230,-2397,-3594
148,10944,5232,2928,1277,-3000
464,10824,4444,6378,5581,-8187
-1260,14320,5684,11374,8732,-8364
-2932,13260,4996,9457,4331,-5149
-768,24916,8104,-1925,8062,-803
-2840,15096,6804,1878,1763,-604
680,17468,4524,7729,2677,1098
2384,15380,3816,7772,1391,4159
3576,16524,2056,6212,-323,1753
1144,15092,2372,4413,1637,914
-3472,14772,4968,3135,6069,716
-3568,15144,4112,2444,6906,1067
-4428,15708,4648,2547,6066,2315
-5684,15068,5400,1682,4618,3010
-6580,14496,5056,59,3948,3375
-5856,15104,4096,-1223,3459,2638
-3808,15868,4208,-1828,1582,4960
-3364,13988,2632,-3724,3252,5102
-2144,16252,2580,-6156,3884,6965
-3436,16904,3508,-7131,5695,12336
-1560,11828,1260,-1573,5947,8384
-3676,16308,7988,-1128,8543,-1173
-3256,15744,4404,-262,4704,-682
-632,18452,10384,1449,1299,-5405
5040,18308,-1244,-2694,-2734,-726
-1848,14472,6800,-3013,-4961,-2862
4864,15344,5060,440,-141,-4786
2420,16064,8084,2063,-4276,-3493
-2452,14880,9076,2592,-1450,-2698
3624,14012,6128,-1132,-1702,-2465
-124,14300,6400,-2101,-411,-1513
-1564,15592,8312,-2289,-4966,-3169
-4360,11604,9288,-15972,-6511,-4243
-2284,10620,9400,-12661,-10147,-2999
1040,12192,7176,-3755,-6932,-38
-3852,12824,9124,2387,-2391,871
-2720,12732,6532,1061,-1949,-2978
-2764,14348,5812,1412,-950,-4498
900,19448,5320,1612,2186,-7995
-1740,13348,3828,4593,-5448,-7063
636,12636,320,12744,-5,-7896
-4184,13456,468,-838,-1660,-5182
-1288,14700,1208,-354,-2004,-958
-1240,18140,2524,4050,4852,-205
-1116,15948,2208,5708,3394,1375
-3664,17168,4268,5601,1770,3498
-1656,14540,2432,4537,6571,3280
44,15488,1932,3256,5605,2707
1060,16084,1772,1879,3984,1772
-1696,15012,4284,107,4120,629
-2212,14852,4248,-2330,1862,-1051
-3524,15480,4720,-1306,3000,-916
-3180,14220,5932,295,34,-570
-2652,15064,5768,-395,-44,-809
-3804,15912,6292,371,-217,-244
-2828,14836,5324,499,1057,-201
-4068,15104,5576,765,2533,-247
-4104,15076,5660,1284,2633,887
-4792,14584,5284,182,1208,1563
-4968,15032,5288,-1034,798,1316
-4796,17824,6444,-3819,-1473,4332
-7856,19472,10216,-18293,-11379,3802
-1640,20160,10140,-29894,-17381,-6558
-2416,11012,5356,-32768,-9024,-909
