1356,-8552,14108,-372,-921,134
1256,-8704,13872,-26,-1050,-98
1796,-8272,13692,221,-1333,51
1672,-7828,13120,-1418,-148,538
544,-7648,13496,-2487,-313,1532
1036,-7476,14196,-1751,-90,1046
492,-6128,13920,-2705,-645,2930
1460,-8536,11268,-4024,-3095,5341
1748,-8276,15724,-2059,-4047,4896
536,-7540,14628,-3312,-10732,8421
4020,-9368,13332,-3036,-8604,3467
2124,-8624,11484,-5200,-5702,2561
3156,-7612,10164,-4191,-4178,5264
4648,-8484,7944,-5866,-1447,2334
3800,-10612,11564,-4616,-2220,1493
4328,-12164,9412,-3865,-309,-1510
3188,-10880,5680,-15790,5093,-4838
-1552,-14120,8600,-15397,4369,-476
-3680,-32768,32767,9177,-2354,791
-4432,-15712,8200,-5072,-4274,-1564
-2276,-15912,6276,-8078,-2161,2075
2044,-14712,636,-3789,236,5987
1744,-13232,8688,422,-3798,6255
3288,-12540,9192,1015,3684,17326
2988,-12040,10588,294,-2957,11926
7124,-11964,9352,-956,-1775,8717
7312,-11892,9812,1167,6451,7966
3584,-12404,10356,4089,2818,2341
7748,-16224,6856,2620,3820,5356
3720,-14784,8040,3292,7905,2352
9520,-18116,6688,4240,9722,-17608
5484,-16920,7804,2026,20414,-22520
-8424,-11028,8136,5364,23115,-19144
-11144,-11120,6652,2551,17251,-16941
-18488,-13328,10856,-3805,662,-5926
-8072,-14308,10888,-4788,-9538,-2750
-3852,-13656,12676,3817,-2299,-3783
-348,-13604,13548,21916,284,4562
-6956,-7880,13744,14250,-7539,8827
2956,-5888,13712,11838,-11598,10524
6868,-4376,5840,-1235,-5945,4273
4096,-8540,8264,-8019,-3889,-1255
-28,-14044,12540,-2401,-4136,1484
1800,-12928,6888,-4812,-639,-1031
5364,-14008,6152,-7696,59,-2338
4,-14836,3224,-15761,7572,-4066
-5544,-15628,312,-26352,9573,-901
-7384,-19000,13056,3854,4222,-2125
-1764,-17056,3588,336,2129,-2413
-1064,-16448,4812,333,1909,-1743
608,-14692,8604,2233,7365,-813
-620,-13316,13564,1799,11586,-2273
-1648,-13108,14088,-2231,12846,-2887
-4692,-9452,19628,-1340,18294,-962
1932,-8272,-940,-4742,24864,-5026
-4148,-9272,16212,-5344,8480,-4533
-6360,-7788,20260,-7303,2232,-4993
-8128,-8096,8672,-1878,9515,8650
-5344,-14584,9924,12940,-10135,5939
-2920,-13800,8940,11952,-10728,2893
-3312,-11492,10844,6576,-9644,1530
-2024,-11084,9676,5955,-8452,-2610
-2020,-11208,12996,6248,-9208,-987
-1304,-9620,10484,5432,-9839,-981
-1508,-9404,10688,2614,-8733,-470
