4104,11292,10500,199,266,-309
3744,11460,10792,107,247,-479
3872,11756,10600,95,166,-167
3948,11648,10148,166,-158,217
4356,11908,9816,236,306,247
3852,11276,10644,160,-164,264
4472,11856,10252,207,221,10
4172,12244,10476,74,1039,-252
5176,10876,10608,-6,-720,-783
5676,11340,11784,1535,695,-902
4248,10828,11364,702,-68,975
3640,9684,11356,952,-486,93
3228,9536,12008,963,-1125,-2744
2728,10796,12472,1446,-2391,-4317
1632,11620,11092,-1228,-4223,-7044
4772,12892,9936,-2218,308,-5263
712,10360,9664,-191,-2195,-4892
2436,12760,9448,3336,756,-3072
-232,9660,7508,2100,-564,-5183
3952,12452,8060,3170,1165,-6224
2968,12208,6716,3771,3887,-7083
2728,10092,4304,10348,5613,-8233
1868,15304,6160,11166,2188,-11731
-492,16412,6684,6550,4381,-12165
1992,10252,-124,18699,5060,-7206
6720,19616,-4192,1891,-2464,-8211
-328,19432,3028,3497,3305,-1897
-40,17484,3868,3225,-2258,4467
-400,16672,3604,2290,-211,5371
-1140,15200,2340,959,5813,3313
-1588,16624,3396,1755,11018,2697
-2660,15552,5300,3194,11175,4113
-3348,14984,5756,975,5403,6007
-608,14840,4676,33,5610,5917
-5436,13856,6780,-1395,4119,7952
-5104,12612,4560,-1482,4576,1835
-7036,16972,4336,-3767,6328,3553
-4376,16116,4552,-7812,2259,12115
-4312,14424,2216,-1052,3524,3883
-6812,18072,3072,2062,6181,-4457
-2524,12480,-2024,-4089,2652,-2010
1860,11908,124,-4796,-970,-4865
1796,11956,5808,-1190,-4305,-5060
4384,10728,6016,805,-5335,-4345
4116,12504,10952,3319,-5130,-6002
2984,17192,11504,5412,-2012,-4798
248,15788,8408,261,-4006,-4521
-996,15368,8676,-6728,-4715,-1682
-1496,12876,10272,-11331,-9584,-2413
856,12416,8164,-9866,-12059,-5669
2100,14436,7592,-8540,-2515,1434
-3152,10292,6520,-5106,-1191,-385
-2416,13680,6308,778,4008,-1656
-3436,13544,5368,2055,5272,-585
-3588,9084,3556,4574,2565,-1501
-1204,15792,-4,10362,-4495,-2879
7600,32767,32767,6355,6011,-7076
-3060,20236,4372,3257,1613,961
-868,18612,1932,7174,4985,1286
-768,17828,2776,7625,3685,1763
-1612,16036,4448,5777,5044,3552
-2424,14184,2164,4552,2664,1011
-956,16908,2600,5215,722,-2192
-4156,16080,5888,3825,1416,-2238
-2612,15392,2800,6071,1628,-2014
-4720,15036,3204,4138,906,-181
-5696,14444,4696,3111,-531,1488
-5760,15408,3952,619,3344,3561
-5116,15728,4672,-104,3419,3828
-4404,14680,5112,-1742,2527,4098
-4384,18720,5340,-4823,-21,4296
-4204,18036,4960,-12199,-5785,3465
-2788,14796,4424,-15156,-2916,-6394
-364,14692,2376,-30596,-5239,-5389
-5692,8556,5184,-20135,-5662,4141
-564,8852,5736,-11941,-5901,-231
-80,12396,8756,-9291,-8684,5571
1460,11824,9704,-9180,-14950,6231
3472,12168,9880,-3685,9847,170
2856,22740,15924,-4288,-3126,-1522
-232,10404,10160,-10343,-5421,2172
2188,10840,11740,-7335,-1652,3620
4536,9388,10608,-9453,-2848,1384
5720,6408,11368,-170,4631,-2658
-104,11596,13420,4054,4717,-2488
-364,12328,11900,-288,-619,-1293
1444,11492,11540,-515,4,229
