664,15204,5388,-670,-180,-240
1212,15304,4764,-504,-86,71
664,15148,5224,-260,455,-384
872,15436,5120,-484,-292,-4
1568,14928,4576,-596,-731,373
1480,14876,5196,-763,-35,-1275
604,15456,6036,-738,-860,-1961
252,16648,6612,-512,-2194,-2176
-2100,17632,7852,-753,-1167,-1124
-1004,17084,7072,-8549,-7621,3995
3800,12108,4336,-15935,-11575,-4104
2780,14672,8808,-11149,-7007,-958
1524,11496,8848,-6916,-8710,4066
1540,9284,6212,-1836,-4433,-1767
1956,12448,6260,1331,-1280,-4886
2028,14652,6056,1146,-1894,-2244
448,13412,7008,1768,-6974,-6334
1148,13408,5912,1210,-5335,-8823
3012,9668,-1732,3079,-1789,-9783
3012,16468,-264,15019,5265,-11604
4556,17776,8576,-5040,-7048,-9825
-1872,19044,3568,-6719,5396,-9681
-736,20652,1228,3895,6280,2476
-1212,17024,3168,5163,10415,10699
156,13252,3464,1855,14161,4765
-3304,16228,9560,-2806,14426,-376
-4624,14356,8576,-3997,11884,3617
-7616,13408,9312,-3239,5835,4313
-6444,13288,9712,-355,3628,7172
-5320,12776,9940,-2769,3528,5872
-1556,15408,7504,-3585,333,7018
-2416,16004,7212,-1303,-535,11005
72,14272,4208,753,6230,9290
-2524,14028,4176,913,-79,4320
-5576,15116,5724,-2273,-612,214
1792,14488,5792,-7118,-6678,-7745
1716,16908,3788,-3979,-1699,3785
9396,15004,-184,-2464,-1113,-2896
4744,13204,5472,-1859,-8626,-3705
-516,11896,8108,-1671,-1954,-2001
3784,15144,9028,-382,187,-2338
4292,14832,9028,455,-1771,1992
1904,14640,9536,1047,-456,-747
4932,16680,7544,1232,1023,-472
2556,13488,7112,373,-2122,452
1964,14180,7472,1286,582,-4683
1800,13760,7952,914,-3461,-6066
-1880,16236,10728,676,-7156,-7738
14052,17856,5768,-17938,-11954,-1985
1120,12448,9048,-12149,-7617,3599
2568,7536,6180,-8729,-4226,-339
836,10500,7776,5522,2244,1314
-1668,13028,9136,4415,-2068,3806
-1624,11400,3120,4276,872,-2969
-2200,10156,3472,12918,5020,-9450
-4880,32767,32767,4228,8321,-15061
-1996,15704,304,-4577,5186,-8161
-2096,19716,3652,-5375,5625,204
188,17924,1248,-1321,4344,5005
-1384,16896,4056,-2,11036,4862
-1840,16096,6416,497,7211,4367
-1388,16204,7928,1159,4560,3704
-3444,14064,10116,1071,3798,2637
-928,12628,7588,898,1697,1740
-1720,13128,10204,477,1160,1689
-2456,13648,8948,766,2355,1996
-1748,13172,9572,-488,2823,2635
-1040,12948,8432,-2285,1165,1461
-792,15064,8892,-1211,828,630
-496,14820,7404,1246,-1224,1828
100,14312,6520,2160,-451,1272
264,14688,5380,1750,-693,145
