668,15080,6076,-264,66,-218
872,14964,5712,-216,-115,91
1452,14980,5544,-47,326,-498
384,15100,6432,-24,177,-614
836,15128,7332,536,-1522,-580
-472,18896,10600,-990,-4166,-2642
-4112,15064,13768,-660,990,1564
-512,11284,8312,-3134,-4316,-296
4260,14024,8372,-5648,-5434,-355
2460,13720,8212,-5624,-7503,5122
532,13880,7684,-8556,-8471,773
1780,13528,6660,-5052,-4611,-905
-532,13760,7156,-688,-5673,2763
-1184,11624,5008,-3230,-6811,-2877
-448,13640,3812,3217,4092,-11773
1324,11204,1096,9355,-49,-8053
14072,15092,-4496,20670,4258,-9526
-8,16564,1912,-2366,5381,-8269
-1568,23268,6644,2693,5539,-1385
2272,15184,3732,3739,4557,8402
1252,13060,4516,1194,7026,3609
-1464,14988,5456,-37,6080,2137
-3512,13952,7352,-1888,4060,2178
-1228,16276,6980,-5279,4439,589
-2176,16360,6632,-3237,-127,7671
-1288,12784,4192,1348,2348,3860
-5108,14340,6048,618,3427,-6440
1020,13812,2168,-4213,-2128,-2472
6056,17720,10364,-3129,-5168,680
8904,13784,9436,-222,-2736,2138
4392,14036,9880,1252,-7296,-3545
1572,16088,8072,-244,-5102,-7921
-3236,15284,10796,-8224,-4936,2115
-3312,9060,4536,-1986,-8580,1353
-4212,26712,16884,1485,-1027,-6996
2380,19784,4412,2967,2739,-2886
2600,21288,2364,6662,5616,-2541
1376,16760,2856,3177,3626,-19
4,16816,2664,4020,7514,30
300,17540,4256,4379,6737,1441
-696,16848,5924,2534,3811,1995
-1188,13320,7040,974,2877,960
-1604,14608,8720,-1383,645,117
-308,14396,8288,-2758,-566,648
320,15912,7032,-2359,246,1308
920,14668,5772,-111,-1194,1016
1056,15300,5652,484,-536,-198
