2232,14348,6428,34,244,-365
1708,14524,6964,-105,-277,-535
1788,15084,7728,-333,-1221,-173
2480,13880,7948,776,-1324,-2006
1024,17740,10336,-757,-2793,-4194
2048,17452,6364,-7215,-12458,-245
112,10496,9648,-9179,-13496,6633
2160,11108,9624,-6917,-8229,1277
892,11296,10340,-9650,-9125,-1127
2280,10556,8800,-10067,-11608,-2557
4876,14216,8428,-2774,-2333,-2996
2412,12796,8308,-1637,-4526,-1072
3092,9980,4000,-3217,-2239,-7625
2648,12676,4488,3731,5777,-8962
420,12788,9548,8265,2291,-12911
820,11248,2284,4924,-4247,-9217
3056,14704,-1388,22498,12373,-14710
3944,19924,4536,-3747,2753,-4023
3712,18668,1684,2895,4224,2319
3396,16632,2368,4778,5461,3643
1408,15776,4248,3629,7687,6639
-152,12744,6228,533,8031,5290
-2748,15664,9040,-437,10398,2792
-2476,14780,9320,1599,6833,5073
-976,13664,9328,-389,1877,7389
-1960,13024,8276,205,4912,1831
-4084,14068,8484,-1187,387,1155
-1192,15764,6184,-446,-906,6502
636,14788,4780,-490,2285,6739
-8160,13428,6928,-844,-5224,-6676
-6348,13512,7240,1635,9009,-20535
-2392,17040,6844,-181,-3187,-973
-272,7676,1632,-1553,-5272,-675
10704,16148,-404,-4479,-1750,-3212
7116,16736,12016,-842,-7184,2407
4336,13788,8692,-2591,-6079,2357
5412,12708,5972,-294,-7238,-6120
-1008,14908,13232,-6329,971,162
4380,12172,7368,-12126,-6322,5739
-196,11140,7088,-7810,-4376,1694
-1856,8000,3952,3107,1400,-748
-688,9228,916,18877,5825,-5630
-11980,32767,488,-5032,-11760,-6489
-2512,15540,48,1371,1721,-5778
-136,21544,2400,6518,4544,2270
912,18132,2720,5094,5621,5694
1816,14696,1484,4629,7269,2305
-572,16044,3800,173,2497,835
768,16932,5224,-1289,3189,2727
236,15076,7328,-2303,1599,-196
-336,13812,8380,-1024,174,-149
-1864,12600,9484,-1792,-182,1189
-1488,12788,8688,-2777,-112,1288
-288,13564,8944,-2303,121,649
60,15748,7188,-572,-654,2627
916,15192,5616,805,-1241,3229
2432,14580,4800,1373,684,1521
1564,14728,4728,576,276,1174
1852,15108,5320,231,-73,603
