716,-6164,12816,-863,1512,-377
1576,-9012,15360,-2255,-1525,2511
3288,-8352,13804,-1463,-2144,1475
3612,-7344,13364,-2509,-1207,2035
2284,-6204,13184,-4287,-942,2108
2464,-6948,12976,-5796,98,2934
2736,-6848,13264,-7278,-296,3766
3568,-8628,13172,-8142,229,3230
4408,-10156,12860,-2405,-2119,930
4940,-9832,9652,-5733,-1142,3568
4736,-10720,11576,-3953,-1993,281
2156,-11144,9144,-5218,502,-519
876,-12912,10936,-6910,474,-141
1508,-13336,11128,-5075,-1193,-1430
2652,-10912,4160,-12793,4167,-2469
-22472,-23160,32767,12380,-9107,-5184
488,-14068,5132,-3902,10107,-2026
-1500,-15608,4372,-3691,-1541,891
-2292,-15780,7392,-2261,-2243,4316
264,-16120,10032,-7,-5107,2918
560,-13912,9940,23,-3938,6311
892,-14096,14812,-3044,-7419,9728
4420,-11576,9616,-3953,-1162,10676
7136,-6076,12076,-3333,-5323,4325
4716,-12388,10620,-153,849,6528
3848,-12240,11252,3514,-158,4089
5488,-15624,6856,3691,4967,6910
6092,-17196,8028,300,11094,-3570
5948,-15972,6916,1929,12700,-19284
992,-12548,6248,4841,21346,-10357
-1836,-14072,9736,5501,16595,-10996
-6860,-12848,11032,2306,13057,-11942
-8372,-10532,9220,-458,5730,-10874
-11360,-11504,9608,-933,325,-4393
-9492,-11476,11136,-1165,-2681,-3302
-7204,-12740,11796,-3418,1107,-5125
-18024,-4828,11848,3446,7140,644
-2832,-10652,6756,18050,-3775,5051
-3664,-9920,11468,6903,-12139,5850
2228,-11508,15316,6096,-13912,6224
2268,-7528,11316,4873,-7260,5249
7228,-7608,9748,-533,-2897,3662
5364,-9852,8364,-935,-2108,-362
2756,-10904,9448,-1773,-1280,-360
1920,-13772,10176,-1804,160,-2728
2556,-11832,7364,-4268,512,-1485
1596,-12712,3808,-10206,5841,-3470
-992,-28112,3628,-274,25391,5763
-1744,-20028,5476,631,-201,-2275
-2300,-18188,7884,-4611,2856,-3726
-1244,-15944,6252,-5162,2908,-1196
-612,-13232,7692,1464,5292,214
-624,-13828,10100,4485,8534,-65
3944,-10308,6156,719,11518,721
1032,-10868,10148,-925,11109,-65
-1492,-9840,14824,-2419,8480,-378
-3680,-9300,13712,-5690,8588,-1002
-2500,-9328,13948,-6396,7094,-3107
-2984,-10308,15212,-8875,5296,-2754
-5596,-11600,16980,-9476,564,-4122
1576,-13984,7412,-1850,1263,-996
-9592,-17540,14592,9190,-5462,-289
-4236,-16024,10828,11691,-4723,-606
-1960,-12588,8708,13121,-6005,3452
-1352,-10120,10864,12886,-8995,2325
2380,-11892,8220,8873,-7745,601
-1796,-10012,12136,7131,-6141,324
-720,-9392,11468,4894,-5382,376
-376,-9140,11768,1576,-4482,-317
748,-9604,10956,1784,-2600,-1503
