928,14348,7220,-691,-426,59
1240,14856,8300,122,-511,-786
-404,15004,8048,644,-1000,-2039
-108,15480,7952,-1815,-2416,-934
-1416,16876,11640,-9847,-6378,-344
7696,15804,6528,-4034,1185,6333
4016,9856,8400,-10914,-8983,3621
2920,9012,9072,-10288,-7340,2800
-236,5096,8604,-1243,-5602,1265
2456,10812,9328,542,-6843,-2273
5132,13336,7240,1480,3462,-5907
5472,15820,6848,1099,-1204,-2728
1652,16588,9040,-422,-3628,308
-1204,10940,6644,1127,-1903,-3715
-1032,14564,5416,6410,-4588,-10329
196,14312,4488,14132,157,-8037
2216,19732,4700,1586,2209,962
4116,20724,1768,4118,4829,-1240
3948,17036,3688,4207,1755,3046
4116,12596,-20,3130,4081,3689
1848,16956,5196,2748,9832,-1637
412,17600,7060,148,9388,1236
-1296,14704,7652,-214,6127,4114
-1380,14224,9016,-306,3883,7120
-1680,14340,7892,-243,6171,3796
-3820,12540,9380,-3000,1913,1566
-2772,17808,9568,-4078,1819,4006
-2612,15212,7044,-6532,-164,9330
-6732,11672,4308,-2277,7189,-5995
-1016,19452,6620,-1971,-2965,-1799
2464,13836,5336,-2798,-1724,-1878
7884,12128,-276,-6750,-3375,-1200
10428,16720,15248,-1048,-7036,-1544
7396,12792,11552,7,-3406,762
6048,12368,9452,-300,-4126,-5591
1008,14880,12928,-8670,-3490,4642
1224,11144,8620,-9718,-3439,4720
-404,9420,6420,-167,1235,58
-3796,10628,7248,2147,2073,-582
-2884,9208,188,14752,2059,-3605
2892,21668,5068,779,4900,-4666
1600,18252,4832,5389,2948,598
2404,14852,1172,4934,5294,3168
4632,15360,2108,5027,8259,-243
-372,15816,6924,-213,2514,2859
-716,12536,7208,-2594,616,3065
1764,14248,8832,-3680,2185,-2294
-1176,13296,11480,-2575,-466,95
-1080,10964,11000,-1359,-2206,2356
-24,11316,10700,-3508,1869,-2416
-544,14860,11144,-1597,229,-930
-428,14200,8764,1054,-2489,1930
1412,13760,7000,904,-715,670
1320,14456,7016,252,-296,673
1044,14380,6552,-129,-405,1176
