140,-8636,11800,121,196,867
472,-8488,12376,-428,428,2898
4352,-10296,11932,-34,297,3100
-572,-10132,16204,-871,677,346
-96,-9584,15468,-816,-685,53
740,-7188,13036,1207,-3755,2097
-1440,-6312,14344,-1904,-2564,1976
2212,-8028,14412,-1333,-5971,5782
5420,-7540,9580,-3796,-5743,6313
1116,-8616,12232,-4272,-2539,2356
572,-10964,13812,-2273,-5538,731
3024,-10592,14340,-2630,-1949,1191
1464,-11808,13936,-1813,-4046,1580
1800,-11672,14068,-1008,-3629,-4647
1616,-10324,11428,-1035,70,-681
788,-8272,7396,-5125,463,-2122
-1172,-9692,3284,-15302,-460,-2871
-7584,-11376,1536,-30787,-727,4415
-9236,-15996,16344,3272,10499,-3012
-1092,-18008,7744,-2730,-1921,5775
-2044,-15296,6640,-6803,-1103,10206
-156,-13128,9064,-2906,-2234,5265
7800,-11220,7412,-1853,2068,8672
3764,-12564,11160,-2043,-3694,9938
5548,-12752,10816,421,-3813,7517
6804,-10156,14200,7625,4617,-1034
3660,-15768,10768,6482,5732,3406
8584,-16844,9332,-1418,9641,-510
11632,-15628,7332,-710,7170,-24763
-284,-15612,13256,2223,14426,-19913
-11436,-11320,10812,5036,20736,-12712
-7304,-12628,10304,-418,10313,-4374
-6804,-14732,10680,-5960,2060,-6391
-11148,-12644,11844,-6447,-6465,-11646
-12868,-4008,7356,2601,694,1957
-4364,-15020,15776,9792,-586,8839
3984,-12808,4040,16275,-11765,5834
1504,-6120,9028,2296,-6266,7900
5572,-8624,11588,1511,-4326,7309
3612,-8836,11576,2781,-12511,-740
1704,-10284,12104,-2884,-8199,516
4736,-12592,9168,5608,-3058,2209
3296,-10000,3812,-1329,-1028,-1455
3176,-14020,8172,-7607,-1590,-1133
1904,-10556,364,-12298,5289,98
-14876,-32768,32767,18363,8316,10606
-2700,-15608,9048,-1297,-938,-1513
-68,-18008,6092,-7693,2897,-658
-1004,-15852,5384,-5788,3873,-1229
2028,-14076,8220,-2747,7188,-1406
-3536,-13732,12552,-3878,6665,-1775
-4,-12348,8892,-2945,8628,-3247
-1596,-10936,13308,-1699,7865,-186
1624,-12988,8832,-2355,14439,-2282
-2756,-11476,13020,-3686,7996,-4280
-1012,-12284,12532,-4135,12091,-3294
-1256,-11296,14276,-5304,7126,-1668
-2704,-11592,16740,-4910,4035,997
-2964,-13216,12428,-3531,5418,5630
-1724,-21376,13028,10724,-7196,5732
-2584,-17608,7236,16554,-8948,-2921
-3264,-11716,7968,10377,-4764,-1792
-2076,-10588,8180,4939,-2053,407
-2012,-11956,11568,4026,-4666,-472
-1540,-11804,10288,5137,-5538,922
