-1812,-10652,11840,256,283,-724
-2720,-10672,12336,-298,389,-709
-2364,-11128,11868,-267,91,-306
-1848,-10596,10632,-1188,-30,-758
-988,-11116,8824,-3232,-4354,-348
-2160,-11628,13272,-2175,-113,-409
-2056,-11268,11676,-338,-850,201
-1292,-11340,10844,675,-1654,946
-2140,-11092,12628,1126,-139,-833
-1724,-10688,11348,851,-1097,-524
-900,-11360,11776,834,-1736,-512
-2112,-10924,11884,284,-2059,-1152
-1212,-10984,11524,96,-1674,-1417
-532,-11148,12512,1126,-1908,-945
28,-10368,11412,1521,-1187,-2059
-1596,-10416,13500,1790,-769,-1659
-1324,-9936,11732,2045,-839,-1681
-632,-10356,10868,-331,1525,-2113
-196,-8296,5200,10031,-8185,2485
-5700,-10872,8344,-894,89,2375
-4848,-14424,6840,-10752,7510,10631
1524,-13276,11156,-18393,493,14808
3768,-14512,12836,-12101,3416,1500
4384,-11212,17360,-7561,-6196,-4203
1052,-9516,17232,-4898,-2343,-7828
-3864,-9748,13372,6989,-13356,-11968
-6060,-9920,9368,9515,-2932,-6705
-7452,-11240,9716,12421,-1497,3081
1652,-13952,8872,11422,-3055,5467
3312,-19988,7044,-649,-2974,-4851
-2860,-16112,6828,-13998,7726,1443
992,-14544,5204,-20161,1579,5456
4100,-13616,8916,-20515,2717,2248
2828,-8768,16456,-17997,21138,-3117
-896,-8964,15764,-1427,1350,-1193
-728,-11760,13488,9117,-2037,-1149
-3472,-15148,17016,15795,-7815,4163
2400,-15716,3052,14300,4688,-2046
-4332,-13780,8020,5821,1603,10
-1784,-12144,7388,3690,2095,1090
