1272,10044,12664,-316,262,-224
808,9980,12660,-229,-95,-197
808,10024,12720,-359,-119,-20
908,9888,12684,-674,-82,-90
788,9860,12632,-496,50,-288
864,9932,12208,-337,-205,-298
836,10336,12480,-516,-112,-41
780,9992,12588,-1162,-685,-159
1328,9620,12604,-751,-375,-314
1200,9912,12820,-17,300,-488
528,10460,13260,-365,-364,-298
928,9936,12828,-1328,-1890,-631
3280,9228,12836,57,-1468,-543
1740,7780,13644,3846,-599,-496
1180,9736,13780,8760,-90,-2818
64,8324,12272,3813,-3061,-3773
3368,8316,11652,8237,-2057,-5036
3020,11920,11824,10224,3430,-1767
-200,12564,12780,2308,319,-1695
312,10388,10224,5216,265,-998
-468,11872,11160,4277,1235,-2003
1148,13492,11220,-11158,3640,-2319
-4076,9508,8308,-3034,-3681,-6656
2916,8948,6080,31,-2504,-3865
1028,12312,7492,6678,4768,-3935
-3656,13684,10276,8528,2248,-6434
-296,9908,476,19258,1335,-9110
-3280,32767,32767,-5647,13821,-15888
3232,20516,4256,4360,2231,-6369
-1572,17544,5516,6941,3750,167
-3652,16732,5808,7541,-354,3846
-660,16788,1660,8784,6269,8396
-1396,15696,4520,7048,12245,6189
-3624,13812,5260,1730,11485,6252
-4308,15948,7080,556,9443,2397
-4984,14692,5992,-981,5284,4236
-7612,14272,7964,-2641,2409,7002
-4768,14756,7016,-1335,3980,6596
-6988,13788,7024,-2234,2874,7291
-6460,13608,6732,-5502,6783,4216
-4508,16444,3548,-5201,1925,13470
-9820,6064,-3168,2748,6267,-7917
-9148,12664,-2112,3614,7525,-12891
-900,6812,-6724,-3989,-2568,2120
-820,8352,1316,3255,-3887,-8670
3448,15588,3232,2082,-5547,-5551
4512,14768,7408,-609,-5018,369
3172,14140,6968,2159,-2563,-1984
3492,17696,8816,1286,-48,1512
-1484,15972,6988,772,-16,-1666
2180,17388,5072,-2512,-7058,-4130
2100,20236,8244,-2281,-4074,1750
480,14052,7372,-11797,-8852,3019
-1192,11996,8500,-12359,-7688,-1566
-824,12496,7908,-10251,-6911,-806
-2268,9552,6548,-8322,-2841,2464
-2156,10340,4352,-162,332,-2215
-3028,14700,6036,2550,1043,-1690
-3220,13492,4364,2863,1498,957
-3240,11336,320,7044,1083,-2682
1464,13184,-3268,21599,5654,-6234
13516,20332,-10060,-2771,-7085,-3276
-1908,17492,1364,937,2513,-974
-632,18300,2960,3915,2286,-1866
-1236,17516,3988,3809,1775,-209
-2872,17464,3812,4212,2622,-520
-1556,15580,4064,8399,2412,-1917
-4888,16000,5700,7591,1447,-1049
-5376,13908,3768,5477,-606,-1437
-3868,16040,4536,6048,-1660,-150
-2716,15372,1360,6804,-669,1996
-4712,15480,3884,6895,1166,300
-6188,15716,3908,5789,1966,2191
-6816,13892,3384,4142,1823,4760
-7992,15516,5620,-3186,475,6010
-4580,18132,3376,-4710,-3742,9782
-404,15208,2548,-4625,-403,4615
-3820,21112,7712,-21858,-3092,2151
-712,14240,-28,-32768,-5249,12259
-2144,5336,996,-23162,-7848,15661
