5952,-6528,16204,-127,-1480,310
5720,-7472,16964,41,-2080,172
4732,-6072,14520,-391,-636,196
3784,-5380,14104,-414,-3967,485
6036,-4556,14040,-1450,-5104,1372
5760,-4304,14156,-1144,-4671,1093
5136,-5428,9648,-468,-10122,1035
7192,-4048,13024,-4130,-4329,2967
4020,-4568,5912,-2475,-8510,2874
7068,-856,8964,-4422,-10274,5247
7748,-5296,10068,-6281,-6708,3826
7124,-9116,9372,-8909,-1919,3162
7112,-11076,13196,-7346,-1294,7854
9308,-9080,11300,-6046,-1805,3464
7428,-11028,8324,-5255,1437,2406
7700,-11620,11984,-5958,-1549,2631
7556,-11176,9640,-4286,476,1418
7920,-11376,9416,-3736,2810,4805
8972,-11352,7720,-6291,2547,2225
5268,-11380,8372,-4914,3514,1886
6260,-11904,7992,-7258,3413,4591
3724,-12824,5600,-11690,4285,4099
24048,-26800,14168,-1084,7084,-3824
772,-13448,7924,-6511,-1413,5476
-2452,-17236,7548,-10089,-3088,12737
4056,-13124,7816,-7094,-9714,4408
3228,-17296,1788,-5050,-5447,4860
3340,-14612,7356,-2364,-6554,9086
6728,-13636,8564,-2325,-7550,5987
9568,-13360,6612,-1970,-6172,7249
11812,-7296,5660,3766,6170,12707
9088,-12648,8672,8313,9714,8153
9604,-17212,824,3339,8331,6647
19540,-20160,-4576,-1379,12078,-6875
12664,-17600,1240,55,32767,-22275
2752,-15544,9280,6927,32767,-14061
-7184,-15468,5544,3918,32767,-14506
-15296,-14408,10572,-2858,12593,-5998
-6372,-16292,11324,-8062,-1968,-9423
-13184,-8972,11248,-493,-10504,8629
-5500,-16300,14260,19080,-12213,7343
12,-12400,11740,15244,-9542,-2007
-556,-6736,9040,4419,-11461,4520
3236,-8928,13412,2766,-15444,5179
4348,-6848,6256,-2166,-17287,3167
6424,-7912,7692,-2429,-16338,9345
7268,-14936,3720,-5324,-4476,1042
2156,-14812,-788,-10939,-649,2503
-680,-17380,752,-16105,3979,4347
11744,-32768,15116,8808,10419,-151
-1268,-19412,2484,-115,284,-3099
-284,-17392,3196,-2285,3049,-1853
1192,-17008,4968,-1530,5023,-5174
2620,-15156,5712,2268,13266,-2817
3652,-16644,9808,2093,25555,-1889
1380,-12140,11244,2294,31810,-1325
-3908,-10664,11968,5411,32767,-4752
-4668,-12068,15312,119,31097,-7657
-9488,-7388,20216,528,18186,-7162
-5068,-10480,12860,-4344,6662,-2781
-14392,-11004,11304,1369,4034,4327
1392,-18320,9912,22503,-15606,13614
-8676,-13632,9852,12030,-9370,2074
-1984,-12044,8896,13346,-20725,-6981
-1856,-12160,8360,17130,-15001,-368
-356,-8032,8712,10685,-12200,-1688
-1180,-7308,9900,11138,-9593,-394
2272,-6672,13004,6134,-6947,1060
1752,-4776,22732,4455,-10260,1885
2276,-7664,9924,6323,-4175,-686
3164,-6240,13256,460,-2386,893
772,-5404,32767,7687,-11175,4945
4212,-3596,10440,3138,-2748,1224
4364,-5672,14824,-776,62,607
1380,-8292,18312,3906,-942,522
4520,-2164,9408,829,1845,6
2804,-5692,14864,-1895,947,870
1592,-6908,19512,2060,828,475
1828,-6288,16156,1591,-528,-194
2696,-6940,17076,1533,-543,56
2380,-5052,15484,3096,-1861,752
2708,-7952,10884,2297,-5217,1031
6888,-10568,11312,959,-15125,2299
4576,-6080,9700,6364,6618,2670
1416,-4952,15940,4054,-2098,8308
3796,-5340,14076,2236,-6129,4516
-10280,1148,24436,7726,-5107,-7144
4144,-376,19236,912,-3127,7774
3264,-9468,15268,2409,-7399,12643
1652,-5244,16904,5379,-498,15263
3392,-3048,14764,1065,2247,7277
3360,-6016,18532,2561,1621,818
1728,-7712,15012,1678,-1332,-7830
4140,-1692,16840,875,1571,-102
3388,-3084,14444,-2606,-1946,1928
528,-1768,15124,1483,9769,1385
-600,-7240,32767,8106,2035,-11497
2816,-792,17504,3489,1930,-537
4312,-640,13468,-5194,586,-2516
2112,-2788,16516,-569,423,-1592
940,-1504,14496,-3043,1030,-601
1620,-1560,17812,-5289,3333,-56
1200,-2460,15000,-4981,5520,-589
-532,-2804,16380,-3965,2361,-83
532,-3268,18308,-1115,1471,142
952,-4440,16944,-1196,1514,-157
2656,-3920,14808,-2086,1705,-306
828,-4948,18708,640,555,-627
-196,-2380,13980,-1310,300,-399
568,-4468,16448,-2202,450,412
1308,-3764,16072,2860,-3383,-706
1560,-2708,13772,-1129,-1852,-190
2140,-4180,16980,-2550,-952,94
2176,-4168,14512,-438,-728,-1402
1564,-3248,14948,-1233,-608,-1782
