-5456,-13584,7020,-702,-256,-161
-5712,-13368,6524,-476,84,-110
-5328,-13804,6612,-679,413,-432
-5456,-13652,6620,-600,499,-303
-5648,-13752,6732,-659,-53,-391
-5488,-13732,6664,-578,-11,-415
-5728,-13672,7200,-331,783,-298
-5608,-13656,6580,-542,151,-286
-5688,-13392,6408,-435,602,-158
-5812,-13704,6540,-640,399,-297
-6048,-13728,6808,-133,1002,-476
-5584,-13700,6052,23,1033,-898
-5464,-13724,5916,93,1585,-1074
-5772,-13760,5596,-451,454,-911
-5528,-13752,3672,-2450,-344,-1216
-8120,-14848,3740,-7802,-295,1762
-7592,-13820,2864,-12200,-2254,4633
-5424,-13664,3712,-15746,-3031,7741
-248,-15764,6900,-11107,-1879,4464
-2228,-17348,8632,-1395,-3427,-2092
-1784,-18164,5388,-2192,-2634,-6309
-1400,-16708,6556,469,-2898,-9353
-3332,-14096,3472,3691,-7255,-13960
-9280,-12296,1236,1641,-1607,-10587
-11076,-14392,3192,23,245,-2277
-8664,-15952,5476,956,4136,1003
-7572,-14312,8064,9804,1695,3532
-6868,-11328,3908,16007,8584,8331
-2332,-10884,4528,10444,8736,9356
-1460,-11224,6660,7404,-1344,-2940
-2924,-14596,6080,4898,-2405,-4112
-6712,-16320,2784,-329,2192,-403
-5328,-18012,5396,-4626,-1066,-876
-6116,-18264,1128,-16618,-5787,-435
-7004,-14612,-524,-19257,1434,762
-2472,-13740,2496,-20390,-168,1121
-2336,-14856,7804,-12409,-951,-1502
-3600,-15420,7620,-2716,-766,-2300
-4816,-14540,5700,4480,485,-2361
-4220,-15464,4232,1476,294,-1121
-4196,-15992,4020,-90,591,573
-4292,-15604,3060,18,61,540
-4232,-15680,2860,-337,-76,39
-4372,-15480,2604,-197,593,-13
