-1312,-10128,11916,-113,449,-433
-1416,-10744,11632,-250,339,-357
-1752,-11028,12668,-237,319,-363
-1596,-10208,12028,-183,236,-153
-1872,-10408,11948,-111,185,-266
-1620,-10512,12668,-232,146,-127
-1384,-10016,12300,48,-611,394
-1164,-9680,13820,652,-3048,1282
-588,-9220,14840,1476,-2690,-125
-672,-8788,13668,5924,-5799,-73
-600,-8408,9960,5488,-4337,-1252
-176,-7920,8296,2081,-993,-3296
-1880,-11332,10512,-2568,4134,-1592
5524,-12408,-384,12024,-13975,6035
-6672,-14536,8156,-13121,4590,11027
1288,-14076,9880,-20378,4870,13436
4956,-11888,16076,-19059,3266,3616
5156,-7196,20436,-7981,-5499,-3478
1296,-7584,21240,6368,-18778,-9697
960,-9612,10860,17807,-1443,-17363
-17420,-12988,12048,20197,-24826,8086
-3804,-19588,6296,8364,865,3634
-1388,-20016,8040,-7206,11943,2675
-544,-16212,7836,-23980,5686,1273
3292,-10992,10400,-19271,5228,31
6816,-10124,10432,-8293,3498,1333
2676,-9992,18596,1693,6910,2640
1120,-9460,21916,8018,-7992,-5236
2740,-13868,11516,24563,-1636,-1353
-5992,-11712,6644,4014,6218,-5086
-164,-10680,4556,491,-2401,557
-2796,-10352,9220,-3011,1281,-282
