2748,-10420,12580,-1029,471,-607
2484,-9916,12872,-471,374,-896
1840,-8824,11856,-1051,-867,324
2488,-9440,12508,-1594,-942,298
2744,-9792,13072,-1178,-971,172
2572,-8424,12700,-1119,-1336,1272
4280,-7160,11744,-2560,-714,3460
6452,-7084,10256,-4704,1036,2684
3628,-9216,12148,-3820,-752,870
3020,-8852,10704,-3686,-1496,3245
4184,-9656,11564,-896,-1847,2254
3036,-10968,9416,-825,1297,2561
2176,-13840,8592,3097,3342,-347
192,-8124,2264,-3715,1827,3588
1768,-14648,3464,-26443,8541,-2406
-11880,-32768,32767,27045,32767,22814
-1816,-18360,2544,-10694,-666,-472
-3728,-15816,4648,-12931,1710,1500
-2444,-14456,6412,-7791,-1395,3608
952,-15188,6276,-3349,942,13774
-1840,-13552,13428,40,3227,18600
12256,-12712,4076,7361,2493,6740
3644,-14620,11512,11082,7595,104
1984,-12680,12388,4235,6118,4442
7844,-16444,10320,1522,6519,1127
7668,-15004,8420,3686,11042,-16122
2208,-13728,8420,4568,14375,-18947
-3472,-13032,4704,4751,12553,-13606
-22924,-7664,12212,1284,6127,-12401
-12296,-13864,9548,-4767,4241,-5114
-5944,-14392,8708,-3630,-6041,-4819
-17020,-5776,10624,7888,725,-3107
-6000,-15464,13596,11496,-6684,7558
-1132,-10504,13100,7555,-10044,7594
2612,-7796,11988,7931,-7329,7294
5924,-8120,10060,2294,-3370,5988
2492,-9968,10204,-627,-2801,1358
3128,-11804,7472,-2121,-1713,5150
4924,-13316,4420,-5092,2175,-299
-72,-12280,-4836,-21731,2548,-7180
4684,-13368,-3768,-4760,-3788,-6611
-416,-17400,6164,-6088,-5631,-1111
-84,-17384,4672,-4836,1917,152
1968,-15164,5048,-2240,4435,-1432
-720,-14548,5972,-344,6428,-1377
860,-16832,5896,-1544,9886,-1402
1196,-13612,9016,-4809,12150,1040
-1904,-13404,11476,-1427,13323,-2818
-2028,-11784,13292,-416,8599,-2347
-1592,-11764,13132,-2407,7609,-2707
1024,-11732,10988,-5408,10348,-2876
-3352,-10608,15544,-6676,7052,-2243
-1912,-13444,15736,-4836,2216,1433
-7636,-20952,14636,12610,-7960,2570
-5048,-16544,8704,17415,-9113,1072
-2700,-13308,7040,11918,-6873,649
