1168,11972,12160,2502,-456,-344
1032,13096,13236,1462,-1882,1950
1320,12744,12096,-497,-2068,700
196,10508,11924,-109,-3664,652
-200,9596,10016,2029,-2713,1203
296,9100,9532,5516,-1508,1124
1240,10132,8116,7503,24,-453
676,12004,8156,4605,701,-1749
368,11764,6804,5390,2534,-2381
-592,13976,7612,6879,4199,-3570
628,16928,8492,2913,3640,-2988
-1348,15428,8348,1573,-1060,-2420
-636,14584,7440,1485,-1015,-1941
-1056,13876,8348,1963,2845,-2130
-1632,11580,8044,3529,-38,-4218
-1832,19520,9156,-3600,3280,-3719
1780,14148,5544,1691,1194,-589
-400,14280,5508,4812,3270,-3650
1860,23548,7312,6809,3506,-2967
2536,18720,4948,5699,3135,-905
796,17716,5036,4108,1251,4363
-2564,13440,6084,3960,4859,5361
-816,13788,3564,4423,8836,4256
-5496,14324,5724,2835,8712,-77
-4280,16964,4672,1045,8332,2910
-5012,14796,6944,-766,5149,7643
-5052,11584,5704,-3812,1793,2196
-5508,13496,6668,-4561,2989,-731
-5360,17784,5504,-6029,3567,4681
-3492,16120,4916,-5456,274,11464
-12552,10548,4272,107,5355,1904
-13788,11940,7668,3022,5030,-11469
-3240,13584,1692,-180,1157,-4703
-3980,12768,6568,-2118,268,-3962
1584,19336,12440,-2587,-4383,-2724
-580,9388,3488,479,-1806,-6637
1460,17164,9552,1159,-3619,-2783
3808,15000,8544,2772,-4093,-2945
3972,16524,8616,1753,-1068,-1496
2500,14516,8288,1216,-439,-1093
-288,14264,9948,78,-737,-1196
-3172,14500,8900,495,-4726,-3866
3672,14892,6192,-16884,-3586,396
-1108,11392,10276,-13118,-8166,483
492,11928,8660,-4509,-5300,-916
-1584,13192,8988,-714,-3640,2443
-4292,11516,7780,721,-1753,1126
-5172,9552,5816,3622,1773,-1881
-2248,13008,4632,7046,2906,-7814
-2344,17124,6528,3865,1977,-1569
-696,12068,3532,4270,-993,-1111
-2344,13608,3704,3948,2803,-5200
-2216,17148,2364,-6955,-1363,-2589
-1844,14212,5172,-1530,-246,-979
-444,16740,5624,1890,958,577
632,13788,3696,881,227,-479
320,16364,4520,2446,1884,-2032
-500,16564,3848,4820,1955,-271
-1888,15516,3088,6531,3551,1342
-2148,14544,3236,8430,6687,-2247
-1928,15492,2444,8474,3584,-2149
-2772,16824,3712,4971,1267,-1320
-6308,15204,5124,7169,815,-836
-3212,15628,2644,9498,1036,951
-5336,14448,4880,6084,288,1114
-5236,13548,4092,3163,805,33
-4936,14708,3556,1793,1733,-269
-5880,14436,3176,-324,550,689
-4264,17640,2788,-1667,238,2206
-3552,17516,3488,-2541,-1264,4177
-7216,19356,6572,-13200,-5901,2565
-1252,14964,2092,-13072,-5365,779
620,16212,2252,-26498,-7630,-433
-2932,12560,6012,-20272,-3481,2325
