-2148,-10492,13168,-413,114,973
920,-9320,12732,-880,211,-147
-1300,-8892,11872,1283,-2152,244
-36,-9556,10228,-68,-294,-1407
-2672,-11416,11432,-1085,115,1215
-4356,-14640,25312,6567,-3909,2262
2264,-14420,9712,1975,436,-3936
-3800,-13356,9408,-5486,5175,8205
-2020,-13680,9868,-12568,293,14315
-1056,-12664,10928,-14710,3043,11837
4056,-12680,11852,-16824,-738,6909
9204,-9376,14616,-15719,10127,-5038
4424,-11780,11328,-5159,-3135,-8359
-728,-12792,10956,-1245,-10046,-9508
-4336,-12772,11932,3338,-12431,-10923
-7232,-13400,7672,9556,6477,-8568
-4000,-11508,5852,14673,-3697,3075
-972,-14396,7528,15697,-553,5982
6952,-19400,8652,3550,947,-4124
2192,-21912,11664,-7625,6125,4549
-3832,-16096,9004,-28566,795,5656
4060,-15092,4036,-23481,7264,8844
1540,-12816,10484,-18402,3010,8492
4104,-11680,18724,-3499,5616,3168
840,-14412,14356,9213,-4684,-3640
-7772,-14704,13568,17946,-8605,-4249
456,-17996,8824,23849,6205,-833
-6448,-13980,8884,13973,2587,-315
-668,-10440,6176,4565,4259,851
-1520,-10852,6620,4643,-82,53
