1456,-6156,13912,-1024,1154,-394
600,-6644,15176,-1041,-328,-512
1064,-6848,14760,-878,-1091,-577
1220,-7580,15532,-1072,-448,642
1040,-6772,14940,-105,-788,-300
1240,-5972,14464,-130,264,49
1220,-5432,15000,-903,500,889
1260,-4460,14988,-1007,-2645,2709
1912,-4568,15480,-2366,-829,1982
3304,-4600,14840,-2572,-525,1945
3684,-5068,14364,-4021,-1631,3033
2804,-6208,13388,-3776,-1114,2085
584,-5848,12756,-4456,149,2360
-3184,-3572,8600,-5754,-861,8006
3856,-6616,9596,-6564,2066,14530
748,-11376,11824,-12715,3638,-266
1496,-12304,12412,-11068,-2716,282
4196,-16436,14124,-9641,1161,-7043
920,-12004,5276,-13247,-3972,-9028
-12600,-16072,3112,-32768,-3395,3363
-9484,-24520,17812,6850,12278,-4915
4472,-20008,-768,-2069,-2264,2403
-1304,-15852,4488,-10378,2786,11862
-1920,-12468,9788,-6192,1256,8423
8560,-13424,8680,-250,3813,7336
8080,-14116,5916,-1431,831,5405
2644,-12748,11472,-2417,7791,7639
3296,-11244,14776,4215,3601,2660
2744,-21464,8240,4142,5271,5073
9356,-18564,10176,-60,1223,-5094
12500,-16056,5812,3550,7296,-27253
-3368,-13392,3532,4824,24212,-16362
-13740,-12856,4912,5454,12165,-7568
-4828,-14620,4584,-4383,5447,-3707
-9996,-14592,12704,-6073,2299,-9782
-17560,-18452,32767,16525,-1622,2152
-7212,-14552,16400,19402,-9843,10415
-2424,-12196,17144,18732,-10906,3857
-400,-4988,8776,14111,-8628,8610
6160,-3984,5108,4366,-833,3957
4104,-8592,5264,-1813,-6484,-933
2016,-11624,7096,-6033,-5337,1501
2040,-14560,5032,-8294,1752,-118
-556,-17096,-1896,-14408,4724,-3977
-1296,-10924,-12584,-32768,8366,-194
2048,-20072,5428,6982,-1732,-3657
2064,-15232,7888,-4849,1904,552
2016,-15156,1304,-10726,5408,4070
-2008,-15960,6548,-8280,7274,-1933
552,-12596,8056,-10763,8853,-1736
-2068,-13128,10220,-10580,6410,-2370
-956,-12092,10724,-6368,14429,-5288
24,-11872,10224,-6300,15301,-6026
-632,-11876,13304,-8587,11751,-3255
-3672,-14260,7348,-10718,7285,3025
-5368,-16108,28712,17978,-4205,8952
-4712,-21320,9272,32767,-25512,11901
2324,-8576,-3180,29625,-14134,2285
-5572,-6964,5840,341,-577,-1149
-2308,-11192,15752,-4864,-235,6477
32,-9556,9984,4649,-4380,3498
