980,14444,7028,-292,297,-216
1128,14736,6960,-406,198,-435
600,14980,8144,-488,107,-266
1212,14596,7436,-200,-14,208
1320,14500,7376,19,181,-175
568,14744,7376,707,-279,386
276,15220,8856,2028,-2756,2186
-52,16656,11116,1390,-6087,2890
2088,8372,1524,-7293,-11205,905
-2276,11404,13636,-4161,-5271,6379
6620,12684,10024,-8165,-7816,7314
4116,9224,7408,-9154,-3942,-2637
1664,10308,8576,-4228,-6990,265
1504,9236,6792,-2670,-4738,-1935
1492,12148,6300,1337,1334,-7671
2008,15816,7564,-1710,72,-4769
1996,15216,4584,-35,-3167,-13884
4528,11408,1568,9268,-2335,-12979
8984,13808,-4280,21888,5186,-10483
5996,15320,3164,1239,1410,-6571
2548,17340,3156,6450,7912,-2594
1600,14900,2692,4338,6594,1129
1364,15652,3024,3671,10485,924
836,14992,3380,1722,13012,1249
-3608,15696,6616,1146,13580,3109
-5304,15084,8888,196,8185,8478
-4652,11400,9048,-3160,992,6323
-4144,15284,8792,-2786,7227,1960
-1536,16296,7276,-5132,922,10034
-2516,14500,6528,-2064,1226,5185
-1704,16768,4740,-2626,-3207,-1387
-5500,12384,5772,-5870,-2123,-7002
2132,14560,5604,-4714,-4334,-252
1504,13264,9880,-2769,-4236,-3165
4424,11068,3060,-1188,292,-2438
5572,14816,11748,-1458,-3481,-1813
11680,13832,9424,-2324,-3598,1549
5716,12468,9992,-835,-1865,-3559
672,13432,12308,2392,-8309,-9285
-996,15296,16424,-10474,-3991,1138
2308,11876,9984,-4410,-3779,282
204,14516,10672,-3203,-3045,584
-788,11028,6936,-5878,-4635,22
-2232,8952,5552,3367,6,-3215
-1188,10176,4724,12907,183,-10654
-4992,32767,5072,-6275,-7357,-880
2628,15500,-1344,-2245,4561,-4582
-408,18412,3080,4891,5826,-108
1844,17244,3328,5705,12770,848
808,15432,3608,3702,7479,1515
-2080,14920,7460,981,6504,2684
-3096,13980,8564,119,3721,2513
-572,13580,6840,570,2073,3980
-1072,13312,10788,-1063,2056,3305
-1056,12328,8732,-1460,130,3284
-384,12452,8348,-3372,732,2735
-116,13276,10204,-4568,1708,-13
324,14904,9260,-1488,-80,757
548,14472,7744,1187,-1417,1972
1632,13720,6340,1514,-1128,734
1020,15300,6512,1034,-1227,892
1488,14460,5060,866,-1138,1591
1716,14660,5828,791,1062,-700
