236,9676,12668,-218,262,-189
944,9980,12540,-335,-185,93
996,9936,12744,-456,30,418
-112,9980,14264,-2063,-2111,-256
3336,7584,13080,-5,-3696,-1701
36,9528,16068,6610,-434,2873
2076,10052,15092,5764,-6122,2586
5036,5452,10036,7557,-1560,-38
3264,8356,8932,20659,3737,-1847
-1448,15988,12648,18564,4155,-3634
-508,14068,9344,4527,443,-2906
244,10956,7120,7683,1337,-3612
-1216,16120,9324,3653,2351,-5104
384,14680,7908,-676,1507,-3660
4,11944,6656,-309,-55,-2645
-912,14384,8680,1393,-1021,-3771
1260,11600,3892,2917,3732,-9043
-584,12460,4384,7086,2765,-5606
-12788,23576,7160,-7305,-1815,-694
3092,14844,2788,2311,5551,-5334
-992,16960,5880,7658,3190,2171
2080,14544,2652,5063,-2331,6112
580,16296,3656,3813,4640,2564
-1264,17836,4264,2432,5836,2057
-1200,15184,4500,-249,8549,5858
-1784,12668,5104,-40,10515,4120
-2244,15444,5776,-533,5962,4355
-3700,14004,6776,-571,2948,5299
-3696,13500,8108,-1030,2464,3723
-6080,13424,7580,-2182,1174,735
-6848,13216,6224,-2847,1258,208
-5480,18072,5640,-3328,426,9530
-1204,16784,3616,-499,3454,13434
-2920,12000,2608,2871,3493,-926
-12140,14540,9868,3401,6128,-9884
-3024,17008,1556,-4746,155,348
3884,15344,2736,-2246,4625,-3344
2140,16268,2996,-4373,-3106,-4410
3440,15200,10444,-2838,-5482,-980
5600,16132,10432,-215,-4547,-3319
7164,15352,12348,1074,-3400,-2535
5692,14996,10980,1945,1587,-1958
-800,14552,9056,2326,1010,-4024
-2152,15336,8184,4419,-2435,-1706
-2468,14480,8916,-2728,140,3419
1088,15512,7536,-8989,-2482,691
-384,12864,7572,-8322,-3926,-169
1480,12496,5392,-5444,-5844,3415
-104,10992,4728,1348,-4104,521
-572,12016,4640,3644,-270,-4306
-3020,14260,3940,2332,-1308,-4766
2936,14028,-1996,171,-6595,-4136
-1144,13052,96,17621,488,-6053
12452,19680,-7796,-1824,-8077,-3604
-32,16952,1956,-818,1723,-3990
652,18084,1528,-117,2446,-58
1048,17004,2932,648,730,-2584
-2124,16544,4080,1864,3787,-2069
-3168,15288,5212,1391,6031,-412
-4176,15440,5544,706,3320,1672
-1028,15512,4496,1626,1571,3064
-2940,15204,6208,3316,-16,2348
-2608,15120,5468,4505,-882,2970
-1220,14876,4956,3150,-725,4019
-3016,13884,6680,3382,2244,-804
-4588,14508,6912,1794,416,-830
-4904,14456,6248,1208,-85,-1015
-3552,16892,4980,2015,-474,3228
-2344,17412,4104,1499,191,4701
-3436,17804,4860,-6608,-729,3882
12,13132,1820,-9114,885,-54
1828,13324,4148,-8556,-667,-3757
3472,15260,3172,-10885,2435,-4588
-3908,15924,5796,-11387,-1905,1101
