-1492,-14916,6552,-300,178,-304
-1800,-14772,6740,-312,231,-529
-1036,-14988,6752,-186,211,-445
-1216,-14636,6560,-428,355,-372
-1228,-14892,6664,-465,256,-342
-1460,-14960,6832,-586,33,-568
-1512,-15020,7420,-1474,-1203,-1033
-576,-15940,4716,-2384,-4619,-2016
-5008,-17476,13392,6588,-5339,-1303
-3152,-15108,6612,8492,-5279,-2142
-2820,-14360,7832,9183,-6450,-2419
-2488,-13304,8332,10616,-6951,-428
-1980,-11824,7576,11176,-6971,2361
1256,-11508,8536,9101,-5499,5088
1260,-11728,9488,8287,-3734,5763
56,-11412,10672,9890,-4999,9603
5836,-10296,8828,6643,-1293,12533
3296,-12028,12564,5610,-1564,7091
1060,-11476,12992,5249,-625,3459
736,-9796,10616,1766,-1174,3894
-948,-9264,10260,-273,-99,3695
32,-9808,10192,-2897,1924,3445
-1272,-10472,11956,-3507,1530,879
-2684,-11352,10380,-6824,1581,2349
-1476,-11352,14072,484,968,788
196,-9472,13672,-4692,265,1852
-388,-11648,12176,-5951,758,-727
1228,-12000,10276,-6463,3319,-3391
640,-11620,11200,-6096,5787,-7538
-16,-12716,11708,-4099,7715,-10786
-2628,-11776,11092,-3307,7563,-10595
-2400,-11904,11064,-3397,6118,-7924
-1812,-11372,9572,-3046,4453,-6041
-1360,-12012,9652,-2652,3837,-5061
-712,-13148,9552,-2951,3574,-4185
-1616,-13360,9964,-4110,3634,-4513
-1724,-13092,9556,-4364,3101,-3930
-1460,-13800,9336,-3883,3819,-3670
-1568,-14012,9808,-3378,2145,-2687
-2884,-13520,8832,-2681,0,573
-12,-13404,8488,-2983,1560,-669
-972,-13988,8552,-2495,2518,-1113
-948,-13904,8708,-1592,452,-1066
-2512,-13128,7932,-766,770,1174
-492,-14160,8060,-794,-317,46
-804,-14068,8396,-283,-47,-578
-376,-13996,8252,-437,228,-798
-448,-14100,8176,-539,59,-450
-528,-14040,8124,-616,-14,-405
-524,-14052,8616,-708,-261,-31
