564,-16488,852,-272,81,-492
480,-16360,868,-314,239,-428
408,-16500,796,-499,135,-285
596,-16756,840,-512,13,-401
652,-16444,652,-450,45,-357
672,-16364,812,-511,134,-296
604,-16532,700,-595,208,-261
676,-16524,732,-547,101,-332
656,-16504,776,-398,91,-472
628,-16388,884,-353,185,-404
820,-16540,588,-341,213,-310
644,-16576,720,-90,150,-202
720,-16540,704,-20,15,-104
708,-16524,876,8,173,-133
768,-16496,840,-88,270,-100
724,-16524,868,-69,194,-75
620,-16492,768,-294,33,-58
544,-16480,928,-283,-44,-82
616,-16484,888,-135,20,120
724,-16468,964,101,48,294
772,-16400,816,488,232,731
764,-16444,824,657,390,1546
452,-16356,696,1061,739,2409
244,-16468,1604,1120,701,2763
464,-16496,528,681,696,2416
-21196,-6340,-28512,-3505,17249,10536
2896,-32768,32767,4182,6635,-8198
-2744,-17348,8576,-2642,-4299,2922
5264,-22552,5116,-1062,9668,-253
-4080,-12796,9620,1247,-2558,532
4480,-12740,-20768,-2704,5050,-209
-4816,-17872,12632,-388,-14517,3557
-23000,-1596,-11484,-2915,15453,8116
-512,-16132,4272,1498,3594,-1930
-1520,-17356,176,147,6588,-2545
20064,-17044,-4308,-771,-3769,-8202
7432,-6320,-15688,6822,1381,787
4628,-19876,-4336,-2267,3660,-5033
4236,-15960,-2592,3089,10635,2523
948,-27464,-10936,-493,6638,-612
-14388,-4400,-10592,-3955,8579,5828
-24712,-7360,-24000,-5499,3317,9549
1724,-8840,-16772,-5800,1152,1767
-868,-16808,13380,5068,-2090,-1340
3952,-7728,8772,-952,2346,-3294
-17260,5156,-18480,-4093,11277,4365
11072,-6056,-11764,-3163,618,-3245
5996,-20592,10072,2292,2974,-3005
2392,-13708,5748,-4503,-377,-4560
-848,-7212,-5888,-1505,2339,-314
868,-23696,8136,-308,798,-2665
-732,-23740,12248,1703,2295,100
3564,-19988,-8564,-2115,-983,1403
-92,-16476,1132,-1828,-1718,-1390
-4168,-18436,8512,-612,-3249,1959
1324,-16624,532,-53,113,586
1064,-16600,492,33,126,-365
1512,-16532,392,-76,-123,-1061
1648,-16340,552,-272,-100,-1186
