512,-13460,9360,91,88,23
940,-13124,9116,67,-34,-367
316,-13064,9344,-345,77,-461
28,-13268,9584,-310,57,36
420,-13468,9696,74,-31,-105
-184,-13312,9400,291,-278,17
-256,-13320,9312,457,-513,798
-308,-13184,9144,308,-1011,1258
-1744,-13264,10024,1278,-1784,2796
-1324,-12836,8852,70,-2226,6118
-692,-13120,9344,-362,-3024,7936
308,-13336,11412,2664,-5877,8088
-1136,-11872,10208,1190,-5295,6436
-3156,-11760,13112,4503,-11744,10836
2216,-12848,5868,4655,-6867,8649
-784,-11992,10500,460,-3476,5082
-508,-12552,11892,1124,-4005,4102
1592,-10984,7832,875,-1268,3066
-2068,-12420,12168,-647,-413,2569
4,-11568,11040,-502,-585,2216
1228,-10844,10964,-588,-583,3480
-132,-12340,10572,253,-2190,3049
-1416,-11420,10700,-33,-1465,3256
-2340,-12264,11976,-445,-1754,2905
-1248,-11948,12300,-269,-2250,3294
-780,-11100,10080,-714,-2449,3782
-1912,-10800,10872,-1170,-1735,3898
-520,-11596,10552,-2025,-165,2504
-2284,-12296,13276,-171,-1359,1078
-1692,-12396,11448,-484,-851,75
-1912,-11744,10752,-726,-322,330
-2920,-13548,13092,-1832,-499,75
-1516,-11688,10524,-1978,1727,-548
-2560,-11800,11288,-1778,820,-1778
-1700,-11792,10444,-1756,1037,-2169
-1836,-12360,10404,-2123,1372,-2715
-2612,-11820,10628,-2288,2008,-3274
-2364,-12736,10548,-2489,1475,-3012
-2388,-12520,10516,-2283,3088,-3150
-500,-12488,9240,-2013,3465,-3988
-1560,-12060,8532,-2486,3906,-3656
-1364,-12948,10244,-2555,3742,-4116
-1708,-13540,10644,-1934,3903,-5162
-2860,-13736,9164,-2231,3951,-4381
-1712,-13540,9928,-2311,3191,-2977
-1452,-13240,9192,-2382,3114,-3787
-1956,-13976,9900,-1880,2593,-4051
-1440,-13392,8564,-1963,2269,-3627
-1992,-13560,9908,-1807,3044,-2862
-2444,-13500,9508,-1642,2206,-2844
-1992,-13308,8800,-1252,1440,-2781
-680,-14104,8256,-1031,2383,-2099
-1204,-13536,8216,-1036,1956,-2036
-1896,-13708,8616,-1436,1496,-2289
-1276,-14968,8484,-1199,1229,-2462
-1540,-13340,8320,-1198,1167,-1436
-476,-13836,7660,-1494,2090,-1479
-688,-14348,8408,-1306,1497,-2094
-2144,-14692,8964,-896,655,-1482
-1548,-13472,7516,-781,733,139
-908,-14272,7808,-478,-415,314
-928,-14272,8036,-242,-108,-268
-812,-14176,7928,-121,138,-991
-400,-14032,7924,-179,-3,-664
-548,-14148,8264,-322,134,-242
-524,-14100,7988,-371,-62,3
-860,-14244,8048,-393,-74,-168
-600,-14236,8176,-318,-141,-514
-800,-14096,8264,-190,-496,-676
-1156,-13984,8644,267,-1163,-670
-1184,-14220,7780,1509,99,1140
