-1484,-16028,2928,-514,-13,-291
-1284,-16268,2896,-619,11,-373
-1248,-16128,2804,-375,303,-318
-1308,-16336,2816,-213,95,-182
-1420,-16040,2696,-257,44,-142
-1412,-16188,2912,-248,182,-221
-1428,-16124,2744,-227,140,-226
-1468,-16092,2852,-157,113,-178
-1508,-16364,2996,-231,38,-116
-1472,-16220,2988,-132,75,-14
-1388,-16068,2912,-14,160,-239
-1548,-16080,3116,-180,149,-341
-1404,-16060,2924,-159,179,-281
-1636,-16092,3100,-98,74,-241
-1484,-16208,3208,-189,17,-222
-1336,-16044,3044,-377,155,-184
-1488,-16156,3092,-228,77,-169
-1360,-16184,3076,-168,79,-170
-1380,-16192,3036,-250,13,-180
-1404,-16092,3112,-283,99,-231
-1532,-16120,3220,-231,62,-319
-1440,-16104,3140,-330,84,-297
-1468,-16112,3116,-317,141,-333
-1428,-16072,2964,-195,51,-241
-1360,-16148,3028,-149,82,-213
-1336,-16096,3088,-97,79,-85
-1244,-16028,3116,44,223,2
-1472,-16128,3232,78,202,82
-1124,-16000,3056,284,161,521
-1336,-16040,3304,92,219,1117
-1148,-15900,2988,479,496,2166
-2172,-16104,3312,1377,257,2103
-31764,-32768,32767,-279,-1229,2570
24088,-32768,-10100,182,-3424,-12256
-3632,-20684,8040,-195,-1272,2557
-5340,-16604,6408,556,-1063,2095
-7812,-23744,14652,-3296,966,-3218
312,-15104,-380,-1957,641,-2810
5424,-13520,-960,-1246,1052,-1545
-3724,-26244,12404,-3771,5172,800
3908,-15204,-6144,-290,4535,238
-4,-22224,10544,-674,1246,-1796
440,-23828,10000,-680,-1845,-2767
100,-16440,4400,-2094,3100,-2955
-4332,-19772,4488,-1774,1850,-1699
-668,-17464,6356,-2272,4137,-1275
-4684,-16136,4636,-1625,5094,236
-3536,-20864,4264,-1964,5784,1706
-12120,-14112,4708,-1232,3412,1932
-8180,-24460,11584,-833,2943,2304
-2540,-13280,-2772,-2156,5136,-171
-3712,-15580,4464,-1311,2713,-398
-1220,-5996,-7532,-2071,7252,2244
2264,-16472,300,-75,6771,-886
-4680,-19820,8460,-3261,-2290,176
-10536,-6916,-12824,-3231,5567,4330
-2564,-11876,-956,-631,7511,841
-44,-18008,-700,-952,-1516,-232
-4852,-16156,3260,-363,-238,514
-1896,-16332,1972,-290,173,-764
-2032,-16224,2060,-407,50,-943
-1596,-16112,1856,-510,81,-846
-1568,-16328,2068,-457,61,-434
-1832,-16248,1908,-547,66,-281
-1692,-16336,1928,-485,83,-356
