-1104,-14484,7416,-136,372,-339
-964,-14484,7168,-240,166,-458
-1152,-14552,7408,-176,-1,-365
-948,-14548,7280,-309,237,-261
-1040,-14488,7360,-262,20,-236
-904,-14412,7476,-441,107,-317
-908,-14572,7260,-311,93,-346
-1200,-14660,7596,-232,215,-487
-1416,-14592,7664,-246,-286,-1159
-1128,-14636,7624,-472,-726,-1993
-864,-14584,7140,-538,-297,-2594
-1100,-14528,6948,41,939,-3336
-936,-14080,4880,906,443,2025
-1036,-14288,7604,22,-1609,1531
-1616,-14680,7368,114,-1845,729
-2072,-13900,8320,1134,-2920,1415
-1232,-13368,7096,2465,-3520,2865
52,-13504,7020,1284,-2094,2518
-688,-13976,8856,2328,-1968,1657
-104,-13980,8972,4045,-1114,92
556,-13816,8880,5173,1027,-2927
444,-13380,7932,3758,3799,-5308
764,-13248,10564,5418,4516,-6881
-1808,-13432,11176,7144,4371,-5600
2272,-12712,10936,6970,5111,-4581
-1480,-11316,10924,7524,3711,-4121
68,-11604,10600,6977,-354,763
744,-10892,10696,3994,1999,-225
-1240,-11308,14716,2318,268,2108
880,-11232,11600,1670,-2233,3295
868,-10376,10232,487,-2351,3342
-96,-10564,10024,-790,-2126,1474
1860,-10556,9424,-2285,-276,322
-612,-10784,11980,-3016,-386,274
1000,-13228,10356,4123,-1896,438
-1160,-11896,11968,2181,77,-377
-560,-10668,11984,694,-5,-311
-584,-10404,12808,-855,-29,429
-884,-10744,11736,-1233,-367,1004
-336,-10880,12104,-1136,-128,1324
1924,-11516,11656,-2422,743,-2446
304,-10320,12160,-2915,1269,-3669
-1004,-11328,11880,-1819,1459,-3718
-964,-11372,12264,-1572,874,-2865
404,-12272,12100,-1847,1606,-3826
516,-11160,11492,-1890,2021,-3472
832,-12448,11396,-1632,1643,-3239
108,-11700,11316,-1853,1917,-3325
544,-11852,11792,-1599,1623,-3823
544,-12504,11352,-1823,2381,-4057
216,-11636,9856,-1125,2599,-3688
-204,-12492,11268,-1020,2221,-3961
-540,-12032,10984,-619,2334,-4219
-1996,-11508,11188,-455,2071,-3594
-1660,-11952,10936,-701,1840,-1944
-2304,-12644,11800,-1568,1150,-1107
-1300,-10696,9116,-1213,1540,2
-452,-12296,11264,-782,59,817
252,-11964,10924,-416,-255,-75
320,-12132,10768,-371,-10,-570
276,-12068,11000,-485,10,-959
864,-12060,10820,-740,141,-900
576,-12080,10984,-819,-397,-391
552,-12012,10696,-721,138,-397
632,-11880,10996,-838,536,-666
436,-12316,10700,-808,474,-634
864,-12268,10260,270,-135,-819
