824,-11080,11784,-666,80,-550
1096,-11104,11468,-712,124,-636
1068,-11000,11872,-827,-311,-837
1164,-11244,11776,-724,-54,-491
1096,-11184,11736,-579,142,-278
1144,-11096,11712,-355,91,-238
1156,-11148,11708,-310,45,-210
1128,-11204,11872,-349,71,-196
1024,-11116,11980,-537,29,-298
1132,-11044,11784,-594,-95,-252
1156,-11032,12000,-758,-781,-264
960,-11316,11788,-1165,-802,-222
704,-11564,11832,-776,-1113,-1442
1096,-11344,12308,-674,-2153,-2654
1148,-11380,10876,-132,-976,-2852
-980,-10928,10344,1989,-2137,-1371
-5292,-10208,10428,2235,424,5730
-452,-11820,12740,766,-1271,1810
-1348,-11296,13624,115,-1485,3727
-372,-10752,12356,-790,-1630,4706
700,-11240,12696,112,-1929,4198
864,-10656,12236,1651,-3270,4041
1160,-10744,12840,1599,-2822,3556
1768,-10284,12528,1328,-2309,3072
2256,-10148,11736,518,-1790,2703
1964,-9956,11372,-945,-1451,2512
296,-10440,14460,-2907,-799,3248
1696,-11616,12468,-5098,-1155,2872
2248,-10964,10084,-5400,-1339,2492
-924,-11704,13708,-3136,-1058,1635
1148,-12008,12136,-259,1277,2213
1860,-9988,9360,-787,477,2316
1400,-11168,10276,-1558,452,1221
-76,-11048,10584,-1409,285,1173
-724,-11616,12840,-1700,320,397
368,-11616,10852,-2332,1133,166
124,-12352,11356,-2760,411,170
-428,-11380,10500,-1790,195,-36
-176,-11888,10288,-2355,794,137
-380,-12960,11516,-165,670,-228
-276,-12308,10748,-136,450,-80
-476,-11868,11212,-234,852,125
-504,-12096,10724,-222,452,164
-344,-12188,11068,-244,653,283
1448,-14944,12740,-1011,-76,-1391
-224,-12576,11792,-1072,-421,-2300
-616,-12184,11036,-1023,18,-1415
668,-12744,11332,-1276,815,-1905
128,-13068,11608,-1024,101,-2155
-508,-12424,11164,-1089,-1069,-2490
140,-10880,9172,-845,1584,-1640
1408,-11024,9428,-66,369,-2098
2004,-11932,9800,105,103,-3093
904,-13140,11048,-20,512,-2654
188,-11984,9748,-86,1706,-1593
524,-11804,10564,-294,1127,-2151
556,-12136,11000,-527,1097,-2263
1252,-11672,9648,-220,393,-2205
580,-12852,12044,-429,200,-2456
-64,-12236,11312,-720,882,-1677
-232,-11228,9728,-635,1500,-1710
2296,-12592,11656,-144,6,-1989
320,-10740,8960,180,1556,-1176
-80,-11620,11080,-135,1145,-1353
-176,-12040,11108,-360,1199,-1477
36,-11484,10488,-369,1142,-1150
92,-12116,10108,-380,1296,-1226
1164,-11404,9848,-367,119,-1627
-140,-11728,11168,-157,712,-1285
2532,-12604,11724,-45,-286,-1412
1420,-11844,9248,126,1394,-1309
1232,-12472,10124,97,976,-1269
240,-10892,8608,-149,2384,-761
-452,-13496,11508,-9,2111,-816
404,-11552,10916,33,1127,-1206
2788,-13216,11872,-429,-165,-1993
252,-11752,11216,-412,263,-1259
1136,-12236,11492,-213,1116,-1854
1168,-10752,9016,-55,1290,-541
1248,-11824,11188,-160,399,-1095
1696,-12024,11004,-183,-215,-987
-412,-11832,11632,32,555,537
-328,-11716,10864,140,69,1071
464,-11980,11288,168,-254,-799
724,-11768,11352,-80,-117,-1522
1324,-11728,11040,-458,96,-1149
908,-11828,11440,-669,-20,-851
