-1844,-15600,3856,-93,-580,25
-2352,-15528,4356,-575,-621,314
-2520,-15928,4740,-32,-1968,2387
-1700,-16096,4440,827,-1342,1878
-1620,-15532,4480,802,-810,329
-2276,-15644,4796,626,-1430,26
-2012,-15452,5360,1154,-1819,931
-1864,-14836,4440,1597,-1488,1154
-2036,-15340,5064,1483,-2295,378
-1788,-15592,5060,707,-2308,-23
-1940,-15324,6436,1792,-1715,403
-1892,-15248,4964,1277,-1182,-381
-2284,-15572,5056,895,-755,-55
-1732,-15132,5116,470,-854,-137
-2612,-14948,5764,-260,-1577,-320
-1952,-14912,4564,-943,-509,244
-2524,-15660,5824,-1609,-584,-309
-1856,-15400,5532,-2538,480,561
-1924,-15448,5456,-2131,122,265
-1512,-15188,5204,-1855,-436,722
-1744,-16140,4024,-1922,493,1197
-1428,-15692,5496,-2529,361,1026
-2180,-15524,4072,-3096,916,588
-1304,-15892,3856,-751,-47,-94
-2420,-15644,4232,-507,150,151
-1984,-15664,4784,130,333,491
-1756,-15704,4812,-1565,839,210
-2572,-16092,5108,-479,1466,584
-3060,-15400,5364,-460,1296,782
-1896,-15160,5800,-1442,490,-1270
-156,-14012,2124,-1838,3646,-1495
-184,-14204,7052,-1160,1406,-2716
1848,-11880,784,-2377,2049,-999
1332,-18688,7816,-2960,5936,-2920
-876,-11612,900,-2798,6848,-1354
-988,-17080,4628,-1086,3382,-2894
2172,-19484,1148,-2195,5972,-3420
792,-15660,8424,-235,4629,-5461
-3572,-18788,6008,1009,5424,-1963
-316,-19824,3676,-43,4804,-571
-6936,-20664,-8828,-458,5303,3169
-1400,-12516,7412,-500,3085,-2008
-3080,-22664,3028,-201,3896,-1109
-8256,-13688,-3604,476,4924,3192
-1564,-12680,2568,-2202,3950,-1296
-3812,-30396,14300,2,3290,-186
-2764,-11544,8464,-315,-133,-1103
-6028,-19620,2944,1038,4039,904
-2684,-13844,876,-362,1788,167
-5808,-18224,-76,725,7541,2297
-5544,-18932,6348,-707,2306,-3
-1232,-18276,-1336,1350,4888,-1128
-11092,-11936,-4532,-586,6405,3289
-3948,-21924,4888,662,3273,-2123
-4768,-20148,5208,1163,2956,-1888
-6144,-16320,6952,151,-288,-416
-5788,-14700,3900,-1389,192,1172
-2088,-16364,2852,-478,-201,-29
-1976,-16184,2748,-409,21,-1203
-2052,-15856,3632,-457,-158,-1529
-1224,-16172,3012,-524,286,-1042
-984,-16780,3204,-344,-259,-620
-1184,-16092,2524,-546,186,-340
-1368,-16128,2836,-484,118,-202
