-1076,-14140,8252,-574,40,-363
-1064,-14108,8188,-559,-200,-414
-1112,-14040,8288,-606,-225,-384
-1056,-14232,8600,-471,-715,-246
-916,-13992,8252,-622,-814,-507
-892,-14228,8488,-606,-1025,-678
-964,-14168,8136,-1099,-1121,-993
-736,-14168,7536,-522,-297,-1380
-880,-14584,8424,-234,46,-2473
224,-15312,7724,-1308,-2939,1780
-1452,-14468,8444,1964,-1581,941
-1132,-13896,7832,2488,-2427,1017
-1676,-13708,7908,276,-1705,2091
-696,-13556,8360,566,-1811,2576
-840,-13336,7876,650,-2245,2294
-1580,-13328,8500,438,-2448,2664
-1780,-14092,9028,603,-2454,2510
-752,-13572,8880,1341,-2009,2726
-1644,-13504,9512,1836,-2313,3005
-1820,-14116,9072,1825,-3117,3932
1744,-12744,7252,1149,-2237,4554
-308,-13268,10012,998,-2265,2148
-1272,-13432,9956,1094,236,2221
292,-12588,9324,-114,28,1362
-1232,-13104,9524,243,-119,1086
-1412,-13200,9668,17,120,812
-1920,-13376,10168,547,-1131,794
-1964,-12500,9436,-372,191,1657
-772,-12972,9160,-726,-1110,2463
-1556,-13132,10404,-2111,1697,2362
-2468,-14084,12404,1232,249,280
-1588,-13368,9156,-578,193,402
-1384,-12568,9484,-393,705,1781
-716,-13600,8360,-912,5450,412
228,-13188,9112,-1748,1085,-3844
-1668,-13716,9608,-2067,1848,-4713
-2536,-14096,9896,-2462,3720,-2967
-860,-14244,9624,-2342,3403,-2922
-2876,-12168,8100,-3468,2323,-3363
-2168,-13948,8820,-3036,2433,-3120
-1840,-14648,9132,-3114,2775,-3047
-1528,-12932,7124,-3846,3290,-2404
-1588,-13668,8224,-3238,2463,-2156
-2384,-14524,8276,-2149,2089,-1738
-2296,-15132,8824,-2232,1436,-1423
-1884,-15380,8288,-1615,2113,-1370
-2080,-14396,7160,-1515,1054,-1104
-2376,-14472,7884,-1259,2627,-665
-1072,-13964,6872,-1299,1963,-528
-2276,-14328,7360,-784,739,-441
-2296,-14756,7968,-360,546,23
-1884,-14108,6952,-413,928,-319
-1624,-14596,7192,-142,192,-539
-1532,-14552,7492,-281,160,-758
-1420,-14424,7368,-247,454,-523
