688,-7128,14428,-534,182,-59
672,-7180,14476,-398,209,-273
724,-7148,14500,-393,-132,-338
656,-7052,14664,-454,94,-177
572,-7080,14396,-393,226,-211
628,-7100,14520,-566,-92,-261
708,-7132,14476,-513,-71,-282
844,-7172,14680,-464,17,-170
588,-7188,14748,-379,16,-167
736,-7052,14364,-283,-32,-278
748,-7040,14508,-342,31,-242
740,-7104,14444,-388,54,-185
648,-7072,14500,-426,-113,-262
736,-6992,14500,-340,95,-179
696,-7280,14684,-284,-128,-334
868,-7004,14304,-173,114,-226
996,-6976,14124,-98,-17,-29
976,-7004,14256,-321,467,607
912,-6816,14308,140,744,1205
936,-7140,14816,303,-168,1605
1388,-7476,14732,313,-863,1222
7120,-5944,5272,481,-2673,-3280
1536,-7316,15908,-126,-1070,-3819
148,-7080,15592,24,213,-3083
-264,-7184,14864,-121,-497,-3256
-660,-8700,18576,-534,-224,-2083
704,-7456,17576,-815,-743,-1245
2168,-5944,13268,-396,-541,-809
816,-8408,18680,-849,-597,-1800
1528,-7812,16236,-671,816,-1066
3260,-4792,11448,-723,1501,-784
808,-6040,14872,-1222,734,-1368
988,-7820,17080,-615,262,-1835
-132,-5148,13612,-1109,1896,-1419
2436,-4824,11256,-981,1410,-1708
800,-5376,9800,-837,3043,-1105
-720,-6148,15368,-1302,1773,-1487
-180,-6132,13592,-804,2598,-1192
788,-7756,16852,-790,1982,-1737
520,-3716,9164,-553,4035,-1037
2232,-2396,6540,-923,1970,-1062
184,-9088,17432,-887,937,-1695
-456,-6484,12588,-747,2511,-1743
784,-4740,12616,-882,257,-1867
1412,-9024,16524,-859,965,-2143
3136,-8256,13852,-717,855,-2143
1256,-11128,18540,-551,974,-1915
-724,-7960,17604,-666,-449,-1170
-1152,-8716,16876,-904,-853,-867
-600,-7716,15360,-827,-493,-596
-548,-7136,14552,-209,-273,206
756,-7128,14688,-143,-617,-946
1136,-7020,14388,-549,-385,-1338
1824,-7336,13864,-683,69,-927
1220,-7264,14684,-695,30,-804
