-1020,-10056,12744,-1513,1044,-446
-412,-10200,12784,-799,566,-219
-776,-10080,12116,-1244,605,-267
-568,-10396,13324,-1416,533,103
-464,-10228,12312,-417,289,-306
-1372,-10148,12372,-1140,379,-41
-612,-10088,12548,-2124,457,345
-872,-9804,11392,-3002,1024,548
-380,-10812,11400,-449,68,282
-1500,-11348,12476,-753,72,291
-1188,-10788,12004,-877,93,237
-364,-10852,11780,-2085,753,-374
-720,-11076,12220,-2196,1064,-1251
-856,-11072,12380,-2065,1075,-2408
-860,-11608,12048,-2725,621,-2414
-424,-10600,11476,-2814,1134,-2235
-160,-11148,11280,-2349,1336,-2593
-1304,-11432,12404,-2495,770,-2784
-500,-11108,11516,-2641,1851,-2189
-260,-12236,11532,-2875,2230,-2964
-1004,-11780,10656,-2740,3093,-3315
-1052,-11372,11196,-2868,3574,-3790
-568,-11820,10724,-3156,5875,-6569
-1140,-12252,10824,-3539,6450,-7504
312,-12120,8064,-3109,6423,-7771
-1924,-11916,11344,-3709,6227,-7175
-796,-12828,11108,-2859,3694,-4841
164,-12580,9280,-1315,2712,-3203
688,-12960,9216,-1170,2379,-2570
-48,-12760,9808,-1291,2511,-2606
-436,-12396,10084,-1537,2377,-2714
740,-13000,9292,-1524,907,-1922
48,-12768,9128,-1820,436,-1611
24,-13060,9576,-1993,1514,-2103
-116,-13588,9360,-1689,2032,-2045
-1040,-13280,9544,-1417,479,-640
-564,-12724,8728,-1224,1936,-1177
-316,-13036,8868,-1179,993,-1087
440,-13596,8796,-973,-116,-141
732,-13216,9080,-981,340,-910
-192,-13764,9168,-1207,1091,-884
-420,-13696,8964,-1186,996,-816
-120,-12808,8380,-1078,1418,-716
-336,-14004,9152,-917,1154,-1234
-564,-14124,9040,-874,536,-749
708,-13904,8908,-687,554,-503
36,-13740,8620,-568,-672,-43
212,-13660,8960,-311,320,-414
124,-13696,8776,-282,321,-472
176,-13496,8840,-248,96,-510
568,-13648,8880,-360,-119,-243
172,-13632,8904,-393,55,-384
284,-13628,8948,-309,25,-394
208,-13720,8912,-403,14,-534
200,-13668,8872,-298,208,-417
304,-13616,8924,-404,180,-201
400,-13636,8668,-407,45,-207
336,-13620,9064,-483,-141,-176
164,-13736,9288,-598,-380,-274
76,-13556,9548,-1216,-1390,-442
-28,-14036,9624,-1822,-3452,-709
-2332,-14696,11768,79,-6409,4521
-4,-13784,8200,3958,-3006,2826
360,-13436,9324,2273,-2114,670
