-600,-8564,13488,-332,-42,-182
-496,-8620,13528,-387,-122,-89
-620,-8704,13596,-419,-28,-160
-664,-8596,13768,-378,-143,-216
-500,-8580,13768,-491,-242,-159
-696,-8500,13584,-422,-163,-107
-888,-8640,13732,-154,-10,-192
-608,-8540,13756,-102,18,-270
-768,-8508,13640,-93,-162,-229
-628,-8664,13828,-106,-211,-80
-380,-8516,13660,-123,149,-101
-692,-8516,13700,-137,35,-277
-476,-8456,13796,-368,-114,-247
-672,-8440,13816,-524,90,-208
-464,-8452,13788,-553,-20,-276
-596,-8492,13744,-629,-118,-221
-532,-8500,13844,-776,-29,-196
-188,-8488,13520,-727,-259,-192
-500,-8616,13564,-625,-328,-20
-548,-8612,13500,-415,-274,67
-304,-8532,13792,-290,-392,382
-416,-8568,13780,-120,-582,770
-88,-8516,13572,200,-854,1198
-580,-8440,13948,712,-977,1428
30652,684,-14328,1484,-3896,-9015
-676,-7576,13748,385,599,-2302
-932,-8092,14736,651,-67,-1171
888,-8856,13612,701,-859,-1516
-144,-7816,13424,1080,170,-1236
1200,-9480,15320,1133,-1070,-1556
-936,-8460,13960,1029,-1167,-2753
2684,-6256,11748,1254,-712,-2166
368,-7188,13864,1512,346,-3478
1208,-7712,13712,2401,-287,-5794
1008,-7880,14968,2267,-1222,-6018
1356,-6220,13316,586,-919,-4213
3260,-6180,12324,177,-293,-6050
1652,-7452,14344,439,-757,-7000
1268,-6936,14384,-115,-1748,-5167
1692,-7456,14484,-152,-1338,-4255
524,-7884,16004,-229,-1030,-3664
2080,-7336,15840,-276,395,-3589
3144,-6064,14320,-297,177,-2685
1008,-6708,12896,-348,1421,-1776
3696,-7644,15224,-424,-2750,-3227
2220,-6748,16220,-418,-321,-1961
4084,-6228,11596,187,2171,-2082
2828,-6604,12496,-51,1928,-1688
1284,-6332,16448,-65,377,-1864
1080,-6496,16404,38,2089,-1004
2372,-5644,15452,77,2011,-722
3408,-6496,13940,328,1323,-1072
-1180,-5928,15460,578,2037,-233
756,-6400,15412,160,63,425
-36,-5932,14516,141,971,907
-20,-6648,15280,-113,-400,1250
1784,-6236,14936,-165,-682,-547
2284,-6068,14724,-274,-416,-1098
2420,-6136,14736,-656,31,-902
2208,-6092,14824,-1057,5,-649
2324,-6236,14544,-1001,340,-622
