1692,-7132,15032,-2544,368,-1120
2448,-7240,14884,-3470,1315,-1270
140,-9044,17708,-352,536,-1380
1268,-8448,12704,6333,-941,1953
96,-6708,11216,2905,-797,2908
-2152,-5200,12092,-2511,2287,6334
2020,-6688,13188,-6011,-1121,9088
220,-7236,13288,-9960,-4699,8299
2328,-8312,14220,-15719,-4908,10124
440,-10028,13184,-18769,-3559,6861
724,-10032,11796,-9180,-4025,7124
5196,-10796,10612,-7905,-3004,6929
1688,-11708,14832,-3190,-2120,3274
3124,-11264,10484,-291,1391,3143
1832,-11256,12276,546,591,2321
1156,-11208,11720,644,2037,2660
644,-11448,12016,1025,1596,2280
284,-11772,11480,881,1722,2116
560,-11648,11088,1366,2342,1919
628,-11424,10996,2976,2675,2260
724,-10580,10144,1833,1329,1894
244,-10812,10824,-344,1786,1517
912,-12792,16696,4268,1145,168
-204,-11584,13072,2691,-247,-718
-312,-10476,12540,-374,204,-27
-1152,-10524,12508,-1704,-206,255
-936,-10580,12492,-3059,-1002,79
-1052,-11352,11588,-5077,-1269,-293
-500,-10832,11492,-4642,-865,-542
176,-11040,11016,-3566,-701,-568
284,-12072,11784,-2270,-574,-1249
932,-11744,10624,-972,169,-1920
316,-11248,10448,-336,172,-1045
276,-11696,11432,-478,-561,-1566
1732,-11780,10612,-695,141,-1731
412,-12004,11408,-389,77,-1819
76,-11380,10516,152,-230,-1649
-428,-11332,11028,231,76,-1897
212,-12624,12712,-1,-51,-1892
-872,-12144,13044,32,-1304,-3302
-204,-12352,11888,-26,-372,-3076
1276,-11196,10800,227,279,-1731
88,-11904,11852,180,538,-2722
108,-12372,13036,426,615,-2269
864,-12272,11388,121,1890,-1784
2800,-10188,9976,183,351,-2145
-104,-10472,12304,77,1620,-2046
-196,-12332,12648,-237,1967,-2325
-492,-10088,9856,-130,2822,-1826
748,-11752,12116,-170,1108,-2184
536,-10752,10688,-180,1693,-2138
660,-11752,11756,-293,767,-2057
2232,-10784,11504,85,251,-2204
184,-11488,11612,-198,2159,-1970
496,-12292,13812,-271,349,-2631
4,-11316,12724,-422,1492,-1780
-276,-12576,12788,-36,1614,-1530
2068,-11140,11832,-351,1408,-1737
828,-10868,10168,-442,2253,-1390
340,-10608,11760,-1489,1177,-1502
-140,-14140,13868,-1823,1298,-1675
-2188,-11036,11760,-689,826,-435
-1300,-11744,11868,-592,455,958
-76,-11516,11484,-78,-9,-470
260,-11448,11644,169,-100,-2081
832,-10920,12048,53,-285,-2389
