-1016,-14072,8352,-465,234,-184
-892,-14000,8100,-429,357,-93
-1044,-14012,8188,-553,135,-156
-1104,-14088,8340,-495,101,-242
-864,-14092,8144,-430,278,-178
-1004,-14040,8276,-343,131,-165
-1124,-14040,8240,-256,-34,-212
-1032,-14012,8392,-356,-67,-249
-948,-14180,8436,-466,-270,-552
-1360,-14184,9180,-770,-1199,-1204
-1204,-13792,9492,-3091,-4180,-1540
-10908,-16648,23648,7077,-10743,5504
-2940,-13404,5692,6104,-6329,3487
-2060,-13036,8264,4243,-5885,4921
-1072,-12700,7712,2206,-3630,6328
-508,-12944,9348,2675,-3697,5389
-1424,-12784,10440,4495,-5111,5310
-648,-12960,10436,4619,-3978,4805
-588,-12240,9948,5145,-3474,4428
-900,-11516,10280,4172,-2055,4155
-56,-11660,9948,2232,-2526,3953
528,-10972,10052,909,-1152,2162
-1932,-12140,12916,1540,-144,1191
76,-10992,9684,610,61,2045
-780,-11140,11300,-619,1664,2356
-712,-11696,10940,-604,1876,1832
-1304,-10816,11580,-1288,966,1502
-2076,-11748,11468,-1884,1882,1620
-2804,-11180,8788,-4428,2445,1213
-2336,-11720,8544,-8305,4000,860
-188,-13156,6628,-302,1017,746
-2672,-12576,10024,-1407,519,725
-2076,-12580,10508,-2458,1207,-570
-2020,-12516,10480,-2744,1981,-2028
-2120,-12212,9816,-2842,584,-3032
-1456,-12892,10116,-2923,1030,-4052
-2620,-13492,10484,-2143,2237,-5414
-2144,-11380,8448,-2133,4024,-3707
-1860,-13640,8492,-2604,4077,-4413
-2332,-13868,9976,-3049,2823,-4246
-1580,-14104,9568,-2523,4269,-4977
-832,-13760,9080,-2369,4313,-5840
-1804,-14072,9148,-2527,3341,-6048
-1944,-13280,8048,-2072,3768,-4870
-1564,-13368,7500,-1660,3566,-3554
-1592,-13812,8068,-1324,3819,-3584
-1928,-13228,7448,-1413,3552,-4206
-2952,-12296,7184,-1377,2391,-2720
-3552,-13736,7800,-1163,1802,-1188
-2652,-14488,8644,-736,-259,-10
-1660,-14220,7740,-190,317,423
-1604,-14300,7836,-58,340,-747
-1252,-14192,7836,-30,311,-1366
-960,-14004,7760,-293,50,-979
-1112,-14220,8264,-226,279,-174
