-136,-12228,10880,-528,141,50
-280,-11976,10288,-435,-73,168
-256,-11768,10488,-822,-371,-286
-188,-12200,10680,-519,111,186
-308,-12100,10348,-550,310,354
-144,-11464,10304,-907,-129,662
-396,-12128,10852,-742,-1,553
-1036,-12512,11020,-478,-57,489
-568,-12076,10692,-550,-242,789
-980,-12308,10520,-875,-14,646
-432,-12264,10428,-730,178,981
-516,-13016,12092,-243,-337,307
-432,-12552,10068,880,-1046,772
-1208,-12576,10716,157,-680,590
376,-12496,10368,-582,-713,203
-488,-12156,10816,-689,-214,555
-152,-12176,10188,-654,374,921
620,-12228,9828,-1208,2065,12
496,-12444,10256,-1887,572,-1651
-444,-12528,10612,-2045,495,-1784
-940,-12596,10624,-2004,451,-881
-232,-12388,9876,-1910,1213,-851
-1052,-12856,10716,-2108,711,-1401
-444,-13156,10968,-2209,966,-1493
-1148,-12564,10080,-2056,1410,-2068
-1700,-13028,11328,-1340,1597,-1892
-340,-12812,9568,-911,1872,-1929
-148,-13048,9312,-960,2155,-2342
-772,-12292,10060,-1533,2149,-2592
-8,-13316,9816,-1273,2046,-2360
-832,-13452,9776,-1174,2501,-1582
264,-12460,9760,-1142,1704,-1417
800,-13148,9632,-1444,2327,-2343
1064,-13852,8660,-1407,2657,-3360
396,-13048,7924,-1350,1829,-2315
-640,-12776,8800,-1189,2566,-1840
-412,-13748,9492,-1319,2110,-1729
-320,-13904,9200,-1389,2630,-1439
-572,-13260,8728,-1520,2107,-2057
-1732,-13700,9564,-1210,1906,-2049
-2308,-13564,9352,-903,1302,-1277
-2436,-13948,9188,69,1103,-359
-1468,-14252,8808,-193,7,1069
-2276,-13892,9036,-480,-370,747
-816,-13768,8956,-189,74,-797
-364,-13512,9176,-177,-248,-1217
-392,-13588,9444,-471,-160,-883
-776,-13844,9764,-930,-1474,-760
-1684,-14004,9492,-2132,-1419,326
-1920,-13504,8928,919,-2707,1162
-1508,-13428,8012,-279,-2981,1999
-364,-13104,8164,-772,-1934,1801
-140,-13404,9000,-592,-1484,2446
-156,-13332,8948,-114,-1607,2171
-48,-13140,8652,268,-2237,2972
592,-13608,8720,234,-3263,2288
808,-13752,9164,222,-1750,1432
384,-13768,9580,786,-1456,320
-320,-13636,9180,696,-715,-431
-512,-13360,8848,384,-685,51
-1076,-13148,9172,103,-993,-85
-1068,-13000,9288,468,-1133,837
-960,-12788,9072,293,-1488,944
-1012,-12624,9752,586,-2125,1307
-672,-13196,10184,1221,-1531,1397
8,-13264,9712,1217,-1756,752
