-600,-12456,10384,846,154,-814
-928,-11712,10488,897,-1049,-1305
-1468,-11652,10088,-204,-62,-172
252,-12312,10440,49,386,206
-532,-12540,11440,195,607,-149
-192,-12536,10500,746,376,-349
172,-11648,9516,132,547,-490
-1480,-12192,11904,-427,503,-176
196,-12084,10360,156,497,-74
-672,-11532,10252,-199,905,-478
-1252,-11488,10388,-509,895,456
-248,-12068,10732,-861,978,526
-988,-12060,11340,-485,179,344
-1284,-12088,10380,-627,294,1107
-676,-12588,11116,-455,96,1533
-1044,-12000,10316,-283,-110,1589
-1256,-11720,10692,-567,-812,1591
-1184,-11372,9984,-1550,328,1758
-1120,-12476,11356,1569,-1256,1033
-596,-12492,10372,1138,-938,730
-960,-12508,10996,24,-131,602
-1032,-11932,10844,307,133,696
-1336,-11920,12236,-412,-309,-1641
-1036,-12308,10872,289,402,-2720
-712,-11736,10040,1088,999,-2016
-548,-12400,11752,906,437,-2868
400,-11648,11388,-706,938,-4418
-1184,-11468,11400,-1049,1089,-5814
-1032,-11760,12304,-188,3228,-4034
-324,-11324,10456,-448,2709,-2697
-1324,-11904,11848,-351,2287,-4023
-292,-11220,10892,-624,2221,-2833
-572,-12336,11984,-1492,863,-2386
-148,-11468,10328,-1754,1974,-2698
-28,-12552,11764,-2073,2665,-2475
512,-12212,10436,-2820,2636,-3214
-4,-11964,9928,-2238,2929,-3309
-580,-13096,10796,-2106,2950,-3188
-1020,-11776,9744,-1941,3116,-2423
-820,-13120,10392,-2550,2505,-2655
-964,-13520,10792,-1989,1831,-1865
-2080,-12692,10044,-1427,1858,-1741
-2252,-13184,11224,-824,1319,-240
-1456,-12864,9732,-637,248,-38
-824,-12920,10184,-367,248,64
-204,-12744,10044,-302,-23,-555
-132,-12812,10080,-349,13,-496
-16,-12852,9644,-492,114,-576
12,-12812,9780,-303,22,-526
-116,-12952,10224,-328,-165,-620
-184,-12744,10208,-785,-346,-532
-40,-12776,10180,-1386,-1606,-497
-420,-13128,10644,-2502,-3100,-671
-1652,-14152,11372,-335,-1509,1621
-416,-13192,9964,2032,-1631,1680
440,-12332,9132,1538,-1079,883
-236,-12380,8948,99,-630,877
-860,-12760,10588,-660,-805,1743
328,-12788,10864,60,-1378,2201
80,-12724,9636,553,-1713,1052
-436,-12304,9800,-203,-1979,2587
684,-12856,10172,-379,-1547,2490
-444,-12884,10460,324,-2009,1419
-1752,-12676,10232,927,-4902,3639
2788,-13104,8932,294,-2589,3793
304,-12224,11288,-964,-517,491
-744,-12880,10328,-106,-147,-69
-208,-12472,10212,-518,-629,1039
-44,-12508,10648,-281,-531,4
-1188,-12428,10580,-359,-309,257
