-1120,-14324,8228,1060,-905,748
-1484,-13300,8088,540,-1994,475
-1348,-13336,8308,535,-1165,751
-1280,-13884,8756,771,-438,276
-1484,-14004,7816,970,-348,448
-1232,-14288,8528,641,275,617
-1184,-13916,9028,1060,-387,601
-792,-13604,8512,1003,-223,768
-692,-13164,8344,276,16,573
-1084,-13324,8648,-165,82,700
-1304,-13548,9472,-157,45,432
-2356,-12920,8148,-319,114,1248
-1564,-12836,7608,-1379,922,2655
-1156,-13532,9064,-1463,1003,2494
-1388,-15456,10664,130,377,1163
-1976,-14748,7980,566,-472,734
-1972,-14092,8516,-307,252,695
-2064,-13364,8888,-104,687,862
-1984,-13132,9868,-1099,1712,1109
-1232,-14360,8640,-1448,1135,-219
-1976,-13476,8632,-1988,1135,-1145
-1928,-14616,8380,-2968,1005,-2352
-1776,-13764,8072,-2936,1132,-2325
-2240,-12740,7712,-2133,1686,-1449
-2872,-13696,7908,-1852,1230,-1665
-2760,-13840,8452,-1765,1541,-1377
-2384,-13668,7820,-1477,1600,-672
-1296,-14444,7656,-1166,1400,-868
-2372,-13744,7344,-1633,2055,-621
-1832,-14220,7700,-2129,2668,-1297
-2048,-14324,7468,-2187,2636,-1471
-1536,-14768,7656,-2253,2818,-1743
-2016,-14640,7376,-1466,2736,-1698
-1832,-13656,6308,-1502,2500,-1520
-2520,-14416,6828,-1568,2511,-1871
-1904,-16028,7472,-1744,2091,-2221
-2364,-15704,6952,-1086,2244,-1597
-2536,-14916,6740,-739,1923,-1560
-2656,-15828,7328,-889,1499,-1324
-2016,-14352,6268,-1218,1583,-919
-1908,-14740,6976,-882,1562,-1220
-1968,-14540,6152,-690,1747,-1033
-2632,-15200,6472,-596,1864,-804
-2292,-15188,6988,-436,1481,-1373
-2852,-14972,6176,-470,1293,-1507
-3248,-14916,6780,-259,985,-608
-3080,-15192,6756,-384,557,-181
-2352,-14872,6480,-656,999,-360
-1876,-15152,5956,-366,1167,-950
-2336,-15328,5956,-283,677,-1102
-2668,-14956,6696,-304,678,-498
-2492,-14372,6012,-548,1010,-47
-2376,-14932,6724,-572,475,-838
-3136,-14632,5804,-523,32,-817
-2648,-15144,6084,-532,-86,-908
-1852,-15028,6172,-404,-221,-1194
-1860,-15036,6036,-401,-37,-741
-1804,-15040,6084,-308,248,-330
-1932,-15044,6236,-507,311,74
-1900,-14904,6268,-531,-99,-163
-1904,-15048,6488,-389,-58,-267
-2260,-15112,6468,-535,-259,-770
-1984,-15100,6520,-1259,-1163,-941
-4344,-17452,11792,2276,-433,179
-1816,-15416,5472,2167,-1753,146
