-2548,-14768,6880,-448,79,-347
-2616,-14588,6744,-429,-2,-319
-2432,-14460,6776,-444,-77,-267
-2444,-14644,7204,-395,-99,-431
-2820,-14340,7304,-1034,-1367,-603
-3068,-15120,8108,-2400,-2830,-901
-3464,-11524,5944,-3003,-5781,425
-2692,-15664,6752,-797,-4523,307
-6984,-15600,8584,8874,-10299,-837
-712,-13892,3196,8317,-7695,180
-964,-14288,8040,7254,-5241,-1268
-2068,-12676,9252,9598,-6662,-2912
-1640,-12388,9392,6961,-3699,53
-400,-12948,9520,4760,-4473,2414
880,-11896,9100,2827,-2921,2901
4744,-11232,8824,1809,-375,3402
436,-13288,11284,2368,1461,751
2180,-11204,10588,1714,-282,-66
-2120,-13088,11440,480,1303,1243
1076,-13100,12164,3713,46,958
148,-11340,10308,4030,-1385,-547
-872,-11908,12488,4836,139,-1865
-1624,-11248,11632,5641,-20,-30
92,-10800,10732,4702,-375,271
-1248,-10016,10000,1590,920,-475
-3308,-9924,11416,-2071,-3183,5353
-1072,-11096,12980,2742,-7411,8108
-1288,-10464,14168,-1495,222,1586
372,-10832,12132,-2952,-746,1385
256,-11392,11344,-2937,256,611
1260,-11936,11540,-3792,326,-741
4260,-13788,8124,-2485,4584,-5735
-516,-11244,12224,-3035,7811,-9136
784,-11820,11028,-2599,9500,-11886
772,-11496,9416,-2696,10560,-13342
-2768,-10704,12268,-3280,6418,-9793
616,-11608,10324,-1722,6136,-7734
-1460,-12076,12252,-393,6885,-8792
232,-12632,11052,-655,5028,-7920
-1268,-11540,10468,-1467,4847,-7268
-1236,-12456,10548,-1390,3260,-4711
1012,-11920,9840,-703,2038,-2731
936,-13592,11900,-869,1302,-2048
-332,-11716,10620,-1036,1377,-1573
476,-11900,9216,-888,1389,-125
900,-12512,10232,-1179,-240,1235
332,-12376,10352,-933,352,439
400,-12356,10480,-672,209,-191
436,-12348,10488,-507,176,-680
716,-12396,10564,-446,-66,-589
536,-12288,10596,-691,82,-178
312,-12420,10480,-588,-287,46
472,-12480,10836,-756,-477,300
376,-12372,10444,-883,-204,215
436,-12484,10232,-783,258,-112
812,-12444,10548,-593,70,98
580,-12588,10564,-642,-287,174
332,-12472,10464,-608,-190,-162
764,-12688,9912,-401,174,-297
