-356,-13852,8380,-189,24,-43
-556,-13692,8308,-519,40,-137
-512,-13656,8336,-423,12,-46
-264,-13820,8464,-523,22,-123
-848,-13864,8616,-688,123,-119
-1232,-13848,8600,-818,307,294
-612,-14244,8980,-528,57,312
-608,-13968,8496,-382,-144,111
-224,-13200,7704,-743,-76,619
-820,-13920,8620,-319,-347,101
-496,-13560,8220,-469,-395,441
-420,-13780,8468,-606,-83,333
-608,-13844,8316,-929,196,308
-1304,-14020,8596,-894,-236,543
-1164,-13496,7868,-989,202,595
-508,-13912,7644,-1717,358,954
-504,-14388,8140,-439,-340,-202
-1200,-14304,8292,-235,-257,-92
-640,-14100,8304,-250,73,187
-936,-14016,8284,-373,510,336
-1000,-13980,8324,-356,931,180
-276,-14016,7344,-1024,784,-918
-684,-14152,8312,-1156,720,-773
-296,-14028,7880,-1047,652,-511
52,-14448,8436,-1083,479,-998
-752,-14912,8736,-1581,311,-1915
-1076,-13668,7436,-1742,762,-1329
-1008,-14260,8012,-1454,1042,-863
-452,-14272,7460,-1750,765,-1069
316,-14576,7248,-1524,1472,-1004
-316,-13824,7360,-1216,1175,-869
-44,-14696,7472,-1108,1552,-1621
-1104,-14880,7644,-1023,1559,-1880
-1532,-14308,7356,-1580,1970,-1900
-1192,-14112,6856,-1189,2409,-1086
-320,-14324,7200,-1372,2284,-1270
-428,-15224,7632,-2036,1979,-1980
-544,-15556,7744,-1466,2222,-2007
-968,-14592,6544,-2230,2913,-1363
-1452,-13884,7360,-1966,1964,-1436
-1320,-14064,6320,-1242,2083,-795
-944,-15752,7620,-1066,1621,-625
-696,-14516,6492,-1218,2132,-1065
-1496,-15856,7076,-810,565,-1191
-1460,-14312,6436,-813,910,-10
-208,-14672,5848,-1001,1139,-572
-640,-13816,5712,-1230,2491,-701
-1004,-14860,6444,-904,1931,-930
-628,-14804,5772,-1569,1952,-1149
-1164,-15028,6176,-1380,1503,-1025
-2596,-13856,5668,-792,1001,290
-2148,-15468,6488,-488,9,193
-760,-15240,6000,-127,100,-951
-764,-15120,6124,-296,64,-1136
-264,-15004,6128,-379,-49,-355
-596,-15124,6240,-574,173,260
-916,-15240,5908,-465,35,331
