-1740,-13112,9036,5156,-7003,4078
-876,-11988,7760,1830,-3271,3045
-1932,-12528,10844,485,-2334,2569
-1548,-12644,10136,1274,-2154,2615
-1244,-11676,10008,-344,-1296,2586
-1188,-12500,10640,-490,-1363,2282
-624,-12940,10748,407,-284,1946
-1376,-12732,10420,491,-1435,929
-844,-12848,10544,899,-1110,1226
-1184,-12224,10772,1308,-1367,1522
-1320,-11824,10000,807,-648,1101
-1216,-11320,9764,-277,-314,1319
-1580,-12024,11264,-419,-938,1126
-1688,-12016,10876,184,-334,1598
-2120,-12184,11032,-46,-320,1090
-1772,-12004,10880,-110,-61,1158
-2940,-12368,12564,-249,689,1147
-2540,-11864,11708,-258,-618,765
-2260,-12312,11672,-52,1182,624
-2548,-11548,11032,-571,-385,753
-2384,-11516,11160,-661,-332,770
-2880,-11836,11344,-1031,-281,372
-2520,-11628,11000,-1166,330,988
-2484,-11576,10860,-1656,489,679
-2200,-11220,10792,-2955,126,1025
-2572,-11996,9364,-4188,1412,1328
-1276,-12448,9224,-102,-564,-345
-2576,-12104,10236,-647,28,76
-2700,-11856,12056,-1383,806,371
-1852,-12552,10040,-2159,1038,-402
-1440,-13164,10012,-2666,1139,-1938
-1508,-13224,9524,-3038,2649,-4098
-1956,-13096,9768,-3473,3164,-4280
-2852,-12484,9796,-3311,2722,-4249
-2552,-12656,9928,-3408,3141,-3456
-2528,-12492,9892,-2182,2576,-3078
-1904,-13336,9116,-1960,2667,-2146
-2796,-12424,8428,-2251,3461,-1904
-1836,-14240,9280,-1955,2905,-2081
-1592,-14412,9056,-2361,2422,-2430
-2268,-13376,8280,-2303,3005,-2914
-2568,-14332,8624,-2494,2315,-2223
-3420,-13396,8348,-2865,1231,-1100
-2428,-13712,7936,-1933,2771,-1433
-2832,-14304,8156,-1524,1815,-1883
-2484,-13468,7456,-1667,3062,-974
-3216,-14680,8504,-1891,2344,-1478
-2980,-14752,7916,-2179,2654,-2179
-2360,-14308,7624,-1995,3398,-2639
-2752,-13692,7652,-1204,4310,-2821
-1872,-14436,7396,-695,2083,-3080
-3384,-13428,6524,-168,1852,-1345
-3680,-14504,6928,-563,306,165
-3032,-14380,7348,-318,643,-132
-2360,-14540,7100,-145,189,-675
-1888,-14608,7092,-152,-42,-777
-1800,-14560,6816,-142,351,-525
-1748,-14476,7020,-237,25,94
-2368,-14712,7172,-253,194,-102
-2076,-14604,7356,-263,188,-391
-2112,-14640,7256,-345,-3,-623
-2108,-14648,6960,-310,-90,-979
-1912,-14464,7224,-195,186,-983
-1400,-14412,6948,-381,-170,-891
-1552,-14596,7060,-447,-23,-512
-1668,-14660,7332,-439,135,-97
-1812,-14580,7156,-413,21,-161
-1668,-14584,7060,-240,-43,-245
-1880,-14508,7080,-309,220,-468
