208,-11552,11672,-306,-169,-819
320,-11568,11628,-223,27,-483
164,-11496,11528,-493,-55,-431
544,-11644,11336,-762,-1,-335
504,-11524,11348,-1084,-191,-25
244,-11736,11340,-929,-298,253
520,-11708,11280,-871,-228,306
408,-11672,11276,-984,-210,281
208,-11740,11060,-623,242,452
300,-11760,11276,-839,13,726
528,-11724,11152,-998,175,1389
-760,-10724,15512,-2167,2189,1751
-140,-12668,12004,-3717,883,-111
120,-11984,11032,-3863,398,-837
-188,-11512,10952,-3721,744,-243
240,-12708,10668,-3152,179,-856
1100,-12640,10540,-3015,2181,-1116
776,-13600,11148,-3387,2041,-1902
384,-12864,10636,-3271,2921,-2381
244,-13096,9768,-3046,1562,-2040
540,-12472,8700,-2573,2315,-1630
576,-12976,9336,-2716,2479,-1963
156,-14272,9836,-2463,2099,-2895
296,-13140,9068,-2164,1666,-2316
-424,-13428,10012,-2228,2352,-2364
-1320,-12856,9420,-1296,1957,-1503
244,-13168,8492,-1268,2434,-1496
-112,-13232,8464,-1433,2435,-2178
-1280,-13708,9780,-1917,2524,-2526
200,-13980,8624,-1708,2452,-2185
-1104,-15304,9716,-1658,1940,-2089
-1508,-15460,10136,-1224,1899,-971
16,-13688,8452,-1690,2139,-928
860,-14020,7992,-1641,2699,-1780
-352,-13796,7468,-1983,2377,-1657
300,-13772,8524,-1916,1257,-1329
-24,-14900,9100,-1597,1183,-1421
-852,-14272,8404,-1795,1335,-1205
-88,-14916,8044,-1726,858,-1718
-148,-14796,7788,-1556,1435,-1022
-908,-14464,8232,-1365,1440,-458
324,-14572,7800,-1300,1021,-1658
-1184,-14212,7820,-1244,1512,-1203
-184,-14580,7376,-820,-665,439
-248,-14556,7600,-539,-36,-644
12,-14612,7720,-406,227,-1097
152,-14416,7372,-357,303,-1509
368,-14528,7412,-203,172,-1362
