-2360,-14952,6156,-366,-154,-12
-2068,-15000,6416,-69,-99,163
-2108,-14596,6588,-86,-607,405
-2292,-14524,6452,260,-225,621
-1864,-14540,6636,11,-1162,160
-2204,-14780,7216,332,-338,399
-2072,-14388,5728,459,-794,419
-1200,-14716,6008,81,31,666
-2012,-14796,6772,267,-609,396
-2360,-15136,6796,-105,-596,341
-2392,-15204,7304,-9,-458,357
-2744,-15212,7836,682,-491,684
-2196,-14220,6496,352,-617,467
-2344,-14152,6552,-255,-1256,735
-1960,-14076,6104,-687,115,1252
-2108,-14344,5724,-2591,195,1006
-1604,-14580,6624,-3746,1367,491
-1756,-15060,6324,-3495,1733,-180
-3132,-15740,7500,-370,855,794
-1584,-15104,5332,-2472,961,-336
-1840,-15568,5740,-4786,766,-743
-1652,-15744,5980,-4070,1374,-904
-2124,-15600,6360,-3164,1937,-1079
-2028,-18284,5196,-1143,1922,-977
-192,-23300,12872,-688,1505,-2392
-2748,-21244,8948,-1494,3772,-328
-356,-13484,6352,-2755,2114,-1452
-2024,-22716,9680,-1823,2312,-3370
-600,-15964,8220,-2753,1949,-4375
-864,-14752,-1576,-2527,3781,-1765
-1008,-15044,4400,-1909,2721,-2138
-2488,-17264,1840,-505,5127,-946
-2480,-17924,1712,-1271,2663,-1554
-9712,-14548,-5564,1685,7542,4811
-1388,-18820,5552,-981,3428,-2479
-2708,-16944,-2624,-3176,4715,-789
-4644,-19284,-744,-401,6558,1059
-1848,-16712,1740,-791,2533,-1818
-3752,-19424,6232,-305,3366,-1595
-5956,-13820,-1508,-1210,6031,309
-5928,-15784,-1672,-1631,3455,600
-276,-13532,524,-466,4149,-1606
-1104,-24096,7672,884,3253,-2631
-2084,-17440,8700,-4,-43,-3156
-3868,-14504,4696,-483,1084,-1681
-2212,-16072,5208,-247,-2412,-1306
116,-15280,172,-758,1234,-550
-3740,-16152,4256,-293,735,-99
-2452,-16108,2808,-246,475,-904
-2016,-16140,3144,-435,44,-852
-1964,-16016,2852,-494,109,-653
-2008,-16032,2832,-355,120,-192
