-1460,-14984,6736,-648,-909,-142
-852,-15200,6976,-608,-792,14
-960,-14584,6572,-458,-361,-184
-1200,-14956,7064,-544,-453,-34
-1344,-14996,7308,-583,-396,-222
-1468,-14744,6836,-497,-540,-199
-1752,-14832,6980,-460,-793,-240
-1536,-14792,6516,-71,-1094,-133
-1740,-14668,6532,-109,-940,-33
-2088,-15036,6772,-9,-604,-24
-1184,-14912,6240,-57,-13,179
-1760,-14976,6884,9,-886,649
-1144,-14856,6656,615,-592,743
-1208,-14784,7200,986,-38,667
-1528,-14436,6712,798,-871,407
-1180,-14632,6848,809,-2330,196
-1092,-14432,7032,1167,-990,458
-1880,-14804,7724,1515,-865,780
-2548,-14200,7700,1985,-2213,1290
-812,-13904,6648,1582,-981,1870
-2056,-14092,9212,1144,-1868,455
-564,-13192,6496,1284,-545,1100
-1684,-13812,7944,1188,-103,1354
-1760,-14020,7984,1395,-206,1160
-2744,-14620,8912,3130,-787,353
-3052,-13964,8876,2711,246,874
-2148,-13884,9432,2066,327,1304
-1532,-13264,8204,2401,236,1762
-1756,-13036,8620,2483,446,1734
-2316,-13396,9392,1468,706,1051
-3136,-13316,10412,3324,-34,1288
-2744,-12900,9528,3341,-1006,1416
-2280,-12628,9104,739,350,1881
-980,-12484,8884,-849,2155,1380
-2748,-13328,9812,-1885,749,743
-2868,-15224,10136,-2168,1733,713
-2968,-13768,9968,-561,336,454
-2692,-12800,9344,-1840,2101,122
-1932,-13472,9568,-2853,1019,-841
-2188,-13296,9292,-2959,669,-2151
-2372,-13672,9512,-2824,1137,-2571
-2528,-13588,8560,-2181,616,-2647
-2692,-14312,9404,-983,1111,-2135
-1912,-13684,8152,-479,2733,-2648
-2060,-14128,9140,-1365,2422,-3383
-1644,-14656,7936,-1164,4868,-2774
-2976,-14632,9860,-1286,3024,-3731
-2372,-14016,7732,-1312,3991,-3668
-2820,-14328,8304,-2146,3763,-3948
-2920,-13904,7756,-1592,3556,-3017
-2576,-14220,7804,-949,3637,-2583
-3120,-14860,8476,-444,2717,-2805
-3072,-13152,7460,-681,1908,-1689
-2432,-13832,7284,-578,2133,-1577
-2300,-14632,8016,-951,1601,-1786
-2428,-14232,7740,-793,1019,-1980
-2756,-13024,7796,-604,1111,-1466
-2656,-14716,7740,-797,1587,-1338
-2272,-13936,6736,-877,1243,-1311
-2160,-13368,7672,-403,1168,-1628
-2736,-13752,6744,-266,1875,-1383
-2640,-14364,7452,-226,1026,-1358
-2968,-13712,7024,-331,648,-259
-2508,-14476,7508,-304,-147,-35
-1964,-14340,7780,-295,174,13
-2344,-14252,7652,-454,-3,-240
-2168,-14428,7352,-472,-81,-397
-2352,-14256,7532,-518,-175,-852
-2052,-14336,7552,-450,61,-1079
