-1760,-11880,10480,-299,-147,67
-2264,-11704,10768,-368,-180,241
-1916,-12000,10680,-388,-90,672
-1960,-11584,10408,-354,65,613
-2680,-11912,11772,-569,1745,709
-2448,-12140,10472,-890,724,462
-2400,-12476,11292,-1053,840,743
-2316,-12144,10740,-709,552,369
-2264,-11912,10696,-919,-69,663
-2336,-12144,11184,-821,147,417
-2184,-11828,10972,-897,-379,1014
-2324,-11500,10260,-1686,-112,1234
-1644,-11720,9096,-2548,4,1465
-2368,-12492,10316,-4165,-157,1522
-3300,-13248,11168,-4178,294,833
-2636,-12648,9676,-4121,713,263
-4144,-13932,11832,-2686,2352,-46
-2636,-13084,10136,-935,-853,729
-1976,-13236,9004,-2300,136,172
-1676,-13340,9188,-2769,546,-697
-1828,-13104,9020,-2809,796,-1591
-1564,-13120,8252,-1998,1453,-3102
-3024,-13572,8824,-2786,1445,-3653
-2488,-13684,8748,-2737,901,-2842
-2332,-14964,9248,-3816,278,-2451
-548,-12884,7284,-4095,1701,-1353
-2264,-14700,8700,-1668,2641,-2587
-2644,-13740,8012,-1454,3351,-2044
-1184,-13992,7320,-1978,2376,-2321
-2076,-13928,8264,-1730,2527,-2624
-2968,-14524,7512,-1971,2641,-2208
-2412,-14988,7468,-2276,3253,-2090
-2008,-13944,7324,-2719,3070,-2202
-2728,-15036,7428,-1519,2507,-1916
-2344,-14468,6624,-1801,1923,-1384
-2064,-13980,6948,-1380,2886,-1552
-2780,-14616,6548,-976,2251,-1209
-2464,-14952,7000,-798,2841,-1009
-2272,-14416,6724,-1168,2059,-1233
-1484,-15196,6800,-446,1208,-1710
-1912,-14560,6676,-843,1340,-1309
-2164,-14388,6704,-1527,1525,-719
-1812,-14908,6040,-1026,1751,-945
-2300,-14612,6620,-730,1379,-707
-2448,-13940,6132,-800,1693,-652
-2736,-14440,6280,-274,923,-653
-2952,-14796,5632,-229,-272,38
-1984,-14948,6676,-112,320,-941
-2108,-15036,6240,-208,236,-979
-1480,-14928,6472,352,284,-921
-1660,-14944,6520,-95,-73,-510
-1732,-14880,6400,-258,53,-111
-2036,-15004,6636,-292,-78,-295
