-1176,-13032,9624,-668,147,-239
-1176,-13088,9584,-599,130,-177
-1232,-12964,9676,-467,186,-164
-1232,-13068,9632,-474,237,-105
-1164,-13116,9524,-539,47,-99
-1144,-12912,9716,-579,1,-74
-1256,-13060,9620,-483,66,-201
-1292,-13096,9700,-450,149,-479
-1132,-13008,9832,-716,247,-274
-1124,-13060,9596,-806,44,-5
-1320,-13112,9508,-529,38,-193
-1228,-13120,9692,-357,14,-351
-1112,-13112,9552,-463,127,-211
-1168,-13092,9576,-589,76,-189
-1212,-13092,9440,-433,-6,-129
-1176,-13036,9552,-286,114,-212
-1188,-13064,9720,-185,68,-246
-1248,-13060,9528,-294,57,-211
-1136,-13140,9620,-324,96,-194
-1188,-13112,9564,-54,162,-410
-1088,-13116,9464,540,244,-500
-1128,-13136,9376,1640,430,-485
-1192,-13152,9440,3590,607,-981
-1580,-12620,10512,5347,331,-798
-1312,-12600,10328,6798,1455,-758
-564,-11996,9412,4232,3657,-1132
-656,-13204,10176,-871,965,-899
-1808,-9372,10392,-879,636,-1216
-1856,-11720,12104,794,450,-1521
-1332,-11328,8856,-965,403,-1725
-348,-16564,10876,1622,1617,-1488
-1360,-11876,9872,798,1596,-1804
-452,-12180,9460,1629,1851,-1697
-952,-13396,12248,-25,1266,-1686
-992,-11696,12628,-1568,1443,-1317
-2160,-9200,11756,-2281,1025,-1927
-496,-9568,8184,-985,1095,-772
-808,-10040,9212,853,2001,-510
-1932,-11988,11916,-792,158,-1307
-2204,-8584,10028,-2419,-262,-1367
-844,-14036,13836,-2501,156,-1614
-1884,-11488,10776,-2023,684,-978
-564,-10640,9900,-1921,1630,-1217
-408,-15284,12176,-617,1777,-625
-2088,-9172,10644,-2913,834,-711
-1904,-10068,11548,-1454,105,-1102
-1028,-10636,12628,1308,-145,-645
-452,-11488,11264,611,204,402
-1240,-11964,11040,-788,402,678
-1364,-12152,10884,-1796,207,95
-1312,-12216,10748,-2286,67,-94
-1168,-12284,10568,-2215,-19,-188
-1264,-12496,10408,-1558,-69,-533
-1320,-12424,10448,-1378,77,-506
-1088,-12432,10400,-1498,-107,-214
-1084,-12648,10024,-1447,-117,61
-1180,-12696,10080,-1153,90,57
