612,13208,9248,-380,-31,-210
664,13544,9228,-340,-40,-59
816,13576,9288,-401,169,-324
624,13704,8836,-391,78,-328
728,13124,9096,-315,-187,87
180,13712,10764,-2042,-1585,-172
-2844,11104,5440,-15405,-13258,-430
2372,13068,4664,-24986,-21327,-9672
-1848,10064,10692,-22684,-14108,-9065
1084,5176,10752,-6030,-6796,-13209
-1260,7900,14404,-4259,-3990,-15514
4040,9064,11924,-529,-8445,-12415
1840,9484,12496,3220,-6826,-12609
-2140,7048,11648,7252,-2059,-11399
4060,10868,8736,9575,-1677,-12432
2084,12728,9408,10956,4729,-8678
2064,12540,8816,11028,-1398,-8365
2836,13544,6096,10510,1879,-6961
8788,19812,8364,4187,2230,-357
3820,19424,6664,4736,12592,100
104,15236,5884,3481,2322,5169
4764,16580,3480,4441,6974,3311
860,16288,2328,244,9797,2808
1196,21592,2148,-101,11104,7562
-3648,17844,3000,97,14412,16888
-4208,16948,2112,-1546,12647,13940
-6380,13536,5504,-2174,13528,7035
-7640,15540,10508,-1940,15704,7688
-2748,16488,8400,-1675,8559,12408
-3712,11116,8168,-2541,5158,7108
-4600,11708,8528,-1674,9013,4949
-4596,12164,11316,-2403,5131,4471
-6400,16228,11652,-3112,2439,6118
-8328,9324,16732,-1485,-4272,-1100
4432,20164,5280,-333,-5895,-2274
-3664,17236,10580,-3673,-15030,-8410
8508,-2848,32164,10242,-1944,-5982
8944,21852,18200,3130,-5414,68
4948,12700,9268,-626,-7351,-747
5084,14672,7044,-1598,-1572,-3043
2400,20380,8912,-1222,-4068,-2467
2248,18064,6936,429,-3438,2187
3284,14360,5400,501,-283,593
1240,13864,3416,-1773,-5741,-934
-2220,11516,1748,-2024,5086,1370
-964,15664,8696,-2739,3983,1427
-5308,10768,8132,-1592,2513,823
-280,13756,10740,-2008,-1003,727
1372,12320,9088,-1080,-2072,777
312,12736,9212,-454,-63,-276
580,13404,9404,-526,-466,273
88,13012,9460,-763,-527,-132
-40,13312,9964,-917,-502,-810
-312,13056,9976,-357,-227,-298
216,13276,9460,-136,-696,292
772,13236,9500,-369,-614,115
1168,12940,9076,-671,-597,-230
580,12788,9448,-376,-460,-307
732,13184,9752,115,-209,-65
428,12804,9536,-300,41,-312
520,12972,9528,25,-186,-362
156,13392,9692,-202,-350,44
