2776,10356,12320,-1880,-1008,1
3032,9512,11752,-826,98,-117
2480,10044,12284,-1020,1076,426
2860,10424,12064,-2926,-1478,-40
3376,9680,12612,-1770,-1193,49
2476,7300,13016,-1592,-716,-1011
3504,9756,12888,-568,-2138,-2730
444,8396,13808,-910,-3233,-4131
1560,6244,11756,-830,-5488,-7048
5692,14244,13236,-2936,-3780,-6846
2380,9100,12812,-3478,-5623,-5242
3792,8356,11972,-2623,-6338,-6982
3968,9148,11480,-2701,-4248,-8028
3440,7464,10076,-5080,-1013,-10270
-1416,9004,12984,8615,5223,-15615
2088,10556,9256,8131,3724,-12629
-3296,14424,13392,-2383,6675,-8711
1048,15792,9612,6109,7263,-8195
-3820,17564,14200,6548,17221,-2336
-244,17904,9132,3633,7605,11039
388,17656,8732,2306,7391,19554
-52,13608,5888,-786,6366,13529
-1856,15748,11052,4069,12069,14237
8,18544,7284,7114,7707,18053
-1224,14360,6048,5477,15299,13393
-3576,12188,7808,4706,14556,10700
536,14144,6736,2856,13566,9987
-4540,10152,9752,-420,6869,7365
640,12004,7864,-1139,6439,3467
-1644,14160,10580,-1772,3011,3147
-1632,12532,9876,-4339,547,1538
-1768,11344,9420,-5993,676,-612
-1352,9488,11128,-4453,-4660,-2345
-4576,6188,11632,-6856,-2331,-10705
2432,10768,12780,-3129,-3383,-7977
5572,15384,14108,-1052,-6331,-5791
4504,12044,11844,1329,-3182,-4747
3496,10636,10404,1216,-879,-4500
2644,13972,9660,1425,227,-3683
2432,14276,9240,1415,-2139,-844
1244,15664,7384,1195,3309,3351
2652,15824,3744,3350,4934,5159
-492,17296,7584,3706,6686,10349
-1184,15696,7572,2715,5229,12731
-4640,12552,8264,-1796,2778,10195
-2140,12668,10212,-4040,-996,9914
3588,12864,10920,-13108,-8873,-2326
748,12504,10360,-17125,-8302,-2241
2964,8316,9168,-14254,-10619,-4799
4792,7484,10052,-6110,-5402,-6952
6232,10076,11188,-5684,-8305,-10089
