3272,-6740,15664,-539,-1033,-853
4164,-5752,14500,-1440,616,-1621
2632,-4096,14088,-2720,-5,-1351
3396,-2616,12012,-6756,1986,357
2320,-4056,14316,-10449,3568,1647
5936,-9160,14080,-8810,4203,-2140
1476,-8464,15088,-10508,8505,-5361
2904,-9368,12828,-14629,5667,-3639
3912,-10424,14492,-5982,1902,-8998
1168,-6912,9272,-7963,6098,-5092
740,-12972,15680,-5638,7200,-4182
-1876,-10668,11956,-5501,633,-7653
-2636,-7440,4544,-12209,4707,-1466
-5248,-13720,10144,-11716,5520,5110
-7932,-19508,15104,-693,-3196,490
-10308,-14756,4524,-5588,-13803,10799
-7976,-17284,1400,-6064,-12790,20700
2200,-22440,1200,-4976,-7780,10838
4536,-19224,1268,-8671,-6164,1694
1476,-16924,5672,-6751,9003,8822
9612,-14820,8516,-1451,11858,13730
7512,-14876,12424,1110,-3387,1544
3604,-12896,13160,-327,14563,-1678
4888,-11788,17292,324,24996,-2272
1932,-12568,14480,3298,17807,-18194
-6432,-5284,14872,5903,15435,-22394
-6436,-10284,15452,1520,11360,-11876
-9072,-7648,10756,-420,-8348,-7378
-11412,-15520,8472,-1910,-9791,-2660
-10308,-12968,8892,-3064,-11841,970
-4628,-16076,2944,783,-10815,1461
-4952,-17180,4192,2296,-13665,238
-1912,-17692,2772,2745,-11331,5954
5260,-18184,4076,3383,-8056,18870
8636,-19104,8152,-184,-14327,16278
9816,-19496,5164,-2313,-2486,10980
-516,-19264,12676,8342,6203,-4974
764,-16440,10296,11683,1349,-6275
-3100,-13608,10492,13419,1695,-6139
-3364,-11972,10884,14759,-3558,-7566
