4540,9180,12448,-1668,-613,-459
4432,8980,12832,-420,-845,-529
4376,7992,12112,376,-846,-709
3384,9088,13416,-478,-1566,-2006
3952,8016,13452,144,-1918,-2664
2696,9352,14312,-749,-1630,-4010
1888,7164,13992,-3157,-6947,-7305
3220,9796,13500,-52,-4927,-9311
3968,9008,13136,-3411,-7210,-10779
6376,8972,11648,-5344,-8646,-13756
3444,7236,11408,-947,-4950,-14754
4460,8696,10468,653,-4297,-11752
4236,8428,10352,2127,-1794,-10884
2224,10728,11768,3545,810,-9764
2716,11048,10632,1690,226,-9878
3872,12548,9740,3435,549,-8304
1776,15172,11568,10231,1517,-5191
7384,11264,4864,-836,-1947,-5283
3952,14560,10740,689,-323,-5848
3112,12504,6440,3771,8389,-4608
3840,16768,6828,4650,18951,-728
-1468,14924,8120,4753,13791,1689
-916,15828,8796,6632,8918,4246
1336,17160,5176,6514,13045,11173
-1540,16280,6716,5625,10597,13475
-2380,15720,8200,4577,9147,10860
-2516,13008,5688,5275,10672,14443
-784,12868,5428,3876,11705,12624
-2440,14456,9632,3278,13476,8216
-2172,13768,9180,4897,9683,13122
6152,16800,2696,5117,12504,10358
1636,13352,6216,300,10313,6605
1316,16688,5888,307,10509,6242
-296,14652,7960,24,6635,4212
-1904,15412,9124,218,5598,2857
-760,13952,7544,-383,2428,3776
540,12484,7452,-1299,4309,276
-1748,15160,9048,-2266,2640,535
-3284,14016,9464,-3949,-659,854
3356,14040,7856,-2384,-5,-8062
1116,14156,7096,-2606,-1486,-7749
4088,19752,12268,-1896,-7243,-9163
3808,13784,10584,-1442,-4427,-3718
4384,14712,9028,1359,-1702,-5182
2684,15180,8832,1910,-3463,-2614
1608,13840,8080,1310,-4146,-1991
1484,13620,7048,-335,-4225,-2648
1916,14568,7216,-1934,-5236,-1053
2176,14684,5220,-1913,-2192,-823
1800,16040,5824,-1101,-966,-1501
528,15076,4940,486,444,-506
-696,14388,4864,401,1848,378
260,15988,5676,-478,3492,1730
-264,15212,6292,-974,2001,3085
76,14224,7868,-177,4694,5449
884,13984,7580,67,3066,6002
-592,15024,8256,70,3869,4696
256,15524,7676,353,4372,7766
-1428,13392,8440,-1296,3256,6958
-716,15036,7428,-5776,1978,5656
-152,20404,11484,-20510,-4699,9479
1440,10412,7956,-16031,-4243,-5608
496,14172,12772,-13889,-7305,-5059
3384,11324,9676,-13219,-7474,-1162
3024,7604,9984,-5995,-3826,-2094
4584,9868,11580,-4650,-4468,-5789
