4032,-5976,13884,-630,-387,137
3960,-6308,14424,-1352,-124,470
4240,-6544,14628,-748,271,605
5100,-5524,13740,-1704,1642,-283
4932,-3484,13332,-6457,6392,-3074
5420,-3316,12744,-8113,8140,-2717
3252,-2572,11080,-13558,9714,-168
4504,-8292,7644,-26801,13021,5608
-1168,-16944,18100,-16240,13899,-5894
5196,-17472,15548,-782,8393,-20442
-6164,-9144,9864,-16,6854,-8780
-1260,-10740,5644,-11593,7355,1106
-6340,-13056,6176,-18868,-1645,3419
-9904,-15568,8204,334,-9581,-662
-5528,-17724,6612,-1827,-19937,16757
-8156,-17852,4576,-1493,-15364,28367
6096,-19920,2632,-3286,-5307,20488
11724,-12676,1964,-6184,-3804,6769
9032,-15136,-84,-5642,4693,8207
5364,-15168,5512,-3638,6224,9715
9792,-14560,9492,-2420,-891,5802
11172,-13620,9032,2734,16654,-5787
4340,-12232,15872,3968,26594,-8781
4092,-12492,14356,4421,17954,-19878
-5504,-8008,16848,8828,11643,-22297
-5644,-9804,15780,4658,7383,-3063
-11700,-9600,13236,1698,-7508,-5227
-12028,-8320,10636,-2574,-13026,-3269
-10048,-14588,6992,-3399,-9618,-2249
-8564,-14836,7908,-3238,-16614,3908
-5752,-15824,7352,220,-13161,13613
14412,-6932,-1080,3159,-27651,32767
10740,-19636,2732,-1350,-13638,19717
3504,-19876,7904,-3948,-9657,10721
4008,-19864,13064,13373,-8139,-2326
-324,-12064,7488,13818,-7818,-8209
-1220,-10920,9708,10715,-5360,-6967
988,-10704,9308,15264,-2391,-10180
-1340,-8016,11276,7886,-5052,-6738
3960,-10716,14804,10670,-5007,-5414
748,-6424,13624,5862,-96,-4397
