1920,-5316,15124,-1701,126,37
2084,-6752,15824,-164,190,-1335
1132,-5380,14772,-896,635,-1017
3328,-5380,14460,-1817,1472,-799
1920,-4632,14444,-2541,2513,-1750
3084,-4584,13304,-5144,3991,-2482
4120,-4472,13020,-6344,5933,-4783
1904,-3112,9104,-14752,12230,-2333
1744,-9384,17800,-16767,6972,3183
-1776,-9840,15380,-10827,11052,-2333
-1692,-10568,11748,-15455,6625,-3856
-4012,-10808,13208,-5924,4050,-4945
-4372,-9228,9484,-10238,-1878,-2332
-5236,-12732,11152,-7209,-2959,579
-11576,-12608,9096,-4112,-6289,2134
-5616,-15380,9084,-7107,-7065,9933
-4120,-18140,7380,-9419,-13147,11869
-4188,-16380,6096,-8736,-14909,9835
-4676,-16904,4796,-10717,-10394,13228
-1132,-21732,6300,-547,-3292,17304
5752,-17444,8944,725,-2814,2027
-1220,-15960,11624,-1777,8093,-1938
2664,-13616,11512,2779,17365,1492
1084,-13600,13232,4180,11643,-2346
-532,-11108,13236,3532,15848,-3579
-768,-11312,16424,7742,7826,-12589
-6132,-8500,13764,6052,7830,-14491
-8200,-10908,12948,1040,5003,-9300
-5512,-9140,12140,906,-2353,-11741
-6748,-10856,11968,-530,-4301,-3654
-5112,-12592,8476,185,-8733,-1492
-8700,-15072,6040,271,-13478,-1026
-11188,-13408,7248,-1013,-12339,9331
-4588,-16584,7448,-257,-16270,8568
1704,-17220,4852,-1107,-8188,8195
612,-15964,11636,-3227,-11665,17202
4784,-18740,9016,-3580,-4666,8425
4472,-17720,10628,14035,-8399,-6131
4848,-13024,5752,15166,-2915,-8344
