3984,9376,12548,-473,-285,64
4524,9204,12652,-716,-722,-233
4476,8852,12856,-743,-592,-112
2688,9648,14332,-1679,-2503,-121
3444,8164,14480,-1729,-4004,-1551
1704,8608,15888,-5244,-6592,-4182
4080,5932,13300,-12016,-13004,-7470
2956,5308,13528,-6594,-10434,-12576
6692,8988,11932,-4377,-7785,-15504
4576,7480,12512,-2111,-5691,-14094
4808,8472,11680,2225,-5778,-13356
3472,11464,14136,4728,-2905,-12622
5380,9220,9408,3527,-130,-10917
6572,12044,10376,4028,100,-10044
3772,14184,11532,5303,1333,-8344
2572,10932,10380,4186,246,-6916
2052,12700,9888,3085,444,-7744
6072,11320,6016,1309,3922,-5725
3188,11644,6872,7034,11887,-6013
-3088,15016,8508,8378,18609,-853
1020,16616,8152,5950,11733,4881
1860,15944,6680,5804,17059,5464
-6228,16188,8536,5539,12276,13104
828,14060,5456,2943,12914,11052
112,16428,7344,4168,12144,8322
-1944,15128,7600,4330,7742,14205
-1532,13328,8212,1939,14996,10002
-784,15728,8628,1455,12239,8836
-584,15576,6936,1098,10195,12848
320,14228,8280,-442,9915,7736
-756,13980,9820,1097,7864,8015
-1468,12872,8924,750,2662,8473
124,11708,7996,99,6617,2424
-372,14572,9012,666,4490,2272
-1944,15000,9736,-580,3559,4160
-160,13808,8692,-1629,1990,3235
492,13312,8796,-1860,1440,1156
96,13720,8968,-2527,-295,71
-2112,13876,8112,-7441,-3599,-6147
2596,12828,8184,-8181,-5613,-3794
3036,14716,15180,-2961,-4885,-7409
804,8444,10340,-1206,-2705,-7068
2444,12940,11144,-1690,-3629,-5236
1852,12472,11436,891,-1678,-4381
2152,12632,9524,1486,-2836,-1060
3584,12888,8284,1953,-2404,-1513
2064,13652,8316,1452,-1939,-3113
2620,13284,7728,300,-2160,-2459
3140,13680,7752,-846,-1776,-621
2612,15540,6784,-1215,584,530
2084,15340,7132,73,1554,1766
1140,15272,6692,1122,4428,4566
-1124,15260,7440,2773,7640,8509
1044,15704,6992,2630,5880,10566
-1476,14488,8284,2471,4658,8834
-868,16600,10160,-1782,2168,9653
616,10476,-3012,-11506,-4626,12948
948,4308,6856,-23837,-1847,-2972
4796,16136,11224,-21806,-15162,-3699
