-5504,-13276,8148,-793,-251,-30
-5392,-13136,8072,-731,45,87
-5576,-13100,7792,-675,16,-180
-5520,-13028,7748,-419,453,-273
-5596,-13128,7776,-109,465,-756
-5384,-13176,7544,-109,423,-1149
-5584,-13176,7736,-116,500,-1308
-5168,-13124,7716,162,448,-1360
-5024,-13352,7856,427,392,-1188
-8440,-16640,12328,42,-6735,7303
-7536,-12172,5036,-850,2679,2987
-5872,-13404,6324,-2373,3788,2370
-6112,-13596,6248,-3702,4969,2955
-6024,-13736,6188,-4664,4541,2489
-5264,-14348,6076,-5941,3346,1548
-5396,-14296,5752,-8357,2198,1553
-5176,-14968,5824,-9717,2665,1973
-5772,-14744,6024,-9093,2608,1305
-5888,-14356,5132,-8152,1688,-349
-6216,-14512,4828,-7738,2058,-618
-6604,-13180,4392,-7047,2596,-573
-6424,-15024,5200,-3615,1841,-1836
-6940,-14516,4872,-203,-384,-3111
-6884,-13928,5696,2568,-1362,-2782
-8600,-13800,7468,5678,-6980,-4289
-8884,-12964,5136,7936,-10572,-6250
-8964,-12108,4852,6831,-9345,-3919
-8532,-12916,4884,6030,-4973,-1896
-8288,-13896,3076,4678,-3700,-1471
-8936,-13236,4148,3119,778,1961
-6612,-14484,3120,784,2659,2676
-5360,-15088,3672,-1421,4862,2798
-3248,-14772,4572,-3131,7071,3030
-2464,-15424,7004,-2468,5856,2700
3108,-19484,7564,-1293,458,-4595
-4508,-14708,5964,675,-550,157
