3808,-5884,13992,1346,952,-1201
4076,-5152,12664,-1013,775,-890
4660,-6828,14464,-1304,107,-589
3016,-5880,16020,-530,1019,-869
3908,-5592,13280,-844,-165,-143
3220,-5796,14432,-1545,1150,-1360
3300,-5516,14128,-1813,2004,-1922
3080,-4896,12388,-3858,2598,-1944
2808,-1792,9432,-9630,4760,549
3664,-2972,10112,-12413,5082,2477
2536,-5136,10244,-17897,5427,3590
1972,-9152,11152,-17281,2816,-1548
560,-14100,14940,-8796,11911,-6401
-1548,-12744,14456,-10135,8157,-3817
-2728,-12716,13976,-6017,3157,-2722
-3992,-11688,9376,-9927,410,821
-5436,-9912,-13704,7242,-18171,-535
-7748,-14824,8412,-566,-5354,2101
-1416,-17552,8960,-3487,-7739,11395
1108,-17092,5788,-3662,-10177,18956
-2028,-15068,7360,-4387,-11790,15313
2060,-13548,8744,-469,-7844,10012
3728,-16128,7788,-1134,2162,7923
3892,-14760,7708,-3210,12680,6539
2392,-13364,10856,-5082,5471,81
-232,-10316,13704,-3227,6408,-2094
8972,-11184,9752,517,16249,-4721
-256,-11336,15064,-2785,9791,-15037
3956,-10856,13712,-5211,10264,-12982
124,-8728,13080,318,7848,-18513
-3620,-9776,13048,1966,-1406,-8296
-1820,-11132,10808,145,-1953,-3229
-8768,-11068,11340,6390,3078,-5699
-9960,-16160,9264,5226,-8505,5213
-10172,-14596,7736,-2327,-8960,4046
-4976,-14788,6908,1461,-12029,7936
-4904,-15032,5668,4521,-11619,12660
60,-18144,6776,4355,-13220,14691
1528,-18624,11320,52,-7751,11711
1100,-17136,8500,-2913,-7343,20504
8212,-18860,8696,-1669,-2125,20609
6004,-19384,13352,14263,-5346,-8560
1048,-18104,15932,22373,-7225,-17046
-1496,-11764,9480,32267,-2344,-22141
