2024,12000,10016,-432,-175,-248
2064,12416,10048,-272,211,-133
1660,12804,10076,-387,156,-110
1876,12324,10396,-439,15,-269
1780,12352,9860,-323,277,-181
1316,12544,10476,-432,-32,-97
1852,12276,10280,-592,-49,-314
1920,13952,12884,-4798,398,-417
2380,11628,9816,-3457,-364,-585
-5776,15568,16496,-5631,-3738,-5498
-3284,9228,11580,-19645,-8761,-4874
2052,8548,11332,-6444,-9486,-8129
124,9208,14548,-9441,-8172,-8198
-1636,4996,12764,-3785,-10279,-12734
1672,8156,13892,1352,-5060,-16298
2556,9456,10780,7653,-3813,-11379
1208,8016,9404,11308,-4908,-10932
1060,12620,11132,7574,-2245,-14207
384,12556,10864,5969,-1213,-9825
3332,9748,6280,10053,2883,-9763
2152,12360,5060,12030,2598,-7952
3676,17300,8488,2214,5123,-3029
3392,12808,5720,5198,735,-2828
6296,18996,4796,4302,12604,6277
-84,14544,6812,1869,2089,5455
628,15952,-1436,-956,-2739,1433
-3136,12528,-1288,-3368,13925,3195
-8604,15064,8216,-1685,20886,3826
-5108,17412,8476,-839,15145,11422
-7464,14736,8216,-41,16626,16504
-504,15300,6044,-716,13867,16409
-3312,14348,8148,-1043,13758,14406
-4856,11560,9564,-2048,10633,10624
-2876,10340,10064,-1681,7033,5589
-4076,14376,12252,-1109,4779,5409
-2512,12044,11996,-4658,-1377,2148
-2188,7784,9192,-4511,-6632,-6833
-5492,3340,15312,3332,-8636,-8214
4856,7696,11656,3157,-234,-6024
4552,11196,9364,-591,-2947,-4553
5528,11712,9664,-3370,-7941,-690
8344,15920,8388,1487,-5160,-2265
3500,13176,9452,-612,-641,-4319
1836,18288,9076,-1214,-13,-2564
332,16016,8372,-1328,-665,1957
-3300,14376,10020,-1925,864,567
-4252,14540,9492,-1710,2633,1397
-2312,14872,9528,-1084,3044,1741
-6596,11508,9216,-857,2577,-1942
856,12372,10668,-1411,-1827,1811
1396,12384,9208,-613,-228,-153
332,12636,9576,-181,-142,-189
872,12512,9300,273,-59,56
