-1796,-10424,12288,127,-1559,183
-816,-10524,12888,-233,688,-378
-1556,-9820,13076,-167,-174,-619
-720,-9604,11500,234,-590,10
-176,-10288,13028,79,-1038,-269
-1072,-10140,12716,906,-2902,-53
-1048,-9864,11408,1218,-1616,439
-476,-10136,12372,127,-3805,710
-1004,-9608,13084,412,-3947,855
-384,-9432,12768,1639,-414,-78
136,-9404,11580,33,-3173,725
-476,-9612,12224,2263,-4204,-184
1104,-9492,13868,2502,-5053,-2074
320,-8936,12804,1742,-3856,-2031
172,-9172,11796,1222,-1616,-1498
3288,-10744,7688,6406,-7820,1890
1836,-11864,12900,-624,-4181,-64
-3144,-10276,7236,-1614,1387,556
-2092,-12896,10812,-4475,7194,4828
-788,-11884,9188,-7923,7525,9435
56,-12012,10628,-8806,6570,6267
-560,-12796,11696,-9548,4749,4291
-372,-11056,11108,-10879,6831,4832
2088,-12228,12848,-11765,7233,8602
2012,-11456,14020,-14438,6436,4518
660,-9816,15308,-9941,5953,-4475
-3104,-10192,12260,-124,-4208,-8603
-4796,-10920,10536,2972,-8691,-5404
-5192,-11020,9444,3827,-9900,-1123
-7276,-11764,10972,6514,-11057,-236
-4236,-11048,6764,3047,-4387,1353
-4744,-11896,9624,3360,1024,7590
-288,-14460,7748,7430,901,3606
1064,-15572,7632,4218,-749,1171
588,-11920,11944,-614,3305,943
652,-12528,11460,-1531,4575,2015
1528,-12700,12228,-1124,3850,747
1896,-13088,11576,591,-236,-5339
20,-12664,14044,7622,-2826,-3671
-324,-11672,11392,5491,3962,-4299
-2620,-11108,10120,1553,516,-4988
-1660,-10164,9152,174,753,-4484
-2528,-9884,11044,-112,3385,-2892
-2048,-9680,11452,465,43,-1382
