-5396,-13188,7664,-496,14,-30
-5240,-13308,7448,-525,129,-86
-5284,-13352,7700,-529,319,-92
-5440,-13348,7676,-493,263,-158
-5256,-13148,7644,-500,461,-91
-5408,-13336,7604,-345,376,-99
-5716,-13284,7192,-281,704,-502
-5976,-13368,6736,88,1082,-1222
-6260,-13328,6340,797,1220,-2492
-18292,-10192,17872,-851,-1778,9675
-7824,-13752,2928,-4409,5925,7525
-6504,-14292,2480,-9010,5587,4439
-3424,-15768,4684,-14562,-3108,3076
-676,-18488,8064,-16404,-2954,1178
-2864,-17628,7736,-16554,1425,798
-2628,-16404,6308,-14621,2043,-3288
-3364,-15180,7372,-6567,3916,-7277
-5676,-14484,8132,3717,1281,-9396
-7728,-15464,6252,11915,-10028,-13138
-14976,-9736,3316,15252,-8027,-13057
-13380,-13332,1804,10800,-3757,-2438
-8264,-14768,916,9583,1691,11290
-3240,-16672,688,3862,5089,8454
824,-17568,3876,-4270,7066,2929
2496,-18088,9564,-5911,1078,705
4040,-16376,9928,-25,-1480,-1395
-3708,-13756,6036,-1088,-1012,5757
-5804,-14140,3288,-2218,-487,7132
