-3224,-11000,11352,-210,717,-717
-2884,-10660,11852,-761,7,-861
-2320,-10320,12172,-431,-116,-93
-3040,-10496,12116,139,-529,-355
-3592,-10268,11432,202,-397,-126
-3824,-10244,11432,-109,-6,-422
-3612,-10528,12608,-494,458,-478
-2784,-10184,12240,318,228,-292
-3088,-9840,12892,578,-1061,-231
-3220,-9836,12476,279,-1829,-346
-1876,-9316,12708,1140,-3150,-1015
-3112,-9736,13152,1772,-3479,-2183
-2828,-9204,12424,1008,-833,-1933
-1460,-9172,13136,1387,-1933,-1026
-2324,-9516,12936,2522,-1674,-1320
-1224,-8844,12516,2093,-1801,-1679
-2512,-9108,12500,1316,-3681,-525
-2188,-8900,12904,180,-1868,-594
-1304,-9112,11372,399,-1260,-780
-964,-9500,11004,-209,3108,-2498
-2916,-10380,11444,-3646,7745,-4412
-1816,-13216,11960,311,3792,-1801
-5772,-11176,8832,-7818,1177,287
-3420,-12988,11916,-14739,-1053,7234
-3512,-11744,8204,-17432,3292,12682
-1060,-13040,10228,-12977,5075,8540
-468,-13152,12812,-10065,-1143,3716
-5276,-13492,14904,-12786,10611,-3687
-1056,-11428,14476,-6783,-151,-2953
-3076,-10652,15928,-4425,-1041,-3739
-5208,-11892,15388,2759,-5396,-5704
-8736,-11932,8012,8233,-9967,-4091
-10088,-11016,8136,6133,-8037,-364
-6792,-11684,9336,7358,-5563,4814
-8980,-14184,7968,7213,-5099,3876
-6484,-12860,8300,5433,-152,632
-3492,-13640,8108,1673,263,1971
-3916,-13412,7540,-1116,3767,5298
-848,-15724,6840,-2129,8355,3475
-2432,-12620,13152,-3410,3826,3254
1672,-14824,12344,1465,1025,2521
