1068,-3448,16368,-360,-316,350
2272,-3028,15420,263,945,-579
2808,-2940,14440,-1696,2872,-2967
2544,-2744,14808,-2559,1214,-1807
1972,-2740,14320,-3523,2343,-2575
952,-2372,15028,-5446,2771,-2282
708,-2272,14120,-7968,988,-1185
2952,-4664,14612,-10970,2305,-3233
-104,-5556,15000,-1434,4982,-7072
692,-3788,11640,-8963,4098,-4274
568,-3552,11044,-17063,5033,-1399
2456,-4780,10360,-22136,7791,-923
188,-9260,14616,-22656,5760,-2311
2932,-14788,12388,-11755,3450,-13641
-3028,-12892,16012,-7681,-3685,-15670
-1584,-14660,15020,-6713,2172,-894
-844,-10868,11736,-3107,318,232
-3424,-8884,4060,-11398,-7330,3651
-17244,-7896,-1300,8630,-22809,3549
-5032,-18588,7576,-2297,-11919,6256
-4056,-16500,6032,-2597,-13044,17256
-5032,-19724,5452,-3633,-11135,15855
14668,-7416,4924,-4535,-13624,12815
15160,-13916,-1908,326,2142,15080
9356,-13672,6840,2724,-155,4127
6728,-13460,8864,1070,8396,1158
8512,-11388,10848,6,15260,-483
2128,-11272,17372,785,23228,-5458
3324,-9800,17296,-1022,8844,-9192
996,-7172,16156,2128,12393,-12455
-9104,-7056,19516,7412,-1425,-8728
-3440,-10420,13792,5910,-2894,-907
-8496,-11716,10560,-1194,-5774,1802
-14208,-9088,15044,-5457,-9172,2346
-14364,-11512,10016,-3947,-11822,-154
-8784,-13636,7376,1641,-18822,9557
-6748,-14452,4684,5428,-10995,22181
4608,-17996,8636,-645,-2309,25640
7452,-19108,8060,-4993,-6115,5770
3300,-16144,9356,-3450,-4454,949
-2016,-16388,13416,8341,374,-751
756,-15708,10124,12827,-1961,-6948
