456,13128,9376,-373,29,-174
748,12732,8940,-460,-162,-312
8,12448,9404,-315,253,-526
68,13048,9680,-409,-34,-148
248,13432,9228,-904,-93,-203
-164,14468,11180,-3315,-2250,-426
-2284,13820,10496,-12744,-10883,-924
-11948,13872,20064,-32722,-19383,-12020
-3348,7164,11336,-11554,-13149,-10101
-792,5300,12824,6559,-437,-11795
1372,8060,12696,-90,-4492,-14003
312,7712,11832,7739,-2851,-12077
1656,10652,12308,3789,-5479,-11529
1072,9124,10936,3766,-4371,-11742
1720,10492,10132,4022,-1846,-11689
7296,18756,11336,4951,340,-7216
3352,12664,7412,7391,9309,-1101
4820,13952,7632,8316,2685,28
8868,14280,3912,7423,8921,5345
1596,15328,10584,8423,9874,-971
2176,16204,6180,2974,3759,-3706
-3836,18088,6328,-384,12608,7118
-3936,17616,7180,890,9432,12395
-2348,15588,6304,3262,10355,16712
-8084,12380,8752,1743,17214,10172
-9020,14444,9220,-165,18953,9351
-9336,13488,11756,-944,12153,14016
-4404,11656,8932,-788,9902,11563
-2160,10948,7952,717,9140,7585
-2684,12036,8744,-559,7016,5292
-3544,12344,10212,-2859,6594,4113
-3608,12388,11688,-1444,3965,4534
-2688,12740,12272,-3974,-290,4900
-2672,11252,12512,-13569,-7343,3659
9024,22564,9016,-1347,-10757,-3663
5784,32767,19648,1391,-9620,-2955
6096,21204,9700,-5128,-6402,91
3828,18912,14064,34,-6209,-1949
3276,9448,5612,2460,-2982,-1985
2364,9200,2432,-149,-5200,-5263
44,4972,8768,-2095,-5572,-4852
1516,14832,11000,1378,-5134,-2695
-1176,17140,10528,511,-2277,-2594
3488,11616,8344,-2920,-7768,-443
-604,14364,5812,-2295,2942,858
1296,17552,9852,-1957,2983,114
-2344,12820,8068,-433,4302,4645
-512,14920,8156,-927,2929,4239
-112,14052,10104,602,6033,2069
-3640,12816,9960,-408,4409,2869
-1240,15124,11512,-1027,-677,-576
-140,13476,9192,-347,-1152,906
1072,12648,8868,-491,-706,818
636,13320,9828,-715,-159,-260
-664,13644,10004,-1140,-814,-338
396,13116,9108,-2121,-2520,344
1464,12892,9108,-1065,642,-970
