-2308,-11828,11200,-2026,-502,-754
-2260,-12164,10216,-1781,873,-1258
-1620,-12180,10296,-988,1126,-1703
-1416,-10848,10180,1341,-717,-3650
-2580,-13116,10936,1379,338,-4096
-2016,-12344,10408,2636,914,-2758
-3308,-10736,9028,2909,-1269,-3715
-3520,-10920,8688,-2029,-2003,-406
-1556,-16260,10384,1911,-1665,2214
-48,-13896,6364,1200,-6120,165
-2820,-14532,6744,-7872,-2948,7214
2048,-14320,9752,-7517,-8485,10091
140,-14760,9580,-7169,-4808,5976
3800,-12148,9140,-6514,-7581,5470
692,-13288,11084,-8157,-5726,4498
2016,-12544,11328,-6406,-5789,3207
256,-11540,11880,-5983,-5026,-101
1872,-12140,12636,-3872,-923,-9103
-1612,-9936,10500,-1683,2364,-13571
-5052,-11956,9024,-2450,2205,-8201
-6620,-15196,5372,6366,1980,-4686
-3160,-15592,6296,4377,-3928,-937
-2860,-14224,6248,234,-1319,7526
2000,-16784,5668,34,-2259,10192
6640,-14588,8004,-799,-1234,4531
4732,-12000,10352,598,-1570,-1881
2224,-12068,9492,-59,1296,-723
180,-13248,9460,135,1713,1936
-1240,-13640,9456,275,-254,1435
-316,-13920,9584,-428,359,-123
-692,-13740,9080,377,243,-939
324,-13532,9680,-111,-994,-792
-28,-13176,8656,-1132,-1338,-921
