2948,10480,11480,-617,-141,31
2960,10028,11916,-381,46,-269
2784,10492,12396,-647,-144,-273
2020,9880,12424,-483,-558,-274
2680,10540,12836,-1056,-1779,-585
2116,10472,12528,-1180,-1641,-1010
-4096,8084,15196,-3598,-5307,-4356
288,11216,13952,-7539,-12744,-8336
-1912,7568,13816,-8558,-11932,-11707
7920,9096,9364,-2907,-10689,-10529
2848,10024,13176,476,-6000,-9567
4440,8744,10360,-2147,-8510,-11373
7720,9020,8916,2197,-5081,-11622
3176,12628,12892,1493,-2133,-14799
3312,10380,10016,1576,-5192,-13322
2104,14512,11656,7522,-3052,-11925
5760,12400,7452,4645,843,-10140
4692,14784,8204,2803,2423,-5253
6224,14228,5536,6247,13139,-1611
-280,17668,8748,6785,21870,6858
-2616,15176,8632,5225,10580,6473
3656,14212,5228,6621,12388,8750
1340,15828,6464,6950,11460,11667
-884,14396,6284,3237,8059,10215
-516,14648,8344,3907,11389,7494
3276,15872,3068,2993,10717,10406
48,14688,6620,842,10353,7981
1500,16300,5268,-426,13770,5345
-1700,15920,8820,2100,8353,9166
-3936,10288,7708,1586,9122,12451
736,14768,6520,-591,9454,10011
-280,15732,10364,102,4809,8013
-220,14404,9316,1457,2348,8918
1168,13556,8528,1662,3538,5499
-1192,15228,9964,-1177,2088,4543
232,11496,8960,-4302,-664,3564
1752,12880,9040,-6240,-473,-1092
4392,13364,3476,-4919,-1073,-180
4920,13000,5748,-3029,-5082,-5819
1964,7148,3288,-3707,-5623,-9214
17480,11644,-2240,-5169,2507,856
4432,12928,8376,-1321,-1791,-8257
2448,11744,9188,292,-2216,-5174
2736,12708,7068,-324,-2761,-4277
1988,14528,7264,-116,-2456,-4718
1868,14924,8064,-612,-1873,-2382
2672,13872,7772,-1365,-1392,-1446
2616,13920,6824,-674,-391,-1118
2836,14820,6420,1043,2054,-21
4,15348,8328,-229,1494,1830
484,14648,9156,-315,2183,4226
1376,14928,8172,-749,359,5871
-316,15280,9528,-4284,-844,5538
-1604,12896,8228,-3266,-808,2172
-112,12148,8604,-8363,-5883,-3874
3360,12628,7556,-13124,-7738,-2724
3632,10856,9416,-4519,-1505,-732
2752,11120,11232,-3410,-1701,-1788
