-4948,-13724,7348,-853,73,-407
-4784,-13724,7284,-800,113,-640
-4880,-13652,7172,-858,242,-495
-4892,-13840,7168,-470,563,-414
-5088,-13752,6856,-454,388,-618
-5268,-13720,6684,-288,850,-1193
-4964,-13772,6520,-109,819,-2136
-4916,-13504,6712,68,1469,-1636
-8556,-14004,7356,-2113,4895,2186
-6152,-14364,5916,-2072,2941,3060
-5588,-14228,5356,-3526,3535,2825
-5544,-14724,4980,-5875,5098,3725
-5452,-15052,4776,-6577,3822,1886
-5120,-14596,4616,-7891,1578,1447
-5336,-14588,4200,-8979,2431,2007
-5572,-14768,4952,-7771,2650,1640
-6372,-14832,4672,-5143,2865,888
-6396,-15336,4396,-3641,1583,-474
-6848,-14612,3824,-3000,955,-2194
-6576,-14704,3972,-2559,1315,-1960
-6108,-15292,3696,-1656,1286,-2748
-5800,-15036,4048,-391,600,-4092
-6000,-14316,5140,1652,117,-3930
-5892,-14512,5620,4306,-3364,-4704
-7172,-14164,5848,5840,-7612,-5017
-8208,-13480,3208,5188,-7638,-4767
-8940,-13508,4620,3273,-5748,-476
-7628,-13708,4776,4132,-4895,1730
-5520,-14756,3008,4675,-2513,416
-6536,-15524,3848,1760,-1304,-794
-5724,-13992,2808,115,1531,994
-4656,-14752,2748,-1247,4081,1399
-5588,-14568,4880,-1732,4847,1971
-2988,-15132,4260,-2220,7299,2095
-2584,-15736,5848,-2534,1427,374
-2340,-15708,6768,-205,910,-838
-3836,-14920,5624,1345,-652,-1513
-4920,-14192,4984,79,871,1431
-5992,-14072,5056,-325,295,1993
