3884,-5276,15828,479,-112,-316
3400,-4176,15092,25,491,-266
3596,-4320,15532,-956,-3,-179
2836,-4352,15324,-1059,-531,521
2760,-4076,15668,-1595,-943,977
4008,-5660,16308,-54,-358,-523
4104,-4880,15548,730,392,-635
3380,-4388,15776,-54,265,-285
3856,-4844,15328,-323,-15,-210
4388,-4584,14832,517,-314,-205
3808,-4064,15204,-189,53,-672
4004,-4864,15676,-586,-252,-432
3084,-4508,15668,612,458,-580
3532,-4568,15168,287,-92,-494
3952,-4252,15392,-274,-451,-341
4020,-4240,14872,180,374,-498
4224,-3848,14672,-876,-149,-371
4552,-3892,14628,-912,-355,-612
7100,-1316,12500,-3487,4109,-4649
5984,1532,9444,-8076,9125,-5303
4432,404,9240,-18494,7675,-4220
7060,-2444,6144,-27137,8707,-5292
5764,-11200,12340,-18771,10792,-9176
-5940,-15944,23780,-11426,9688,-11695
-3744,-14872,16856,-12244,10700,-4661
-3316,-13700,15472,-15526,6799,-2927
-3288,-12888,11328,-8989,-1993,-1969
-2884,-9560,-6592,9288,-7104,4448
-2536,-15564,4728,-2980,1273,-5809
-6908,-17668,8912,-3723,-9682,10276
-4536,-17104,5148,-4734,-11821,16750
1196,-17600,2784,-5477,-9744,20185
6496,-16420,-2760,-4946,-6929,23667
7880,-15556,5720,-5143,9520,12931
6180,-14280,7376,-4906,1371,6568
2592,-12444,9352,-4863,6988,2999
7892,-15644,8228,-2327,19242,-3159
160,-15204,13176,-336,14620,-12445
-736,-11256,13372,-3576,14438,-9859
3176,-12828,12404,-227,5978,-16243
-7324,-7176,12100,4633,4848,-10134
-892,-11800,12300,4436,-214,-4231
-4972,-12836,8580,7052,-4531,-4450
-8468,-14988,11824,-92,-8906,94
-6456,-17656,5888,-3447,10296,479
-6452,-13124,8276,2977,1737,-514
-7316,-16700,8668,1729,-9532,632
8344,-7260,-1432,-747,-22037,17182
2396,-16916,2212,-915,-13112,15021
3044,-17004,6532,-1248,-11300,19704
9144,-18712,8600,-688,-8869,14000
5364,-18456,9524,8667,-9676,-9814
20,-17828,12640,17215,-4454,-8306
-828,-15928,15372,25947,-9910,-2283
