-3276,6940,14332,-2067,-10689,-8350
2112,9600,15324,-2421,-13485,-9479
6180,8808,11196,-733,-14304,-13386
4140,11104,11648,-5933,-11621,-12879
4988,11288,10776,1314,-8779,-10672
5132,10080,10352,2132,-4108,-8185
4572,10628,10420,-861,-3309,-9515
2496,8952,9464,1464,-153,-8485
1672,10340,9560,4038,739,-8145
4416,15012,9392,2562,416,-8460
1756,16280,11532,-1560,2107,-8599
2868,13912,9240,-340,-656,-3309
1144,13552,9616,576,-1213,-177
1772,13628,10204,-776,-1022,-1254
944,12656,10060,-1603,-1661,10
980,11740,10612,-1492,-1186,-561
1580,11068,10644,-1883,-548,-1326
2036,11508,11220,-184,953,-289
2096,11956,11396,-37,-394,-492
1640,11828,11288,-2033,-773,-1129
1964,11144,10176,-1283,-1522,-159
1900,12104,10596,-1092,-974,-755
1836,10984,11124,-672,-383,-1621
1800,10972,10208,-594,-371,-919
1988,11712,11620,-618,-1226,-2540
1252,11272,11084,-3952,139,-4389
3244,9804,7032,5019,2509,-2201
-696,19852,17464,1393,3413,-1952
2212,11432,8172,2246,7860,-4112
872,16176,11560,4953,13956,-1665
716,15184,8756,6190,13730,4536
3348,16096,4924,5428,19413,10350
-284,17464,5456,6441,17652,14645
-3088,14256,5372,3912,12981,13550
-256,19856,4940,2924,10112,14955
-4232,13952,7884,2370,6536,16660
724,13000,7536,660,15138,11062
-3508,11260,8708,778,9134,11463
796,14568,9732,-1408,8679,5082
-1928,11580,11484,-355,8547,6778
248,14792,11648,100,4985,3069
-3460,11712,11484,-1546,1736,2267
-4268,14284,12000,-4416,1710,3942
-192,13436,13764,-11278,-3656,234
-12864,-9688,-992,-5158,9201,-10630
7644,16264,11368,-5408,450,-6864
5956,14408,23060,1834,-6733,-6384
4232,13892,9460,506,-2806,-3443
3968,11836,10112,1381,-1425,-3130
3252,13268,8236,501,1698,-1904
1972,15252,7632,322,2262,-2327
932,15472,7436,1916,3147,-241
-220,14508,4716,3226,4477,3071
1292,17760,8500,2063,4272,6807
2560,14768,7768,393,3624,4073
1136,15320,8036,326,5272,6231
-1660,13744,8296,-10,3159,6851
-756,15924,9176,-982,601,8822
380,10488,8728,-3019,-1089,6086
912,14440,10636,-6630,-837,2066
2380,18400,11248,-8683,-4229,4821
1920,15196,7744,-18088,-8033,2990
1128,8936,10096,-17172,-10280,1070
7504,6328,7216,-7966,-8195,-243
6784,9832,11900,-4337,-3000,-2926
6792,7996,10496,-3555,-659,-4864
4032,9896,12436,-4227,-3704,-5605
