-2372,-9940,13524,97,-5,-318
-1496,-9148,12780,-285,843,-417
-1984,-9272,13236,-355,236,34
-1260,-9556,12756,-201,-33,-97
-1936,-9584,13876,-240,607,-251
-1456,-9180,13232,-342,273,-77
-1192,-8264,13328,-72,-548,-121
-1836,-8456,13568,327,-303,-244
-1624,-8668,13760,335,279,-551
-548,-8472,12368,991,-2811,-364
-1236,-8192,12776,2024,-2038,-1020
-1296,-7988,12844,3310,-1332,-1965
-1588,-6724,10716,5619,-2640,-3300
-1612,-7400,12708,1404,-1452,-4566
-2344,-12396,20184,-11364,1297,-990
-1304,-12332,14360,-2234,3422,-6945
-652,-12884,7728,-15908,1451,6549
-2396,-11664,10108,-21572,582,11916
5840,-9804,13120,-18550,3632,6944
8924,-9452,11680,-16268,17330,-2560
3708,-9752,16208,-9077,148,-5806
1640,-9812,16764,445,-3338,-11800
-8524,-9524,11368,11693,-10723,-10250
-12932,-11000,9352,12078,-4331,6943
-1284,-14056,6972,10687,1130,13940
4496,-19092,10664,3911,657,5612
3144,-14712,10752,-6509,5381,7215
3740,-10208,13460,-9400,9924,4442
3852,-12024,15372,4721,-3848,-1062
-1240,-10308,9848,7690,616,-7632
-4916,-9868,8532,2995,-931,-3562
