-3180,-10904,11652,259,160,-430
-3536,-10736,11176,2621,1321,-845
-3436,-10864,12000,906,136,-1230
-3116,-10660,12060,-400,-540,-609
-3328,-10500,12140,-786,161,-554
-3288,-10964,12264,-272,-820,-637
-2488,-9944,11820,-258,888,-1201
-2088,-10276,11804,301,-2287,-1541
-2576,-10436,12144,623,-196,-3086
-3096,-9960,10808,490,-1135,-2743
-2024,-9568,11256,114,-1946,-764
-1752,-10012,12392,1542,-1620,-2750
-1136,-12108,11912,2804,1599,-3715
-1556,-9520,11348,1329,-3618,-633
-1452,-9920,11312,2095,-2791,-1171
-1120,-10268,10636,1288,-627,-2508
-1996,-9884,9724,1310,6194,-2893
-4180,-13652,12104,14991,-8799,5556
-3304,-12184,10840,-1225,4374,1908
-2412,-13116,10528,-11296,482,7865
-4908,-13300,8888,-16335,5342,11742
-796,-13480,10056,-17913,3921,7057
-1316,-13180,11816,-15537,3667,4526
16,-12072,10644,-14696,3502,-78
-220,-10700,12772,-9058,8119,-2298
-10620,-14448,16896,-5767,-2848,-4812
5064,-15632,-940,-2677,2759,-5023
-2104,-11020,10928,5805,-10239,-3894
-6076,-10892,8192,10701,-8023,-3983
-12232,-11592,5948,6565,-6536,1677
-5564,-13452,7640,6696,-4853,8978
-6184,-14080,9656,6364,-1584,7030
-3668,-16268,8072,3878,-4827,7162
-1768,-14148,10020,-774,3337,4726
304,-13072,12816,-793,2259,807
-2740,-11560,11792,756,-1027,-1325
-4476,-13928,7032,-1339,3716,-3090
-4500,-16712,16292,6716,-3226,-337
-4096,-14524,13188,7654,4077,-869
-3088,-11508,9656,2149,1118,-3554
-3244,-11580,10208,898,-648,-5187
-2972,-11176,10112,20,-3142,-4770
