2472,10360,12296,-30,313,-199
3140,10360,11684,-506,-76,-262
2780,10764,12124,-865,-401,-186
2880,10580,12416,-1378,-476,-99
-556,9972,15404,-2426,-2061,586
-580,8092,13288,-5356,-8129,-102
1896,7432,12388,-6633,-12795,-3821
1972,8132,12464,-12922,-18182,-14692
6760,9368,10600,-9908,-15713,-17729
6732,7136,9564,-4090,-9811,-18847
4328,9572,11640,-220,-5067,-17536
4316,8800,10828,1002,-4782,-12774
3580,10384,11036,1826,647,-14033
3600,11084,10940,4401,866,-12417
2964,12012,9072,12576,5844,-6244
1196,11928,8536,12601,5115,-3248
7008,12908,2124,6946,5352,-2954
1824,14428,6948,4989,7522,-5304
-388,16252,8124,4728,15554,2260
-604,13956,9004,3884,8183,3034
440,15728,6076,5401,8325,4507
-4240,15052,7668,5422,9760,11813
2900,15792,5680,6350,13781,9395
-1072,16200,7176,4205,7230,10631
-2204,12104,7032,2100,10419,12625
-424,15600,7052,1641,11875,9340
1228,15648,6224,1535,10716,10228
-416,14632,8584,1412,8898,8752
-1356,13412,7620,-1216,11474,7261
-2184,13288,8476,-1963,10523,5097
-1556,13844,8944,-403,7263,7485
-1620,10812,9008,-1047,5690,5422
4,12480,9404,-304,4384,2778
-72,14296,9308,-1253,2566,2307
-56,13960,9776,-1509,786,2574
-1744,14528,10160,-1234,-1040,2474
-216,10080,7632,-1756,-3748,-4800
4836,14896,9644,-3210,-5214,-8213
5084,14392,9716,-3497,-4276,-7289
4052,12788,10540,-125,-4231,-3548
3352,13652,7876,35,-2729,-3368
2608,14400,8816,-821,-3741,-2873
2488,13264,8572,60,-3571,-2382
3644,13364,8504,-62,-2740,-2993
2292,14220,7444,-450,-2713,-2287
2260,14776,6324,855,-1666,-1466
3192,13728,6372,337,-1040,-1518
1640,15088,6932,72,361,-332
1544,14172,6832,-124,3720,146
1784,15856,6960,-61,5353,1182
1536,15064,6264,53,3990,3877
312,14676,7924,-499,4700,4943
1344,15128,7892,-2036,2330,6128
-792,14304,9392,-6347,1587,5327
-544,14528,10036,-13597,-1277,4712
964,11520,7352,-8941,-2886,-4230
1356,12128,10916,-15146,-2137,-2029
820,8772,10804,-8333,-4062,-1906
2084,8728,10616,-4365,-5974,-3783
4756,12560,10920,-2261,-2231,-3165
2472,11088,11468,-3441,-1778,-2324
2248,11072,11032,-4751,-2881,-1562
4408,10092,9068,-662,-385,2
2404,11868,12668,255,1,-947
1892,10752,11696,-169,534,-91
3188,10620,11596,-4832,-2160,-508
2480,9588,11592,-2259,-1124,-468
3296,10616,11756,708,216,-233
2900,10844,11304,-1168,-708,-291
