4652,-8052,12840,-813,27,40
2952,-7672,13736,-1662,1627,-1111
3344,-7768,14776,-366,-800,661
4996,-7640,11900,-1025,-1570,2058
4724,-9328,18676,-1793,5746,-3583
3636,-7904,14600,-1257,3153,-2745
4292,-6980,13476,-2382,5860,-5499
4212,-3680,11272,-8045,8539,-7037
4412,-4528,10596,-15686,8526,-3136
4532,-6744,14504,-7462,14542,-6207
1648,-7836,8836,-4037,13131,-12875
12,-12796,15072,-8701,7836,-9154
1944,-15012,14180,-1536,8557,-8182
-4376,-11188,10372,-3160,2816,-5022
-3036,-13340,7480,-13503,-837,-845
-6020,-13276,5500,-21620,405,3081
428,-18112,18452,-547,-5975,-6990
-2096,-14376,5688,-4422,-10336,8312
-5784,-16368,7752,-3699,-11135,21464
-384,-16836,3452,-5377,-11398,22431
7116,-17060,5216,-3892,257,12674
1132,-17176,7016,-6586,-3935,4500
-2200,-12944,5952,-6889,5672,1680
1804,-14104,7648,-2809,3810,2534
240,-12084,10020,3854,7288,-4976
5024,-14716,7716,6941,9710,-8575
2704,-14760,13912,2350,19280,-10034
-2788,-12028,12976,267,13067,-12491
-216,-11380,13420,-52,8561,-11149
-1024,-11872,14600,-1341,7059,-13390
-5536,-9588,15984,3582,4418,-14129
-7384,-9600,15356,6422,-9739,-4819
-3120,-13328,11360,3398,-10875,4148
-72,-16012,4324,3728,-12904,5585
-7592,-13616,8496,-932,-15599,8335
-3368,-16940,2780,-2226,-20389,5139
-1664,-17052,3800,-2410,-10624,-962
-6340,-14184,9076,-2491,-13663,7637
2852,-14912,6384,1783,-22604,23880
11364,-18540,1920,1308,-16509,23668
3056,-17620,9520,-1587,-6736,10153
5472,-19104,12016,9330,-5435,-526
3084,-14628,8060,11798,246,-6834
3144,-14868,9980,13093,781,-13888
-3260,-13440,16120,17344,-4677,-10869
-1088,-9196,11480,19193,-8431,-261
