1524,8836,13536,-5867,-4771,-6216
-3104,5756,14184,-4411,-9678,-11950
4272,5884,11388,-216,-5552,-15145
3820,11508,12828,-6599,-8141,-14827
3272,10152,12236,2965,-5893,-14291
2460,12744,14356,3846,-1807,-9852
652,9268,12616,3412,-4560,-7851
2004,7888,8980,8866,-198,-10315
2228,12488,9736,8831,950,-6621
1548,10112,7636,12595,2828,-6262
-1860,13576,10144,7569,464,-8435
1552,14044,7968,8494,4537,-8210
2472,12028,3876,1685,11795,-3815
-1156,14076,7536,4457,5938,-498
448,16124,6884,-876,5216,3641
948,18296,5688,-435,139,3548
1512,15884,4284,180,2383,3262
-3504,16040,5088,-2640,15721,6725
-6340,12720,7664,-1993,10892,6242
-3712,15792,6188,-2716,15736,6431
-5704,14112,6840,-1771,12975,10698
-6120,13916,8812,-3186,13341,15581
-6172,11028,8660,-1827,10337,13472
-3668,12552,10352,-899,8003,13226
-2740,13884,10072,464,9877,9214
-4720,12108,10528,-923,6133,7080
-5936,12048,11944,-1883,3264,357
-5788,9512,10216,-3475,-6030,-3081
-3388,9136,11252,2163,-2552,-5729
2768,14136,10964,5517,-999,-14423
824,23824,14300,2372,-2913,-5446
-1260,12132,24256,8511,-3407,-1931
6200,26344,19560,1591,-12888,1088
-1232,1468,14376,5619,1661,-2222
4280,16704,5060,-7614,-10806,8422
2732,27808,19144,1924,-926,-1596
1820,15632,9832,220,2448,2655
-6728,17500,9148,-1537,2017,216
-2536,16980,9284,-2545,-1742,640
-2672,14784,6736,-2154,-1856,2044
-1340,15128,9336,-604,1557,4647
-5984,10948,7812,-1352,565,53
680,13012,9796,-1209,-1550,2290
2856,11668,9812,-1573,-1380,-286
1932,24308,15160,393,-4243,2653
1264,13376,8500,-6708,-4108,6762
-3816,10896,12360,-9193,-4003,-613
2336,12256,10788,-7120,-6785,-127
