3600,10540,11812,277,-1541,-788
4020,10104,11180,813,-1881,-959
3292,9388,11696,424,-2254,-3855
1088,10268,12592,-2035,-5740,-7725
2796,8932,12068,-807,-8428,-9604
4124,12232,11056,-3737,-8775,-11569
5356,12648,10344,-3601,-8068,-9927
4540,9876,8712,-303,-6889,-10183
6084,11768,8308,4186,-2334,-7146
3212,13180,9848,2203,-2661,-5775
4140,13196,10504,1626,-1619,-7391
2348,13532,10244,1674,884,-5428
1672,12144,9768,-231,-1950,-5303
4008,12372,7748,-1272,3262,-10796
2208,13608,9996,-1008,3589,-7098
1248,13000,8396,-1726,2912,-5725
-396,13756,9648,2623,5619,-7306
1284,14580,5132,2078,8666,-3273
1948,16620,6472,4670,11614,4786
460,16660,5524,3509,15296,7960
-1208,16084,6248,44,10051,6540
-1176,15120,6416,-3377,13088,3193
-5696,17836,8904,99,12239,13183
-7372,11024,11340,2049,11921,16557
-5032,10556,10388,1450,15041,8493
-1248,16920,7284,2336,11639,11079
-3648,12784,8692,26,10292,13260
-2096,12512,9808,-1531,11140,8278
-4808,14596,11436,-389,8321,9818
360,11564,7904,183,4039,4587
-2148,12760,9528,-1128,3835,3306
-964,12552,8752,-3662,1659,3695
-2832,12540,10132,-7583,1238,1544
-1896,7756,10356,-7067,-3053,-5973
1348,12704,11116,-7724,-4668,-9294
1600,11444,13000,-4195,-11626,-9085
5868,12320,14912,267,-7527,-5620
3448,17096,11056,-353,-7485,-5621
3548,12960,11848,-527,-4947,-4336
2276,15856,9468,1605,-2687,-3913
2752,11700,7516,1635,-1729,-2450
2420,14492,8472,1828,-206,-1409
-1112,14508,6428,2739,2397,-860
2412,13844,5372,3229,6301,1354
-1328,15200,8308,2429,6404,3890
-2824,13816,7564,2151,6071,5854
-1364,14396,8756,3019,5714,7161
-2204,13572,9464,2324,2877,4714
-8,13612,7992,2157,3445,7048
344,13888,7112,1073,2485,3852
-36,14604,7656,386,2923,3654
56,16852,8740,-728,1649,6682
2216,12164,7508,-4533,-1426,6406
2112,16384,10228,-9198,2325,3896
752,18340,14848,-25054,-5956,12078
1960,10852,10024,-15817,-4514,-4613
-792,13396,13860,-18200,-12428,-3169
3888,7292,9812,-11950,-11225,-3090
6776,7096,10504,-4356,-5458,-4273
5908,8940,11784,-6190,-4478,-6930
