-148,-3216,16236,-66,201,414
-380,-3456,16984,811,-410,2775
-540,-1112,15416,438,-1433,4542
-4148,-2068,16984,-3858,-2367,11554
4484,-2200,17204,372,-7160,12627
184,-172,13792,-7994,2975,15782
2388,-1640,12928,-11216,55,17659
1872,-3520,12352,-14254,4917,10486
3900,-9252,14464,-15728,2931,4414
2716,-9620,13788,-17733,3833,4565
3136,-9244,13028,-8972,-815,-2765
2512,-10768,7340,-17079,2566,-496
3864,-13504,5944,-17246,7347,-7534
6868,-18264,12812,-1146,10330,-14755
3848,-16756,7908,-9685,17651,-20549
5360,-17400,6416,-15025,13216,-27674
-8508,-9780,5164,-6980,18329,-17217
-6644,-15580,9964,2219,11622,-1444
-11716,-14820,10220,608,8062,-4885
-7580,-12920,12436,-2208,-5949,-1898
-4440,-13792,11048,-363,906,2466
-5460,-13036,11528,-5691,-2592,8279
-1828,-9704,11696,-4569,-5141,11796
936,-12656,11256,1827,-4767,16077
3176,-13848,12728,2584,5744,21315
3128,-11592,11600,39,-8577,14840
7048,-13860,10240,-2700,-2326,6397
5492,-14744,11292,-2400,-141,-660
1896,-13280,8844,-871,-3031,5142
5388,-14788,9296,-779,5250,-6981
5584,-16480,8992,-936,6757,-15764
2420,-12884,8692,292,15292,-22773
-740,-12292,9176,5974,16523,-13648
-9676,-9288,9624,8466,15326,-7319
-12792,-11900,11436,2841,3209,-4741
-7968,-12976,11484,-5514,-3391,-3694
-6480,-11820,10820,-6033,-3083,-6213
-792,-13440,10044,-1800,-2697,-5452
-11832,-12452,16904,3363,-2892,2483
188,-15780,12984,13006,-7183,4193
-4440,-10044,10696,14717,-8354,2263
-772,-10376,12020,15358,-12846,8535
68,-6792,12472,9881,-12056,8996
1284,-8216,11260,4360,-9132,8769
4560,-10336,12036,10635,-10925,6409
3772,-3612,6964,10181,-5710,8208
4400,-5764,9300,14445,9209,19794
1104,-13272,18312,-9635,8388,6992
7924,-14896,14636,5177,-6580,-3655
3504,-3124,10256,6300,1786,-3564
