616,10400,12392,-746,-50,-84
616,10016,11960,-756,-366,-73
1156,10076,12032,-217,115,-171
1028,10356,12200,-598,-432,-75
1164,10664,12528,-434,-67,-187
816,10108,12476,-626,-340,-19
1032,10332,12316,-775,-284,-60
808,10672,12080,-1366,-442,230
656,9244,12036,-1295,-585,298
1736,8944,12016,-600,-87,102
1932,8812,12548,117,315,57
1896,8132,13392,350,622,250
2924,7564,12856,1610,2798,415
2100,9992,13332,-948,6003,1826
1404,10748,14048,-1647,6517,3190
-2028,9928,13316,1062,6794,3546
-1508,9084,12840,390,1712,3265
-212,9044,10168,2121,-5514,-3486
-164,10188,11192,10059,-1127,-4541
-820,12940,11736,7503,-1568,-3790
-420,10068,8852,4812,-1311,-4032
684,12724,9176,9027,2861,-4174
-1328,15104,11100,7307,1198,-2757
-472,12744,8416,4271,-421,-2486
-3720,11052,6544,8607,3214,-4923
-3844,13496,7264,10366,2196,-6935
-5448,18440,8716,-460,3076,-3611
-3212,16928,7184,1550,332,-7620
-6084,16164,7976,3268,1189,-3738
-6828,10488,5152,2408,813,-2418
-4720,16528,6364,2266,6202,-343
2220,11988,832,3974,8290,-3916
1652,16636,2736,862,-5397,-851
-1940,13396,2516,3355,1560,399
-1028,16732,6940,2303,-3558,-747
848,12960,1216,2934,2036,1504
708,14456,9704,4193,1225,-106
-1408,12104,6436,5924,3280,-532
1372,17804,7968,4214,-669,-1006
-1832,16188,6300,5460,-1644,-1325
-2912,14308,4632,5405,2140,-1011
-3536,14084,3768,2318,280,2213
-3900,14488,6248,868,1007,3699
-3636,11600,6840,-235,1697,3141
-3732,10824,1548,-1809,6055,1221
-3388,11736,3728,-1712,-246,-1135
1564,18712,2388,-1401,287,2541
-908,16192,8012,-308,1489,3034
-3396,15212,11764,1213,1592,4263
8400,24400,13136,-1345,-3245,11057
-448,13916,5176,-3661,3696,6110
-520,18408,10464,-3379,4983,6303
676,17292,5612,-5189,3774,7579
-6824,13288,1604,-5187,5521,9026
-6124,15052,5116,-2747,4110,6569
-7676,13760,6324,-566,4583,2969
-2536,18088,8120,-19,-1638,-85
-1456,16260,4536,-1917,1900,3959
-272,13940,4148,-4531,3710,5173
-2076,15380,3140,-72,3393,-1121
-3544,14336,4196,360,6005,-3851
-2468,12648,1148,1294,5755,-3397
-4196,10400,-2640,3582,7813,-3109
2664,14296,1352,-50,-1969,-2103
5860,17364,6840,1338,-4981,-3427
1500,23188,21196,1992,-5077,-3889
-12936,1716,60,950,97,-8371
984,17452,10784,2105,-4088,-4928
408,16308,6088,2621,503,-5653
-6064,5272,3152,6731,797,-6488
9312,16348,-148,-2803,-2039,-170
6476,23632,8384,-1068,-3497,316
-15184,-1164,-1732,4688,493,-6608
5080,18728,9396,1903,-1987,-1565
-1432,14568,5880,-1060,595,1118
-1856,15072,5888,56,806,-1443
-2276,14928,5304,377,1508,-2936
-4176,16248,7016,-2235,-1190,-3567
252,16156,5456,-6551,291,1061
-428,15904,7012,-7482,-1621,2091
-1960,14868,7296,-8724,-1221,1295
-1932,13872,6804,-6973,-260,1241
-1676,13932,7640,-6841,-846,2393
-1532,12792,7256,-6790,-1016,2501
