-1004,11632,10992,-420,-163,-46
-1352,11820,10904,-282,329,-481
-1244,12496,10816,225,153,-800
-2624,13280,12548,-1120,-1588,-762
-512,11244,11072,-4794,-6068,-1381
1228,9788,10512,-1590,-1079,-4127
288,12948,15100,-323,3104,2834
1708,10272,15084,-3480,-54,3980
2704,6008,13044,-2959,-478,4527
2128,7848,12572,-956,3212,6512
-1784,7148,11616,2945,222,3923
-2892,13644,15648,2120,-10002,-3773
692,14776,10808,-7118,-9424,-7887
2564,11844,9456,4443,-7870,-7083
-736,13124,10692,4973,-2114,-6893
-2676,10488,9136,8206,4466,-4106
-5564,14588,9280,7976,3433,-168
-6992,11196,7064,8871,1654,-2160
-5664,12064,4892,15015,431,-3804
-3412,15856,5448,12415,-1812,-4510
-6680,13064,3668,-4286,-6468,-4356
-7832,15736,7200,-2429,-9665,-10057
-3372,15880,6020,2441,-13069,-9735
-592,18744,6112,4347,13532,866
2948,15088,9688,1118,11620,7891
14976,2124,12256,-235,6140,-2230
5332,14940,7896,-563,4123,3037
5740,15684,7200,882,-1132,446
5208,15504,8228,1388,1538,1726
3404,11660,9748,-1393,3439,2798
-1376,11688,10200,-3309,5196,2607
-6712,13912,13432,-1275,3016,-67
-3796,17720,8872,-2961,4954,8954
-9000,9132,20048,-6392,-1129,12360
-7700,10448,7460,-2273,3229,3087
-10916,16124,5464,-1348,6672,-3197
-7360,14860,5104,-1408,2008,5990
-996,13424,5088,-1278,-870,6865
-3888,17676,8832,3597,6063,-12270
-3044,18820,8272,1195,1148,-3751
204,13836,504,-1596,-74,-414
-5328,15780,7492,247,87,-6648
-3452,14372,8796,-1761,-7349,-5416
-1212,11944,8980,396,-8242,-7910
-3444,12364,8464,1298,-8533,-8807
2484,16124,8496,-2198,-1829,885
1660,11860,9464,-453,3443,-1160
2604,14424,10336,-594,4443,1619
-1240,12752,10032,-2212,-1031,3606
-1780,13356,8392,304,-91,-2989
-3308,13940,6804,405,334,-2263
-2988,14664,7376,-94,-1121,86
