-24,11296,11272,2192,685,1230
-528,11688,9932,1655,1729,1200
616,13148,10960,2557,2149,1612
-1120,12652,10480,4191,2092,1616
-992,12456,9368,2587,-1145,-224
-892,13204,9956,2434,908,-1142
-840,13760,10672,3121,1411,-398
644,13180,8748,1989,-557,568
-152,12660,7876,2975,-2314,-1398
176,13672,6124,4937,1054,28
-3232,12644,4772,5926,2951,-1240
-4492,14924,6860,7962,2880,-3653
-3400,17124,6660,-147,353,-2077
-5012,13200,4592,-1301,2925,-5662
-3536,16508,3780,1986,4952,-8168
-4196,14320,4168,2922,6869,-2546
-5684,10804,3532,2260,6102,-965
1644,17460,8116,4004,-3711,-1952
10848,25016,14196,535,-7667,-278
5872,14652,7452,2904,-5058,-1021
6408,10168,7988,-446,-5204,-3173
2040,13352,9184,-795,-2056,-4185
-1140,15872,11204,-2089,-2439,-179
-2796,16896,7956,-2252,4753,2556
-2596,15028,6504,-5741,7038,10917
-7448,9820,6788,-6862,1376,9707
-13304,12756,10032,-4432,2839,5467
-5644,16216,4992,-1217,3546,3714
-6280,15048,1632,-1576,-416,2270
-996,16624,3356,-3082,-951,8855
-4904,23352,22148,1051,-3026,-4368
-10848,13640,-6336,-1155,-1566,-6423
-13628,13056,9192,1078,3725,-5781
-3132,13996,3612,1305,421,-6087
5620,19700,12016,-1704,-4514,-6681
448,6792,-1576,387,-7860,-8241
2556,10064,4744,4678,-4372,-5911
6976,12012,5768,1889,-887,-2079
1076,8904,4856,-124,3997,-1390
1840,13688,9764,-2265,587,-4006
2604,17280,7472,-6552,1513,207
188,14548,9540,-10235,-2361,2086
-1880,12800,8972,-10788,-3279,1252
-2292,10616,8212,-9480,-4706,2132
