720,11316,9372,863,1209,912
1824,12060,8820,2267,2824,2132
644,14168,12540,3002,3763,1745
4,11840,9180,2777,2085,1262
452,12256,8580,3511,2171,902
-524,13648,9900,2942,1408,-304
-460,14136,8852,1048,782,-405
-864,13104,8824,1073,518,-717
-960,14436,9636,1883,890,-678
-588,14048,9348,293,390,-658
-320,12028,8444,362,548,-287
288,11708,7740,1653,1322,-2022
-600,13100,8100,4921,2765,-2504
-1856,13268,7812,3981,1262,-1199
-2792,11528,5252,7247,-445,-3105
888,21204,6432,-993,2889,-2461
-2372,17056,7456,267,894,-1736
-2536,15924,5416,387,-526,-2148
-3668,14884,5244,-246,2464,-2425
-2588,13056,2636,-1258,4012,-4340
-912,17388,7596,2205,2339,-2093
1324,12716,6328,4067,-2160,-2222
3508,18364,9232,2580,-3434,-239
4084,13160,7900,3861,-5238,-2921
3444,15392,8116,3672,-3901,-5357
3236,12996,7608,-173,-5191,-4876
-1432,15088,11016,-1268,-2133,-3121
-1936,15596,9080,-2952,3689,3730
-908,15520,9268,-5568,2852,11829
-9012,9516,12876,-5214,6201,9561
-12328,13984,8260,-1914,10228,3438
-15892,15260,3740,702,2946,-3537
-12084,20088,4424,-4766,4598,9264
-2032,12052,-1684,-2409,-2046,-2243
-4608,17288,21948,7330,788,-14424
2484,20996,9532,2110,-4922,-7530
-13968,-12164,-2332,2091,-4376,-15494
5180,11712,21708,6749,-1254,-3143
6612,21448,18912,360,-7543,1952
-224,13084,8968,-2804,12,-1434
-1816,15720,9756,-7147,4254,1592
-1328,15016,9888,-9605,676,573
-1812,13272,8948,-9694,-2261,1719
-1884,11176,8212,-10647,-5846,1083
