3532,-1000,15472,141,-180,3910
1200,484,14732,-3483,-1862,3771
4828,-392,13160,-8441,-2080,6801
2752,-1220,14276,-5061,-210,8283
2204,-4692,17116,-5089,-1432,11030
2632,-3852,14192,-3857,-5154,11336
3156,-4028,13856,-6359,-3808,10934
4944,-3948,10904,-9159,-910,10988
4692,-7204,11040,-17004,2895,9118
1716,-8496,12096,-12968,4262,4134
3244,-12588,13748,-8500,1711,7861
3936,-9984,10624,-6321,3566,-1281
956,-12280,11032,-14381,2654,-541
6832,-15128,7352,-16059,9716,-3858
1900,-15952,12920,-1451,8210,-11324
4308,-17348,11860,-8304,12735,-16481
1584,-12780,8384,-10784,12656,-15633
-1896,-14000,9196,-8991,14092,-14228
-4804,-12472,8612,-4222,14322,-7224
-3672,-14660,9112,-2182,9837,-76
-6612,-13588,10340,-1914,7635,2984
-6016,-11856,10004,-1131,2423,1467
-6700,-11900,12424,-954,-2872,845
-2688,-11248,10536,-1025,-3692,5161
-1352,-12428,12016,-1856,-3586,7734
-2796,-14292,11764,716,969,8507
532,-11752,14220,-2126,-7791,12335
3436,-13220,10792,-1420,-3661,11687
7412,-14192,6588,-1104,18,2190
2680,-14848,7736,-1656,-1820,-1122
1044,-14088,6872,1396,-830,3835
3520,-14688,5648,1126,5000,-2892
5460,-15432,9372,1513,4248,-12841
3540,-13016,7816,1840,8630,-11371
1868,-13476,9284,3414,10511,-10602
-1068,-11588,9508,3832,10885,-11726
-3996,-11824,11748,1742,7469,-3056
-7828,-12376,12956,1325,1072,-3157
-6388,-11812,10768,-835,1186,-4190
-5596,-11872,11736,-2851,3118,-2896
-2404,-12304,11812,-2157,1185,-3520
-752,-13400,10064,1864,-429,-2946
-4128,-22224,22304,32767,-6847,-336
-4236,-14204,18396,32767,-4157,6541
-2884,-6096,14028,26924,-4037,2551
-1872,-3796,13396,18341,-9605,3440
-1864,-1592,12348,14596,-9871,6346
3652,-1528,13028,7292,-11001,5970
4040,-2244,13600,5517,-7445,2543
3568,-5100,18452,8873,-8759,3336
4340,-884,18104,14906,-8404,28
5760,1092,9220,14559,-8770,2243
7228,-776,10676,377,-1391,4273
7140,640,11072,1728,-166,905
8556,1508,10280,-4675,2507,1979
3048,-1776,15516,-11146,11913,788
4344,392,17848,878,-43,-1933
3556,-1296,17992,875,634,-2701
1424,1360,15312,160,1935,-2111
1084,600,17312,-150,1262,-303
4028,-92,16836,842,-327,-221
