616,9336,13100,-373,75,-163
1124,9128,13096,-588,-22,-23
664,8908,12920,-405,166,166
1024,9232,13824,-596,427,117
1892,9288,12876,-2086,340,350
1000,8568,14232,-2986,1250,1218
904,8228,13172,-7035,712,331
1800,6868,14068,-6106,3637,310
2080,5396,13284,-10605,5227,1238
2632,6204,14948,-4162,3031,4282
2444,4216,13004,270,3135,4829
596,5104,13240,3717,4111,4986
-548,4932,13320,8700,3123,4748
-684,7384,14432,8393,1570,-2040
-916,9012,13736,1503,-2512,-5317
-1156,8524,11900,707,-1264,-5368
-1420,8836,12440,3221,1387,-5772
-1040,9144,11948,3081,2455,-3580
-1456,7816,10492,4895,1360,-3287
1772,7180,6528,16297,7159,-9201
-6624,15500,11492,30771,5371,-5457
-7780,12032,15756,8795,1525,-2910
-7328,13920,9548,4649,-4595,-6718
-6320,15732,8040,2530,1682,-3854
-1852,15176,6604,1772,4721,4893
1852,17092,13636,3123,1512,5292
1628,14128,8180,2443,-256,2924
4484,15172,9464,-946,-1956,1752
5260,15564,9396,122,-1296,510
6116,12236,11088,1074,-2343,-437
5992,21544,8344,-1930,-1778,2845
5848,15304,11200,794,2149,3333
3556,13316,13996,-2548,-2318,5597
7052,11308,5000,-3627,8844,11531
3580,13436,3372,-4821,4666,9295
-2904,8208,16880,-2965,4451,12388
-4964,16776,7364,-2129,5981,9427
-3104,14408,7716,-2204,4607,3245
-11228,14364,8348,-299,2388,-2592
-1732,13372,7680,-2141,-261,5368
-2484,12252,11056,-1935,1521,-2902
-6580,13892,10868,478,3943,-4816
-6148,9924,6408,-2565,712,-6323
-1196,14200,7328,-2552,-2568,-5174
268,10048,11044,-2970,-4285,-9471
-5516,3528,8232,-3652,-5801,-11725
-9484,-1960,9776,-3325,-4642,-9674
-728,-2460,5856,388,2056,-7321
-3620,12364,13712,1970,-2886,-7385
3288,9688,14128,-1187,4544,2563
188,7216,8712,-855,-2601,-4479
-280,11220,11232,-2061,-1057,-1387
4376,13644,10560,-8076,-4084,2225
1032,11212,13336,-11197,-5220,1385
1596,8824,13292,-9204,-7219,495
-816,5392,11592,-8555,-9931,-2345
