164,-4400,16340,734,-114,1008
-1576,-2948,16396,2225,-77,3090
-952,-2276,15984,919,-3084,5840
-2404,-2228,17160,-4626,-4990,7530
1036,-4284,16208,-3166,-6295,8604
3012,-4392,13408,-4145,-4582,10667
2648,60,11368,-14182,-2121,12344
3476,-7276,15360,-15769,-4244,12237
6612,-8692,15148,-11228,-6319,6845
4660,-7928,10192,-12608,-2567,3995
6068,-8040,7456,-10254,-1650,4369
3172,-11744,12508,-12161,4102,3585
800,-8580,5776,-13810,5014,-1284
1320,-14444,9408,-7911,2425,516
3460,-22488,17456,7211,10240,-4245
1584,-17088,13688,602,8951,-8421
6244,-16360,10652,-7292,12108,-20620
2884,-15452,4564,-9218,18693,-27143
-592,-16868,6580,-4869,23528,-23484
-8648,-16128,9396,-3707,23207,-13283
-10408,-13716,7688,-3597,15153,-4994
-6656,-12584,11188,-4921,986,-5125
-8976,-12060,12092,-4566,-2725,350
-4560,-11040,12616,-1802,-8393,8417
-7488,-9664,14248,2554,-8977,11476
5656,-13884,8776,3904,-784,24725
1964,-13492,14272,3046,6409,26642
7932,-15136,11404,121,-3665,15318
15404,-14056,9036,51,-7687,8522
2400,-14748,11988,-874,-2328,2752
12656,-18312,5920,-575,-2216,-7791
928,-15156,8444,-3287,442,-15939
5204,-11716,7664,-1200,7557,-20048
3968,-13352,9960,2656,17536,-18671
-12108,-12224,17272,7427,25731,-25562
-11204,-9632,11008,5210,18960,-12356
-15364,-10372,13396,2643,-1430,-2152
-5236,-10892,12908,-1717,-7841,814
-1324,-12980,9860,-399,-1014,-3711
-4132,-17680,19836,16179,-10928,5747
