3440,-3876,14188,1138,-1289,1069
2624,-2016,16724,-1554,-1157,1903
1392,-2392,16872,-1307,-3679,6658
1376,-3940,15172,-167,-4857,7196
3072,-528,10024,-6954,-2725,12003
3916,-5284,14800,-8300,-805,11232
1464,-2984,9316,-9006,1836,14187
716,-8128,9232,-21620,7699,13881
1396,-16776,24328,-4712,-5173,5709
2224,-8652,11808,-2963,2587,5849
2352,-10312,11032,-10384,-59,1807
2032,-11932,13216,-7767,-2214,-873
2124,-11924,13804,-630,1245,2221
3308,-6664,2740,-972,159,-1935
1124,-14692,14552,-11272,1769,-3670
3548,-14292,9156,2033,7432,928
2832,-14844,9956,-1690,8197,-7986
4040,-16180,11252,-8628,8987,-18023
-4092,-10288,9500,-5842,14615,-20208
-64,-14012,8900,-1078,13100,-11210
-4768,-14024,10248,-2217,12009,-9116
-2832,-12380,9408,-1087,6942,-3483
-6008,-12248,10480,646,9902,-21
-6052,-12208,12132,-2865,3965,3937
-3268,-9116,10896,-2884,-576,3117
-6156,-10636,13444,-12,-3186,807
-4784,-12292,15176,-1734,-3258,8282
8000,-5536,5124,-4498,-6737,20292
5088,-12380,8528,-2462,-4729,12555
1636,-11584,12744,-1140,-1724,14230
7852,-9744,6664,3144,-5973,10037
2768,-16296,10076,1230,-1465,-348
-576,-12928,11416,122,702,3641
3760,-15844,10740,-2353,1712,-5917
6280,-15316,7068,-1405,5974,-12226
832,-13252,8632,2676,12243,-11749
-3300,-11892,10160,3713,10608,-11429
-2964,-10116,10568,4000,9525,-9987
-8208,-10152,11320,4086,3706,-7635
-7596,-11936,12540,-805,509,-5412
-5820,-10384,11640,-1331,1898,-5905
-5012,-11472,11532,-426,1019,-4168
-1840,-11928,10672,307,-1211,-1847
-4304,-18048,19668,17440,-5649,1369
-4088,-9432,9716,29729,-5496,3760
-2416,-7360,12460,16971,-6241,2688
-2472,-6524,16480,12168,-6260,8756
432,-5060,13564,14842,-8378,3427
-444,-2024,13272,7797,-9222,2808
680,-5940,20292,11218,-12084,5343
3580,-1644,13996,7473,-11126,3779
5176,-2692,14360,4702,-7623,3552
4004,-1724,10336,5282,-3932,2778
6604,-4528,9500,4311,132,2343
