136,14356,6580,219,70,-351
-216,14932,7024,450,223,-835
-620,15516,6780,-58,-475,-338
-344,15732,8548,-439,-400,-629
56,15768,9668,-848,-838,-2720
-552,15336,8280,-129,-676,-4748
-2652,18564,12124,-5119,-2859,4904
4072,14440,9656,-11028,-4039,6944
6732,12096,9324,-10398,-3304,7098
4156,9916,7504,-9100,-1958,9221
-2400,4644,12404,-2032,-16121,-8612
-1524,10272,9676,3051,-11534,-9155
-1140,13724,6376,3538,-4362,-5107
-3080,14576,6144,6137,-323,-6739
-4864,16336,10444,4932,2594,-2931
-4300,11832,5280,5701,456,-1518
-5536,12764,4728,9079,3861,-13538
-3432,22028,9144,1135,-3387,1963
-7924,11856,6096,3045,-4386,-9668
2760,28988,5252,2353,-9011,-18787
-5288,13792,6084,6506,7264,-2310
15008,23692,-3128,1518,8232,4981
3644,14912,3344,1610,14396,9086
5524,16248,7484,1459,1728,3594
10148,17464,4184,905,4302,546
5360,17616,6832,-1242,2269,1525
8780,17492,6536,-766,2276,6463
-184,17420,8684,-3182,3522,4287
-8216,13772,8428,-6202,-3149,5122
-12452,13232,4864,-5600,-2388,3487
-10940,22576,8476,-187,3789,-443
-5312,15328,3760,-2772,845,11842
-13676,14784,12124,582,-4201,-1271
-9204,7732,-4080,-3308,10188,-3333
-11912,2864,7972,-1261,9918,-3531
-13748,9852,18300,3872,1291,-14157
-6380,-2184,2540,1640,2005,-6786
1260,10564,15596,291,-9443,-5270
2236,13360,10008,-939,2705,-719
1784,13976,7648,-1484,-1169,-776
