5244,-1064,15132,342,-935,161
3548,-792,14524,-1891,-1934,2219
5352,-936,15796,-1677,-1126,4262
5044,-404,16596,-2351,-544,5483
3668,-96,15416,-2949,-475,10013
8544,6436,6700,-14119,4303,18257
2660,-4772,15672,-15711,3472,13823
5468,-2660,9760,-14357,-395,11785
4904,-8728,12408,-20988,6425,11746
5732,-9400,10912,-14744,3388,7704
4844,-8404,10224,-7867,5083,6850
4788,-12828,10032,-2838,3427,2374
4184,-11796,7524,-15203,10946,199
-8756,-17012,14412,9158,3677,-3417
1572,-15980,10908,-610,6183,-11605
3796,-14880,9332,-7488,16209,-14835
-948,-11628,8664,-9091,13320,-15787
-904,-13844,7696,-8180,14494,-18551
-5784,-12768,8080,-5055,11311,-7167
-3640,-13104,7864,-3734,10322,-3783
-6328,-13036,8964,-3276,3045,-2535
-3936,-12024,11496,-3945,1543,1040
-1264,-11792,10288,-2376,162,2586
-2736,-11060,11688,-173,-2226,23
-3188,-10064,13284,-536,-8427,8882
4524,-10804,12372,-2814,-13620,5772
3364,-12104,8816,-1964,-9004,13116
9824,-12080,4068,-1616,-2702,10348
7188,-15876,13304,382,-7283,4372
2500,-12756,9100,1587,-325,3644
160,-13724,9816,3918,1473,6667
1228,-13620,11900,496,4492,-6008
3928,-14688,9976,260,6352,-13140
5924,-12528,7592,-71,11864,-14490
-904,-12280,10024,506,14088,-16182
-10696,-10244,14836,1401,10651,-8727
-6360,-12228,11788,279,2838,-6136
-5092,-12064,9540,-1278,1876,-2864
-4576,-11872,10224,-1504,1615,-2843
-3228,-12656,12460,518,391,-2808
-9792,-11128,15880,7480,-2071,2037
-4916,-12624,13500,19109,-2927,6392
-3332,-10748,13720,24925,-9322,5155
-328,-11844,17804,32767,-16963,7865
3104,-4040,10392,26053,-8545,4246
2516,-1672,12544,16233,-9767,3966
2996,-5132,16736,15252,-13007,7961
6948,-3124,12396,10772,-12913,8025
6268,1844,5980,4400,-4600,7675
