3076,-4312,13704,554,-748,-217
2860,-5828,14484,-1857,1025,-278
3096,-6884,16376,-242,-60,-56
2636,-5008,14456,659,-454,21
3052,-4792,13920,-1377,204,-222
2584,-6504,16100,-894,229,545
2080,-4992,15928,1482,-776,1446
2004,-4312,17332,9627,-850,5530
1684,1504,13568,4854,-3166,8473
3860,-1868,15064,4672,-6190,11749
4648,-1104,13656,4968,-1147,13576
3932,-3560,12320,3519,2526,12108
508,-3512,15132,5372,2289,12149
2100,-4772,12748,-4391,1248,17950
668,-5456,15584,-4566,4130,14022
-92,-5232,13512,-8379,4159,13288
-980,-8152,17092,-11369,1808,8054
2884,-9552,17664,-8701,-4737,5695
444,-7696,15312,3120,-522,2861
352,-5644,11596,-8972,-1642,576
756,-8796,13280,-16647,3358,-1423
2820,-9540,10248,-12095,585,-6511
-2204,-20632,20616,879,-3119,-8949
3248,-15124,12580,-6060,5367,-24765
1252,-12964,11648,-9157,7134,-20161
-4140,-10944,12484,-9538,13964,-12548
-1864,-12284,6880,-10960,10794,-5810
-4628,-11560,14148,-8344,8724,-4777
-712,-11388,10448,-5831,1762,-4305
-4996,-10744,11844,-4613,1434,956
-3060,-11056,11440,-1538,-3721,7646
-100,-10132,12276,453,-4107,3948
4444,-10228,10100,2954,-761,8545
-396,-12220,13748,-988,-3334,12981
-400,-11184,11000,-1576,-3016,8956
-80,-11336,10404,750,-6519,13724
-1580,-11804,11980,1010,-6625,16930
3408,-13160,10144,-169,-4540,6816
3636,-14552,9172,-1000,384,-978
952,-11960,9960,49,-1002,1979
1280,-17592,10196,736,-531,-191
1048,-14004,10500,-701,1147,-4609
3876,-13260,9760,-2077,4814,-6544
2064,-14136,10256,-296,5453,-7921
1872,-13108,9692,240,6959,-11427
-840,-13784,11792,1779,9817,-9945
-3488,-12172,11284,422,10007,-10871
-2032,-11556,10708,694,9282,-9682
-5844,-9892,11892,589,5983,-8653
-6356,-10856,13044,174,2272,-3948
-2568,-11596,12244,2533,2333,-4907
-4624,-15168,15372,5663,-1157,-1843
-1108,-11500,11792,17314,-2871,865
-4044,-11180,14856,16484,-4994,-1248
-1572,-6540,13600,11939,-6975,2994
340,-4148,11384,8728,-5958,1849
504,-8572,14600,5552,-6506,2749
3136,-5428,14116,8900,-7326,1095
2672,-4384,13264,10198,-4905,-623
