-4240,-14584,5860,-413,100,734
-4468,-14568,6028,-76,-375,545
-4352,-14780,6016,-300,-718,334
-3940,-14540,5660,-1449,-1080,-14
-3868,-14388,6136,-1548,-1223,323
-4248,-14588,6280,-1442,-1998,805
-4236,-13976,5272,567,-1567,-897
-1884,-15584,9348,4880,-4010,-4006
-1092,-15532,8368,8103,-5241,-7530
-1620,-13796,3636,7124,-633,-9231
-1240,-15632,4384,-2020,-3241,-8901
-7184,-15736,9188,-8354,-1601,-4409
-6524,-13080,580,-16144,3373,-383
-5864,-14304,1576,-20509,7625,8581
-5756,-15744,3472,-17136,8603,10109
-4156,-14900,4708,-13022,11366,13438
-2248,-16548,5356,-5670,5050,9834
564,-20020,6348,-1149,-2120,931
1484,-20480,3784,1528,-4597,-1489
-1156,-18780,3464,6960,-5471,-10138
820,-16956,3768,11075,-7949,-18552
2428,-19384,4548,8926,-12062,-23173
756,-16200,1208,3799,-6273,-18301
-4164,-15636,372,408,387,-5469
-7956,-14432,4688,781,483,1868
-3328,-16728,2376,-579,1143,3630
-348,-16320,3816,-498,470,519
116,-16028,4428,618,439,-1814
1152,-15572,4844,1275,184,-2811
1868,-15368,4868,1240,103,-1825
1876,-15576,4584,-151,549,-484
1316,-15636,4848,79,205,267
1404,-15704,3968,90,62,240
1204,-16016,4228,-344,581,104
1000,-15796,4624,-530,284,-100
