-4144,-14600,5748,-357,-56,-144
-4272,-14560,5976,-250,239,-78
-4248,-14500,5784,-149,329,-90
-3964,-14604,5784,-271,-109,-120
-4252,-14736,5692,-334,128,-183
-4488,-14636,5684,-139,227,-324
-4256,-14348,5880,-115,-335,-481
-4180,-14604,6132,-311,-386,-320
-4104,-14496,6132,320,-365,-68
-4076,-14424,6180,-18,-459,-100
-3896,-14400,6372,-703,-812,286
-4404,-14464,6920,-268,-3779,40
-2928,-14796,11132,3974,-1326,-2731
3120,-14528,7296,11156,-3358,-10688
2428,-15420,6792,11086,-5294,-15086
-1784,-12872,-2476,8790,5010,-16691
-3952,-14004,2132,-13882,-2339,-8570
-8184,-17248,-272,-26826,3793,23
-7156,-24336,-3968,-28434,10900,12613
-5956,-14596,5628,-32768,16689,22216
3668,-22248,15640,-8146,5942,7139
-3024,-18488,3172,5576,-10305,-4941
10280,-22224,9288,8008,-8302,-14204
3896,-17656,2724,21009,-12766,-28192
-308,-11344,-4084,8436,-4059,-28679
-10792,-18732,2372,-2799,817,-10706
-4716,-17368,272,-586,-1818,6011
1792,-17260,1944,1287,325,-682
2536,-15948,2860,1637,1513,-2512
3776,-15364,4676,504,844,-1880
3440,-15432,4304,438,-396,-534
3232,-15808,3364,-4,78,256
