212,9204,12240,-49,119,-129
-312,9908,13188,-588,424,-280
460,9260,12412,-192,306,132
472,8648,12940,946,516,238
1196,9940,13264,1973,736,640
136,9376,13852,3135,926,131
60,9812,12392,3196,1152,786
-748,9228,12180,4217,3333,958
-280,9148,11980,7509,3611,2425
692,10360,10204,14665,4723,5499
-2012,12876,11816,20017,2409,1398
268,13068,9304,8977,-1477,-970
-784,14444,8508,5513,657,-610
-1848,14496,7308,4761,-2433,-1196
-3168,11952,5496,5995,1954,-2367
-4920,12040,5500,6297,1518,-3436
-3156,15648,6216,4360,3246,-7334
-5976,19560,6636,-3472,4521,-9451
-3980,17332,5876,-2370,5420,-5806
-5232,14012,5080,384,4302,-6137
-1688,12600,-5992,3711,11388,-6246
-4164,17544,3416,3836,-7359,-2070
3676,15940,-4200,9353,2389,7412
6952,20148,9000,10577,-4893,-3452
5892,15172,4092,11516,-4695,-1019
4424,10880,3480,3322,2587,-1625
8460,16372,8492,1943,-354,-4354
1380,18256,6580,-4244,3280,1462
-8372,12580,8148,-8318,2948,9858
-7004,12868,8748,-7278,3151,7304
-16888,12308,11348,-5981,1800,3856
-12984,13452,4636,-2394,6025,-616
-8052,17940,5736,-3491,3710,5023
-5360,15252,2536,-7987,533,13533
-5416,15012,4236,1950,-4437,-3057
-444,19808,13320,3551,-1376,-10650
-9484,1756,-3412,2967,-3101,-13719
13944,21804,7356,-3955,-10030,-4842
-32768,32767,32767,25971,-3645,-22089
4704,32767,30952,7229,-7795,-2136
-836,9840,10200,2943,1671,-3165
-1804,13940,8332,445,2564,-3469
-208,15684,8064,-6624,2419,2171
-2188,15568,10104,-13753,-5192,2430
