1272,-5292,15240,-320,782,1118
-1088,-5408,16280,123,-1049,4140
444,-2752,13944,616,35,5420
-3084,-392,13468,-2596,3168,13030
-1452,-2016,12008,-4587,-866,17313
1132,-4860,15944,-4852,-433,12671
-292,-5692,16640,-5162,-3074,13802
728,-5008,15316,-12585,-777,9228
3196,-6268,11060,-15864,-4804,6152
-1692,-10692,17336,-14636,-187,3618
1820,-12380,18096,-1449,-7085,1910
824,-7140,7356,-5242,-4597,-302
-1328,-14256,17220,-7211,-446,-1049
2404,-8052,3716,-6051,1033,-1953
4812,-14412,9432,3109,5588,-1244
5472,-16708,10536,-2474,4249,-15141
6032,-16088,8252,-7372,15140,-21776
-3888,-13236,10408,-3026,15307,-14803
-8664,-13228,10344,-4123,16349,-8625
-9272,-10380,9436,-4070,9832,-2645
-9788,-10404,11536,-3423,2987,-2126
-8808,-10212,13864,-1980,-2929,-40
-6052,-8964,13268,1061,-4337,5335
-4488,-10164,13784,2265,-4987,10948
-752,-10944,14096,4484,3704,18804
-1036,-11132,14244,1824,-2719,15145
2976,-14616,17184,-1287,-4008,2757
4316,-11228,11628,-1822,-6021,6006
2524,-14388,10420,-2901,-4942,604
2500,-12812,10444,384,220,3921
4072,-14364,12188,-730,-842,-6481
7876,-14088,8700,-255,6323,-13302
5444,-13128,9244,894,9675,-15081
-680,-11152,10020,956,13451,-20224
-3860,-10688,11036,562,13089,-11770
-5300,-11584,10868,-492,2313,-10479
-11004,-10112,13052,-2547,1624,-4786
-6212,-10696,11228,-1658,1458,-3483
-8076,-10440,11128,-1323,2022,-4067
-1344,-12476,11912,247,3433,-2748
-2412,-12492,13132,1582,1143,-3902
-2588,-16028,12912,5251,-3707,2440
-4896,-14648,16160,20439,-9043,3707
-4552,-8892,15264,21662,-12191,5984
-2108,-6956,16776,25902,-12940,7537
3208,-3456,9840,11753,-11146,9365
5620,-3932,12068,10779,-13005,6145
3472,-2428,11544,7358,-8105,4408
5472,-6492,13820,6103,-10004,8535
8220,-4880,9968,7958,-5420,4595
6012,-3516,9408,2999,3751,1437
3200,-284,11912,-8076,5597,2331
6392,-11528,20656,-7240,3848,1482
5824,-9116,20860,5253,1332,-2711
2296,-1620,14300,3260,-1147,-3529
2604,-496,13260,-2043,1447,-803
3508,-2264,15056,-2202,1923,-698
2816,-4360,18084,-2038,934,-997
