-88,14224,6408,-483,45,31
-388,14948,6800,-430,-33,-41
-308,14708,6732,-274,135,-192
-108,15000,6740,65,199,-387
-1580,17020,13132,-5767,-2496,-3198
1324,14540,9960,-4930,-5390,-7235
6568,15908,9916,-6860,-4434,3548
108,14224,9272,-11098,109,6185
708,13316,9408,-4685,213,7744
456,14516,11552,-2622,633,9224
376,12208,10596,-6513,-4070,4665
-1044,11144,4556,-2225,-11969,-5571
1408,13080,8572,1689,-6673,-6767
712,12924,6324,-1004,-2852,-1096
-3528,10576,6620,5856,-1391,-862
-2640,11272,4060,8197,2892,-7073
-3696,12824,5484,10119,1991,-4881
3332,27920,11788,6862,3164,-7468
-5092,15928,6044,-3441,-2288,-10804
-4676,15876,4584,1414,-165,-8538
-184,17592,4040,3545,-2093,-10728
1960,18384,2476,5592,13734,-72
3428,18600,1168,2612,8846,5617
3268,14580,2680,2707,8139,5676
4852,16600,4724,872,8807,5580
5700,15592,7444,1526,4051,1417
7828,14496,5872,318,3376,1090
3636,15684,8844,-2637,1654,5665
-1384,13784,9320,-5297,-3322,9938
-2172,12752,6368,-3886,1068,5582
-8800,14312,6700,-4658,524,1992
-12292,16316,3464,-869,1355,-2889
-6560,16092,3928,-2525,2830,10841
-1612,13488,1792,-5494,-9157,-3101
-2600,23024,5056,-1627,1865,-3190
1892,11528,-8024,-1646,-3899,-2555
10876,29104,18288,4895,-5886,-5010
-1700,11600,9352,-1439,-9778,-4188
4532,13836,9280,167,-4777,-4555
9848,16524,7536,-890,-6340,-1717
-668,14496,9604,-2590,4095,1147
28,14412,7368,-592,3847,-1040
-1556,14820,7884,154,2755,-1548
-1952,15000,7068,-1628,-1495,-791
