-3936,-14652,6568,-353,-230,-249
-3988,-14348,6240,-424,-216,9
-3980,-14064,6488,-265,-594,-141
-3740,-14384,6572,-565,-795,133
-3604,-14588,7632,-187,-2165,675
-3368,-14804,8336,812,-5389,551
-512,-12380,6124,3475,419,-4950
-3088,-14272,8964,2045,-4529,-4718
-2284,-15392,8012,2335,-3660,-6800
-2948,-14512,5384,632,-4167,-8350
-3884,-14660,4176,-3504,-507,-5979
-3636,-14816,4208,-6941,3423,-2316
-4320,-16404,4476,-7817,2901,-2403
-5152,-14788,4328,-7062,6957,-1067
-4620,-13376,4324,-6882,9276,3329
-4872,-13884,5492,-7235,11147,11326
232,-15004,7024,-7379,9896,12677
1112,-17012,11536,-1785,532,3421
-2132,-17344,6716,1013,-6873,40
-3996,-12988,6216,440,406,-2309
436,-16856,6152,3094,-8839,-6538
-1676,-15576,5796,4602,-13147,-9821
80,-15204,3008,2563,-7979,-8992
-3820,-13464,3916,-631,-5891,-7939
-5168,-14924,5600,-231,-3443,-4059
-5348,-14616,3420,397,-1490,-5
-2740,-15980,5140,-903,12,4817
-2272,-15960,6124,99,2498,1724
-1508,-15704,5776,1068,-512,-1161
-948,-14928,5804,751,1415,-948
-560,-15168,6084,193,1009,-824
-412,-15492,6316,31,-58,-544
