-1848,-10900,13116,-804,-590,535
-2040,-10516,13204,-39,-967,965
-576,-9340,12948,-980,1541,506
-1204,-10520,12184,332,37,-775
-2596,-10928,11504,-189,-692,-370
-3620,-11040,10864,-599,504,-265
-3208,-11428,10848,-1204,-1779,270
-2400,-10628,11344,-1621,-1850,411
-3508,-9940,10840,-2387,-995,1190
-2848,-10092,8836,-3474,-2698,3454
-1096,-9132,11360,-5658,-4888,3555
884,-10076,9012,-6791,-8322,-602
-3476,-13264,10276,-8377,-6199,-4890
3536,-5364,-2032,9381,-12225,9672
324,-9664,11676,-1791,-2111,6844
9296,-11092,16124,9192,-2544,-939
11356,-11948,8600,8160,5793,-18664
-2388,-20268,1912,785,30259,-26734
-14652,-18844,9084,-8510,3288,-14377
-7988,-19288,-2152,-3371,-97,856
-6448,-16052,6536,-7264,-15844,19940
8444,-8436,17592,-7715,-22045,21552
13724,-5964,20464,1841,-14033,6981
19292,-2496,19044,3361,-7946,5598
-852,-12280,7224,6523,929,-24351
-13848,-19708,-5576,6019,29076,-24630
-8040,-17352,4400,-11854,17172,-514
-720,-9208,13284,-6695,-5249,11141
5324,-8508,11672,4878,-4824,2691
1400,-12128,12076,3709,2888,-1020
664,-12608,11844,373,-508,-888
24,-11812,9876,2660,1940,496
