-4612,-14920,5540,-791,-1690,-149
-4100,-15056,5704,189,-123,52
-3680,-14712,5160,-777,-475,-31
-3900,-14900,5696,-1313,-709,-252
-3924,-15080,5100,-507,-824,-358
-3924,-14980,5656,-1244,-1111,-713
-3684,-14732,5748,-636,-2197,-221
-3372,-14752,5716,-608,-3456,472
-3816,-14552,6516,208,-1404,-229
-2716,-15328,6740,3104,-3916,-2269
-3888,-14148,6848,3568,-3493,-2740
-4580,-12128,2780,2206,-2899,-2329
-1168,-17544,9796,3528,-6820,-3880
-3768,-14824,9048,1432,-4524,-1864
-1452,-15288,7024,1533,-3389,-637
-3576,-11704,4692,1495,-1280,-2411
-4708,-13000,7684,1083,-1512,-2138
-3364,-13028,7208,831,651,-2199
-1860,-15096,7928,330,-1096,-2703
-1788,-14916,8232,-1463,-1694,-865
328,-15212,6132,-2728,-1047,-942
-688,-14604,4644,-3429,368,-1196
-1156,-14300,6596,-3259,596,-1077
-2364,-15020,8876,-2313,-232,-1820
-1180,-15392,7980,-1936,-938,-2292
-2060,-14964,7152,-2058,1926,-1156
-1760,-15316,7380,-2606,838,-1576
-572,-15572,5644,-2634,2985,-2039
-1560,-14988,5824,-2404,3217,-1781
-3048,-14860,4988,-2718,5226,-382
-4668,-13228,3492,-4577,8585,4004
-2724,-15268,8520,-3027,6101,2206
-2448,-14484,2156,-4297,7729,3302
-3136,-15300,5276,-8854,7392,7148
-3192,-14200,4764,-8013,7625,4520
-1916,-15732,6372,-3071,4498,2214
-1684,-16384,2304,-3043,1687,1865
-3792,-15320,1012,-6259,2943,5982
-2592,-15384,1916,-4313,4488,3662
-1580,-18268,4984,-1524,63,1755
-2852,-16260,3724,107,-692,98
-4004,-15716,2004,-431,-2038,674
-4012,-15812,1912,-1573,-905,1461
-2656,-16648,4412,1126,-2161,-1684
-2724,-16240,3244,3930,-4357,-5032
-2008,-16056,2520,4425,-6146,-4623
-2348,-15552,5096,4068,-6475,-3316
-4352,-14692,6352,2664,-8537,-2457
-124,-16960,4340,2815,-6604,-3219
-1492,-15292,1864,1299,-5778,-2285
-2464,-15976,3388,232,-5179,-1152
-3392,-15900,6668,954,-1632,-3841
-2048,-16348,4684,2799,-2438,-6334
-4140,-14484,6096,395,-123,-2493
-2452,-15028,3692,51,1241,-636
-3688,-15964,4476,21,133,-581
-4132,-16140,4984,-790,-155,321
-1464,-15460,5208,-345,537,-1220
-844,-15356,5204,395,207,-2001
-408,-15512,5556,79,-35,-1730
-208,-15176,5568,-15,20,-1227
-460,-15448,5472,-43,-23,-771
-448,-15360,5132,-193,161,-496
