-1700,-13812,8552,-1169,-920,-1057
-1548,-13660,8476,-669,-496,-580
-1804,-13800,8464,-276,-488,-521
-1792,-13776,8528,-207,-1198,-873
-1060,-13492,8332,100,-1171,-652
-1580,-13900,8804,296,-724,-710
-1144,-13712,8724,556,-1354,-1418
-1480,-13692,8692,706,-2048,-1624
-1176,-13796,9068,604,-3002,-1102
-2292,-11156,7008,179,-739,938
-860,-20728,14660,-224,-642,1970
288,-16672,11676,-3143,-1622,938
-1108,-16680,8516,-4163,1918,1902
-420,-16112,9800,-442,1565,912
-412,-16388,10340,1289,-473,-974
-1840,-8908,2640,-1405,1158,661
-2140,-11152,5620,-1465,871,832
-1736,-15736,9228,-2194,779,328
304,-16928,7236,176,1078,911
-832,-18132,10032,-501,1204,844
-1152,-14360,10852,1755,790,1056
-928,-12400,9312,919,1146,437
-1612,-11560,7008,-131,526,1475
-1200,-11296,7604,-3902,406,605
128,-14544,7800,-4142,2480,1377
-964,-13508,9448,-658,2001,263
-1288,-12748,11320,-2811,1003,-85
-604,-12372,8784,-1469,-91,-174
-3432,-12100,8016,-1032,735,86
-2672,-10532,6812,-1502,-646,-312
-4452,-12756,8576,-3431,-360,-544
-1632,-16760,10288,-4406,-1103,-2558
-3344,-10996,5596,-1562,-1574,-2616
-2864,-12348,8512,-1719,-2147,-1574
1288,-12304,8596,3880,-2631,-2952
1288,-28268,14376,3898,-3569,-2791
-7768,-20796,12836,-5286,-89,-512
-2692,-9452,4072,-510,31,-759
-2408,-32768,27592,11573,1264,2819
-4340,-32768,20240,11846,4313,-1380
-4372,-12016,5548,2745,-1491,-3014
188,-12528,4576,827,-2834,-1861
1592,-17248,3924,671,-1785,-2335
-2928,-13980,6300,3598,-1270,-1932
276,-14040,5304,4033,-3011,-966
820,-11088,2080,2203,-2718,256
952,-13008,6444,701,-1647,360
992,-13764,8592,-2,92,1741
2140,-18760,14028,1106,-1394,-900
-164,-6244,20,1473,2183,1229
-144,-9352,5412,3218,-421,-1552
544,-12168,9740,5685,1190,-1341
156,-12252,10240,2182,1047,1328
-24,-12500,9768,302,1122,1982
-876,-12864,10340,-1408,832,1376
-816,-13108,9956,-2016,345,11
-312,-12812,9512,-2552,812,-720
-300,-13260,9060,-1764,870,-289
-468,-13428,9280,-522,613,424
-596,-13408,9244,-803,231,253
-672,-13232,9376,-909,166,-121
-492,-13168,9240,-391,284,110
-820,-13264,9352,265,408,294
-688,-13092,9380,372,380,178
-724,-13012,9616,-45,143,-161
-612,-13176,9316,-495,243,-266
-788,-13232,9384,-488,322,-292
-932,-13196,9488,-101,261,-91
-620,-13276,9268,308,56,10
-912,-12980,9788,363,386,-17
-1116,-12812,9788,-245,390,-163
-620,-12932,9588,-894,211,-254
-528,-13152,9408,-1370,211,-216
-380,-13356,9436,-1248,-9,-271
