1544,-12508,10116,-368,187,-227
1572,-12512,10212,-399,147,-176
1748,-12328,9608,-445,-26,-181
1664,-12488,10080,-445,43,-150
1420,-12700,10136,-420,78,-179
1568,-12676,10184,-301,83,-332
1656,-12524,10168,-169,126,-281
1592,-12616,10212,-227,162,-122
1560,-12580,10060,-312,162,-86
1572,-12744,10400,-259,127,-196
1596,-12628,10276,-70,170,-338
1648,-12356,10280,-138,161,-198
1484,-12524,10192,-167,242,-71
1628,-12400,10056,-162,168,-362
1688,-12540,10104,10,25,-484
1716,-12600,10108,420,206,-194
1552,-12344,10548,773,377,89
1464,-12544,10296,1073,537,-363
2020,-12648,10384,1184,814,-354
2444,-11988,10576,980,1687,948
2704,-11132,10784,576,1345,3905
440,-11936,11716,-456,2053,5316
11096,-20016,10840,-10977,-5689,-9456
9440,-20596,15240,-7230,-689,-11113
2460,-16648,12244,-4166,1265,-6532
924,-10320,10916,-2917,2250,-3314
1104,-13316,12112,1863,112,-5615
-264,-10272,9036,3438,-767,-2670
-2556,-13020,9388,2987,-2291,-2403
-332,-14032,7304,2223,-9255,-184
-80,-13704,8448,4143,-7832,559
2704,-18088,7312,5282,-6327,-61
3420,-13696,5148,3796,-6242,-186
1660,-16928,9276,3163,-5133,3141
4592,-16156,8924,764,-2037,6540
5492,-10652,6948,273,697,4497
5188,-12824,8400,-406,1794,2478
4568,-10624,9460,-4533,3213,3831
5560,-10788,10324,-2272,3231,1144
4056,-9916,13160,381,3850,52
3424,-11864,11228,341,4464,1088
1900,-10180,11880,218,3728,1224
1060,-10176,12516,806,2409,822
656,-11768,11996,-2306,526,-1085
1428,-12144,10700,-5748,-1421,-2348
2072,-12764,9404,-4949,-809,-1937
