2188,-12220,10448,-563,146,-176
2416,-12256,10576,-428,173,-211
2172,-12356,10500,-312,93,-283
2276,-12372,10480,-283,121,-262
2128,-12232,10528,-185,184,-167
2392,-12248,10516,-147,199,-252
2540,-12236,10668,-153,78,-281
2136,-12216,10596,-170,110,-166
2148,-12080,10604,-240,186,3
2232,-12168,10632,-283,91,-205
2240,-12128,10548,-441,126,-330
2212,-12236,10548,-443,155,-400
2152,-12180,10472,-415,0,-434
2308,-12152,10484,-376,-8,-412
2240,-12260,10440,-405,-129,-383
2244,-12292,10668,-347,-346,-685
2416,-12280,10552,-252,-792,-1194
2060,-12380,10576,-60,-951,-1348
2048,-12476,10484,213,-1078,-1143
2664,-12296,10196,643,-1460,-1856
-3840,-19724,32767,-1409,-6560,-465
2496,-12192,7352,-3696,467,2403
2288,-13632,9460,-3616,1198,630
2536,-11616,7276,-5218,1511,718
2400,-15192,9268,-7264,2838,329
1788,-12580,7196,-9407,3571,1816
2484,-13992,9264,-6267,3951,51
3664,-13716,6496,-5534,4486,-98
3324,-14232,9416,-4634,4387,-463
3760,-12912,7408,-4057,6249,149
4252,-13276,8876,-1434,6223,73
3236,-13312,9004,-508,1725,-218
3664,-14092,11796,-729,921,-1427
1828,-13584,11048,1760,2972,-3628
2304,-10988,9760,6401,4529,-3895
908,-12092,8136,10436,2513,-8359
-4360,-11416,11624,7099,1250,-3117
-1500,-12272,12100,5387,-1492,552
732,-13476,10780,2144,-3966,-1007
-332,-10896,10492,-1260,-3571,-419
2040,-12212,10020,716,-3248,815
724,-13348,10052,592,-7865,-298
704,-13120,9652,-1965,-6155,1026
2060,-12320,10280,-497,-4431,3108
1296,-14064,8376,1376,-5130,2386
2524,-14016,6012,-1931,-5652,687
1160,-12956,7448,-1470,-4514,1091
2964,-13120,6056,693,-2821,3066
2476,-15236,10116,1988,-4253,773
3008,-13944,9900,1986,-1101,2293
5364,-13120,9480,871,857,2849
4280,-13684,8648,-1007,711,2601
2892,-13340,10072,-2338,2258,1764
3620,-12436,10120,-1846,2570,970
4120,-12472,12808,256,1693,-627
3860,-10356,8748,1562,1676,-589
3804,-11888,10548,2254,998,-795
3280,-11328,11328,1438,1664,92
2376,-12272,11040,-877,1250,1193
2324,-12424,10368,-2560,616,983
1960,-12804,10220,-2898,226,226
2104,-12984,9596,-3159,-524,-437
2256,-13032,9672,-3131,-377,-583
2424,-13212,9192,-2393,-339,-578
2292,-13760,9320,-1171,-40,-235
3932,-15716,11748,2194,938,-305
3092,-12152,7892,2922,2325,-506
1912,-11508,8756,370,1636,-181
