-1496,-13308,8928,-333,157,-168
-1580,-13560,8852,-508,102,-228
-1620,-13528,8972,-803,-79,-233
-1656,-13868,8900,-615,13,-141
-1560,-13520,8816,-190,-18,-339
-1640,-13352,9012,-130,130,-159
-1636,-13512,9004,-367,198,-111
-1780,-13500,8980,-599,-36,-390
-1732,-13484,8816,-1003,86,-109
-1800,-13496,8816,-645,235,-34
-1404,-13504,8736,-405,29,-230
-1596,-13340,9096,-307,29,-175
-1652,-13572,8776,-314,171,-160
-1628,-13628,8788,-503,56,-262
-1616,-13468,8796,-506,247,-30
-2332,-13804,9020,226,-847,-653
-1616,-13492,9068,439,-957,-837
-1728,-13384,9052,852,-2148,-1360
-1528,-13560,8888,1455,-3124,-1780
160,-12816,8696,3595,-5627,-2267
-388,-13172,8788,2668,-2724,-687
-936,-13072,9972,4830,-3121,-465
1172,-13780,6240,5816,-2699,252
-132,-7628,16980,-1516,-3884,1537
-2300,-15824,10284,-435,-854,3024
-1368,-15280,8736,-1619,-1592,2995
-1036,-12840,12732,-4054,-1400,2972
-372,-7948,3952,-4611,-1979,3223
700,-12736,9432,-1879,-45,3406
672,-9204,8744,-4299,1023,3499
-448,-10936,5960,-8286,6481,4238
-1708,-13936,10100,-7328,7601,2463
-1828,-14536,8908,-10332,4658,-2178
-5136,-13136,8800,-5442,3290,-1837
-2112,-10892,7832,628,2335,-5935
-276,-12384,5144,-196,2680,-2973
-6240,-20484,14924,-1944,-22,-2920
-10720,-12740,12628,-2050,-313,-2502
-10448,-4056,6032,1788,9851,-2511
-1728,-30464,17896,4609,-5351,-3072
-13260,-7064,3524,-17033,3334,-3329
-5912,12936,-21924,6220,-25500,1230
27924,-19544,9716,-22710,-16078,-22102
4516,-18812,6000,-13759,-969,-11622
21644,-18664,-2852,-3248,-16832,-20208
-5100,-5188,-6780,-4266,8937,8320
3564,-14308,3600,-5040,-511,4488
4200,-9780,1160,6003,3436,-675
440,-13172,9764,10503,3535,-1337
-592,-12756,10940,5354,3462,1177
-1084,-13196,9836,194,1354,249
-580,-12792,9392,-1286,258,-1159
-228,-12892,9480,-1056,708,-331
-640,-13300,9396,-1120,1092,132
-660,-13360,9264,-1320,476,-38
-480,-13560,9084,-623,824,-214
-640,-13356,9532,-230,528,-460
-264,-13068,9384,-6,1062,-17
-360,-13148,9236,-325,1826,489
-980,-12884,9376,-642,1120,-76
-716,-13440,9412,-760,121,-416
-560,-13248,9052,-542,913,253
-1176,-13292,9452,-203,140,-75
-748,-13288,9464,-281,166,-169
-536,-13288,9036,-445,558,-177
-684,-13272,9296,-999,44,-123
