-1992,-14328,7440,-228,123,-33
-2176,-14280,7644,-315,300,-270
-2196,-14236,7624,-110,217,-115
-2032,-14336,7748,-51,326,-167
-2032,-14276,7548,-192,209,-311
-2348,-14304,7500,-22,556,-426
-2484,-14492,7368,399,1055,-717
-7948,-12216,13000,-707,-1206,4912
-3032,-14192,5980,-1349,4332,3982
-2308,-14452,6544,-3722,4843,3938
-3560,-12888,2464,-5348,5859,3902
-3316,-12440,1180,-10527,7323,4943
-3916,-14824,4468,-12362,5283,1639
-2228,-14152,1128,-13145,3811,-1170
-1716,-15436,2444,-13578,4704,-1891
-1572,-15992,1496,-13414,4134,-3504
-4204,-17700,5204,-15065,1413,-8402
612,-17076,2696,-9740,-1314,-11772
-196,-18312,3404,-2783,-3147,-14742
-948,-15156,3452,-313,-2293,-20005
-1980,-18388,3460,2297,-3999,-15832
-7224,-21444,7248,12186,-9976,-9726
-3844,-19204,5028,23306,-10089,-3522
-184,-16292,2284,23538,-10453,-2297
-996,-14296,2420,18013,-7805,-1577
812,-16836,5444,14324,-5741,5117
1388,-17968,2476,9579,1829,10681
1568,-15332,3184,2376,11406,17216
2352,-15052,4376,-4932,14102,15273
3768,-16588,7024,-6624,7261,4487
3064,-16008,10940,-5755,1684,-892
988,-14736,4792,-4451,1015,-1058
1876,-15544,5132,-1738,1749,-462
-1392,-14700,6460,-1407,-945,1730
-1996,-15192,6220,-746,661,2409
-2520,-15280,5708,-196,547,1455
-2496,-15236,5904,261,15,125
-2224,-15056,6264,418,764,-625
-2008,-14968,6228,28,267,-775
-1944,-14936,6404,-84,525,-664
-1768,-14916,6176,-155,54,-399
-1968,-14960,6188,24,220,-295
