-8396,3284,12500,-756,15,-115
-7840,2680,12728,-733,314,52
-8248,3136,12704,-768,721,-27
-8952,3268,13556,-1238,306,-420
-8352,2804,13020,-863,675,79
-8532,2064,12904,-1857,771,86
-8108,1948,11928,-2197,1174,-384
-8508,2368,12240,-181,1960,-318
-9572,1920,13372,-1144,2085,-1057
-8232,996,10956,-3344,313,-3829
-7556,1780,11492,-180,4099,-710
-10064,3904,12888,-95,3798,-1197
-8292,2380,10820,333,1723,-993
-8528,3552,11360,6470,6182,6500
-8868,3692,10412,11551,6571,10893
-8864,6668,12572,767,631,6558
-8724,6236,11484,229,25,9242
-9072,5344,12000,-1033,598,9757
-8400,7852,12048,-643,2846,10497
-9052,6296,10344,-365,1903,8893
-10480,7132,9748,400,2422,8151
-9796,7656,9628,903,1537,9069
-8596,7856,10260,670,1867,8600
-9916,7376,9024,808,2881,6625
-11048,7080,10272,2119,2805,6463
-10832,5136,9656,2641,97,4235
-10852,4848,10184,2936,-369,1873
-12640,4500,12240,4376,-772,-3318
-8776,5196,10868,3018,-5810,-5099
-11300,3760,11600,755,-8840,-7967
-9336,6464,10896,1651,-5730,-11895
-8832,4620,9088,4282,-4052,-13251
-8248,3996,11300,2710,-7508,-11618
-9428,9304,12456,857,-3406,-9181
-9244,4332,13196,855,-4150,-6750
-8456,8420,13792,-53,-4125,-5862
-7420,8824,12012,1198,-1715,-2072
-7176,7508,10416,-886,-2852,-1187
-9608,8984,10156,-1032,-1379,-1322
-7716,9368,9676,-2328,-31,439
-8884,11008,9588,-3667,4019,3391
-7224,13568,15124,-7855,3425,10090
-7872,4228,10816,-5672,4996,9010
-10000,6224,12484,-8245,5404,6118
-14864,824,11580,-7644,4942,1828
-15812,4156,12900,-16225,-3843,-8677
-11176,2072,10588,-13849,-17718,-10968
-5692,2700,12824,-11425,-11469,-11767
-4780,1404,12928,-11346,-9210,-10129
-5548,632,14144,-4396,-5104,-5871
-4856,-1988,13080,-7774,-6542,-6933
-4168,-2556,12052,-914,-2542,-4039
-5080,-32,16852,-2723,1061,118
-6148,-1456,16384,-5100,-1456,-1139
