-1612,-12660,9820,-1501,4,702
-1760,-13016,9700,-3403,-1074,-431
-1580,-13056,9404,-5184,-1193,-1010
-1512,-13784,8756,-5771,651,-356
-1096,-13844,8532,-6681,-1384,-858
-1084,-13968,8020,-8429,-1569,-257
-1776,-14772,7448,-8554,-1085,-1548
-552,-15312,5972,-7940,-2525,-2862
-596,-14824,6044,-7004,-1857,-2895
20,-15368,5504,-5137,-479,-1422
-40,-15664,4656,-2956,-11,-910
-284,-15680,4864,-462,339,-1542
-476,-15736,5496,1167,809,-2883
260,-15464,5568,1824,180,-2896
60,-15332,5424,3233,-1402,-3995
720,-15272,6148,3949,-927,-4354
-632,-14256,7188,3216,-1604,-2987
-7388,-18816,12248,1895,1216,4034
-1104,-16076,8680,3145,-3580,-1618
284,-16936,4368,1800,-172,598
232,-10112,2572,-19,659,3451
1312,-12444,7304,2767,-501,20
1608,-13708,4244,5139,2051,-440
-564,-15312,9200,1576,2610,1831
1092,-15048,6992,-1737,3030,2410
588,-15988,10552,7985,2703,-945
-48,-12512,7248,5895,1362,-163
-412,-14372,6048,95,2468,2638
-1092,-8036,3508,-2355,354,2108
-628,-13212,7276,-806,-1602,1143
-944,-12520,8632,696,-644,1290
-612,-14424,10620,1275,-435,360
1284,-15412,8892,-1395,1036,1766
-904,-11404,8312,-1032,1258,2182
-172,-14148,6432,-205,2899,2093
-200,-12780,7236,-1501,2419,658
-2032,-12048,10440,-2435,1854,0
-1188,-12536,10452,-2674,730,-567
-712,-13820,9900,-1330,1764,-444
-1484,-11240,7728,-517,906,-63
-1104,-12284,9848,-2786,313,-686
-2244,-11992,7532,-3613,1114,293
-1480,-15036,11236,-2138,-595,-2394
-2628,-11840,7176,-2271,882,-2268
-3248,-12528,7088,-2888,140,-479
592,-15876,10952,-4533,-4881,1238
3992,-11896,6996,17,-1886,-1730
-828,-14268,6960,742,-2526,-1878
-3844,-17336,11880,-271,-1925,-982
1028,-10800,4592,-1097,-333,474
-1684,-12864,68,-1112,323,-1596
-232,-11084,568,-1870,-2051,-2316
100,-17640,8576,2262,-1722,-2386
2096,-18816,2272,956,-1231,-1401
-2852,-15096,7692,2686,-1983,-1902
-1440,-12636,8112,1758,-4983,-1978
-348,-14880,6672,2683,-5396,-1313
-500,-15040,7608,2499,-6818,549
1520,-14340,6324,200,-7611,1959
1664,-14340,8012,156,-2169,737
1044,-14628,7772,-23,-807,186
3156,-13364,8040,-360,-1508,627
1844,-15596,10488,213,-184,-720
2072,-12480,10140,-507,-429,553
4932,-10256,3872,6980,3945,-3937
1996,-12224,9596,3355,2243,763
1292,-12392,9352,1174,2394,2950
-396,-13392,9956,218,1794,1410
-92,-12984,9580,-377,704,10
636,-12812,9740,-1045,858,316
-180,-12952,10296,-1154,942,781
100,-13100,9696,-963,717,561
276,-13116,9684,-596,734,398
148,-13228,9608,-630,564,339
-64,-13240,9536,-374,504,119
-184,-12848,9396,-29,739,374
-524,-12888,9992,461,1038,451
-324,-12952,9780,-54,647,-149
-168,-12948,9540,-942,207,-283
