1012,-13528,9084,-37,208,181
888,-13576,9152,-214,-2,-62
964,-13360,9196,-418,-77,-94
944,-13232,8768,-570,-109,20
908,-13732,8876,-515,-189,17
1256,-13504,9184,-676,-400,-71
952,-13424,9096,-766,-339,-80
776,-13624,8892,-758,165,-22
1008,-13540,8936,-640,220,-302
780,-13540,8876,-567,200,-561
1152,-13552,8860,-526,-113,-620
1144,-13556,8848,-491,225,-244
1172,-13500,8992,-506,201,-284
1040,-13544,8868,-558,290,-414
932,-13436,8640,-967,-26,-393
952,-13640,8752,-634,42,-281
1076,-13560,8668,-408,47,-318
988,-13532,8788,-53,179,-407
828,-13724,8884,494,158,-539
1008,-13632,8796,1080,206,-434
1304,-13404,8904,1626,322,-344
1180,-13512,9356,1884,874,-333
1040,-13216,9708,1781,1074,-368
1224,-13068,9664,1333,1252,-318
688,-13084,9796,1069,874,-438
860,-13040,9700,660,328,-877
1004,-13320,9424,-552,95,-925
1364,-13148,9268,-1301,368,-822
1756,-12676,9764,-1618,811,-30
2924,-12432,9984,-2685,1520,1858
2652,-13464,9432,-6488,2463,4722
9132,-12556,11212,-9451,2408,-917
5860,-10328,10576,-8430,8443,-12207
-752,-10828,11952,2281,2769,-14417
-2784,-11764,9696,9936,2562,-4964
-12744,-15768,7756,13246,-3821,-5195
-5540,-17424,5292,3136,-11070,2336
-2068,-18236,4372,2824,-9770,6072
608,-19224,6168,121,-6327,9709
8044,-14380,2960,-5769,-2524,12034
7284,-14368,7828,-4739,183,5309
7968,-12524,10240,-1192,3782,2090
6500,-10764,11440,1727,4894,3021
1844,-9544,15372,2848,2539,2663
-1292,-11196,12708,2982,674,4822
-520,-12916,10488,-283,1070,1251
-4,-12820,10500,-5111,236,-2574
828,-13016,9252,-5593,63,-3006
844,-13360,8752,-5462,587,-1619
544,-13784,8444,-4587,165,-1426
