-80,-16232,2404,-856,-603,49
56,-16260,2612,-72,151,244
-372,-16292,2960,278,-27,226
-324,-16260,2880,94,31,18
-524,-16252,2992,-70,213,-385
-232,-16132,3068,-474,-183,-725
-24,-16172,2828,-881,-145,-907
-276,-16320,2896,-1274,26,-592
-4,-16348,2708,-900,-245,-770
12,-16580,2460,-479,462,-991
196,-16132,2416,918,1002,-1753
68,-16324,2980,1339,702,-2285
456,-16432,2732,1346,-3253,-2547
-25880,-32768,30012,-11116,-6174,13572
-36,-15344,424,2062,458,847
-936,-16144,2544,1163,-5,882
904,-17536,4628,5832,1642,-2906
-352,-16160,1212,1244,1577,-61
664,-16944,4652,-3132,3274,2628
8,-10108,-36,344,3534,1612
-404,-17636,5612,6385,3050,-333
-2920,-13072,3792,-118,-1716,1695
-392,-16536,5784,480,-1279,1412
1096,-17536,2884,1422,81,1962
516,-19400,6456,1081,1758,1930
32,-17368,3364,-3143,714,2343
-648,-16668,3440,-4508,-379,1899
-1632,-16172,3744,-5482,-762,463
-440,-18164,5620,-2698,-114,-285
-816,-15644,5204,-5092,-585,-776
-856,-20992,6956,-3417,-2484,-2576
-2316,-19716,5016,-1768,-1974,-1523
-668,-15500,2204,-1789,-1950,-1927
-3412,-20580,6284,-1514,-2794,-2409
-5072,-17228,3592,-2812,-3082,192
-32,-6432,-4084,-3224,-4600,-3941
-2008,-19880,6256,-4595,-4861,-2047
-672,-31688,8900,-11047,-7742,-769
2848,-32768,12476,7612,-3435,-4065
-316,-12968,1692,4585,99,-1738
-1092,-17616,5232,9916,-87,-1189
-612,-12028,-1232,4761,2383,-282
-1572,-18384,1672,4342,471,2619
-2356,-18260,4928,3715,347,20
-1492,-17384,3732,4154,-877,-759
-2152,-15768,2396,2940,-18,6
2620,-15304,984,4570,1766,-669
2864,-17708,6592,3770,-673,-1049
348,-15204,6756,1650,429,-3316
1452,-15192,5036,1004,543,1892
732,-15444,4984,381,673,3550
136,-15704,4872,434,245,2759
64,-15680,4664,-80,246,1623
32,-15752,4432,-336,306,265
-240,-15676,5032,-470,102,-723
408,-15504,5212,-911,-119,-1163
428,-15384,5260,-1557,-296,-513
228,-15524,4940,-2123,-178,200
180,-15672,4844,-1812,-161,268
0,-15888,4652,-1447,-244,37
144,-15832,4564,-932,124,-44
136,-15744,4588,-110,-117,-127
420,-15644,4608,338,305,-7
