-3064,-10504,11516,-250,395,-469
-3476,-10308,11900,34,63,60
-3380,-10136,11816,-197,279,-473
-3232,-10304,11668,-312,131,-337
-3512,-10132,12244,-182,108,-504
-3276,-10540,12560,-412,137,-486
-3464,-10148,11548,-42,-1,-362
-3504,-10708,12040,-151,-178,-192
-3200,-10532,12216,-75,-160,-251
-3764,-10640,11864,-24,-367,-235
-2068,-10224,11660,-390,2955,-789
-4680,-10076,12380,-299,-1077,213
-3596,-9964,12564,-709,-626,-748
-2556,-9984,11736,-288,1092,-1206
-2928,-9336,11976,-184,-415,-1415
-2096,-10524,12672,-316,2053,-3241
-1984,-10480,12268,745,-399,-2044
-3072,-11960,12680,129,630,-2541
-3192,-10844,12624,-283,-313,-1038
-3492,-8864,12008,470,-1541,-2137
-1544,-8152,9088,-895,-2470,-3220
-1100,-9020,8596,-3896,-424,-4131
-2500,-11504,11308,-3831,-356,-3892
-18880,-29324,31512,-5042,-1648,797
-2408,-12252,10240,-2163,1456,1652
-1796,-13724,8584,-6034,2876,6269
-1820,-12284,10240,-5389,-5201,4976
-964,-11900,12704,-4811,379,1368
1052,-12020,6156,-5883,-5108,890
-540,-11940,12820,-7087,-4142,1111
892,-10484,10836,-5753,10414,-390
-320,-11084,11872,-3272,4419,-3315
-3064,-10976,13324,-132,635,-5358
-3728,-11600,10228,4542,-17800,-3791
-5400,-10364,13604,6625,389,-4834
-3764,-10796,12364,6217,-5290,-1682
-1580,-12520,11828,4154,70,-3432
-5124,-12964,9936,3520,5457,1824
252,-12948,7988,3319,1889,2471
-2204,-12348,10152,1579,2533,831
-1004,-13452,9780,170,-840,2757
-988,-15140,8864,-365,1155,2963
-296,-13628,9464,-1688,1859,4926
-832,-13104,9644,-4377,7999,3133
-736,-11456,8880,-4503,3857,4843
1372,-11616,9616,-2119,-8119,2013
-36,-10148,13020,-2048,-3467,-468
-1676,-11100,12984,-155,-12,-266
-3444,-10284,12484,1500,705,786
-2056,-11492,10864,1102,-598,783
-2800,-11684,11852,226,-30,-69
-2536,-11324,11408,-788,289,-552
-2676,-11652,10864,-953,526,-356
