1640,-13260,9356,-922,-88,-333
1764,-13208,9368,-861,-119,-286
2028,-13276,9188,-953,-191,-290
1904,-13392,9292,-1046,-16,-322
1860,-13200,9288,-1137,-79,-256
1740,-13256,9232,-1196,-35,-322
1896,-13380,8956,-994,-133,-554
2016,-13564,8684,-699,99,-541
1852,-13476,9032,-417,109,-377
1756,-13256,8820,-138,175,-463
2124,-13120,9148,-83,310,-424
1844,-13332,9152,-64,108,-445
1936,-13160,9044,-123,77,-289
2028,-13304,9200,-517,-38,-88
1900,-13240,9280,-869,-116,-176
2072,-13356,9192,-956,-18,-300
1880,-13404,9192,-833,-67,-423
2128,-13260,9164,-758,-29,-268
1968,-13432,8936,-810,176,-112
2096,-13404,8980,-748,39,-237
2064,-13460,8792,-582,-53,-504
2132,-13380,8916,-375,-79,-314
2208,-13408,8892,-80,131,-159
1848,-13460,8992,269,123,-417
2268,-13116,8880,642,126,-526
1948,-13424,9104,975,233,-285
2208,-13272,8988,1425,472,-334
2188,-13056,9128,2099,809,-149
2316,-12956,9396,2817,987,362
2524,-12688,8904,2378,1559,1222
2324,-12656,10160,1915,2786,2541
1580,-12612,10396,912,1985,3865
860,-12480,10244,508,1026,4558
840,-12764,10316,-260,-59,3844
956,-12556,10440,-309,586,3965
1008,-12508,11296,-1555,-149,3496
4028,-15068,8968,-1825,1256,-5368
100,-12112,11136,1491,4049,-5730
36,-11196,13212,2806,2846,-5343
-2012,-9524,11976,-120,939,-3541
-3552,-12104,12528,-2420,-2767,-4103
-3644,-13472,12180,-1567,-4280,-5000
-1572,-13436,9652,1638,-10260,-3683
536,-13068,7772,1713,-7585,108
3856,-14360,6748,672,-6922,-1382
5132,-15888,4216,-452,-6173,-2535
1852,-13312,6944,229,-2946,2631
4492,-16352,8012,1317,914,3551
4160,-16200,7948,973,1841,2347
3952,-12352,8864,-1074,2287,3281
5372,-12940,9976,-3344,2233,2717
6536,-11624,9128,-1885,3129,-313
5956,-10700,11796,-286,4926,346
3780,-11260,12612,-1053,5868,2271
2992,-12204,12716,-1184,5605,2830
-908,-11368,12248,1133,4046,2582
-1492,-11192,12700,1462,1554,1409
-668,-12528,12368,-4238,-749,-3757
1656,-12252,10724,-6036,-1788,-4715
3008,-12860,8932,-5736,-1663,-2439
2760,-13308,8176,-5250,-801,-320
2424,-13604,8340,-2730,-155,382
2128,-13560,8392,-288,-114,335
2156,-13548,8408,1171,165,135
1896,-13544,8800,2373,346,63
1620,-13376,9132,2913,603,81
2108,-13148,9528,3301,806,39
1588,-12704,9856,2482,837,-198
1876,-12708,10048,1627,566,-428
1912,-12700,10108,861,459,-558
