1776,-13084,9436,-493,58,-223
1888,-12968,9548,-558,73,-197
1864,-12860,9260,-471,-6,-42
2112,-13100,9396,-365,68,-87
2016,-12992,9632,-440,94,-177
1788,-13088,9592,-325,51,-257
2056,-12988,9576,-329,31,-274
1868,-12996,9508,-353,164,-182
1896,-12972,9580,-300,173,-234
1936,-12824,9540,-350,-28,-427
2248,-12828,9516,-365,159,-125
1936,-13004,9512,-318,271,-73
1820,-13080,9616,-301,73,-345
2048,-12984,9604,-370,218,-150
1872,-13000,9472,-441,176,38
1964,-12968,9464,-295,25,-128
1904,-12984,9608,-284,171,-373
2024,-12896,9600,-110,259,-336
1796,-13048,9584,260,239,-253
1980,-12912,9348,801,281,-404
2012,-13068,9240,1263,88,-717
2120,-13804,7692,4253,509,-1286
2636,-12836,8932,6962,2314,-461
2588,-12200,10576,5676,4700,510
4616,-10728,10260,-7201,3834,2684
3020,-10584,12544,-5869,2744,2808
3516,-12000,13200,-5423,1214,2552
3160,-8480,8916,-6357,2956,-6493
4372,-11704,11512,-2672,543,-9384
1168,-11292,11040,817,3073,-6512
-1236,-12828,11020,4140,1956,-5144
-5464,-13276,8784,5321,31,-2496
-4856,-14596,9916,1467,-5743,-1551
-2204,-16596,8104,2186,-8102,-1132
-2592,-14236,6908,3893,-6443,-398
3304,-13924,4556,925,-6010,1892
3504,-14140,5448,-1172,-3273,3417
6416,-13616,5956,-5135,190,6233
6164,-12752,6616,-7477,2614,6545
6928,-13220,8244,-6460,3559,4215
6060,-12264,11276,-4117,4829,2379
2228,-12136,12528,-3437,3709,1889
1452,-12748,12048,-3346,1856,843
-728,-10564,11728,-112,1148,936
-112,-13120,10448,1495,827,-312
1152,-13616,9076,-1143,-216,-2264
1572,-13800,8624,-1898,-749,-2172
2172,-13756,8508,-839,-460,-1211
1804,-13996,7972,-701,153,-443
2028,-13932,8208,-529,391,-358
1716,-13984,8484,506,303,-675
1968,-13616,8456,913,128,-679
