2612,-15044,6004,334,89,-147
2452,-15024,6044,186,436,455
2084,-15152,5820,75,495,338
2256,-15364,6048,92,549,-96
2384,-14800,6176,343,529,-156
2132,-15048,5868,591,387,-346
-16,-15044,3056,-1140,1151,1052
3796,-18708,-3044,-1620,2952,1103
1312,-20800,5376,-277,3234,1577
204,-15868,6788,1574,2692,925
3624,-15868,3928,-1348,4420,454
1768,-13356,9712,-2872,4069,-1271
4916,-11704,6132,-1090,6276,-2097
984,-17968,10556,1862,2701,-4878
528,-14392,12612,-317,356,-970
248,-9448,4900,-1495,444,1152
3816,-17712,7844,1495,-3300,119
652,-11728,7284,4717,-3988,1202
-2364,-9860,2808,645,-176,594
-2004,-17172,8164,1000,-4759,381
-7056,-11984,1024,687,-6539,426
-1968,-8576,-484,483,-7647,2574
-1056,-21180,7524,172,-10002,6939
7524,-18892,8452,3731,-7865,1860
2332,-19600,640,-1817,-4378,4959
2516,-17924,8016,-820,-1199,5452
9236,-18800,6380,-2996,3701,1678
3548,-16592,4624,-4950,8581,986
7168,-10956,4272,-5920,12259,-310
6928,-20356,17144,1633,10425,-4224
4492,-12552,11520,3440,3461,-5748
556,-16208,13824,822,105,-3172
3140,-16716,7120,-1194,702,-2146
-4916,-20348,6608,-328,1502,-155
-3104,-16792,10800,-3283,-3080,970
1048,-15068,6244,-3934,-729,-1273
3832,-21632,5060,515,-4748,-2317
