-1600,-13688,8544,-405,115,-121
-1692,-13616,8652,-425,83,-40
-1872,-13752,8556,-791,117,-73
-1660,-13764,8076,-1071,243,-375
-1796,-14064,8284,-1295,126,-964
-1644,-13792,8180,-1340,-45,-849
-1728,-14012,8012,-938,-102,-1043
-1780,-14092,8292,168,-290,-772
-1540,-13632,8244,756,-353,-523
-1152,-14092,8184,1039,-39,-498
-1024,-14320,7792,2038,-744,-830
-1760,-13884,8652,2534,-660,-621
-2000,-13200,7256,1413,-1047,-18
-444,-11992,7164,-4995,-2508,4317
-472,-14152,7012,-721,-1400,74
-1772,-13608,7396,-341,624,478
-1876,-15072,9040,159,330,655
-1924,-12792,9188,-1392,266,919
-2112,-11984,6212,-874,716,825
-1704,-11412,9592,21,592,314
-1400,-17344,10544,-11,1706,337
-1412,-16308,7496,-498,1217,620
-1808,-12808,9064,8,1296,-853
-1728,-12284,5828,-281,1246,370
-2100,-12536,8516,-126,733,-211
-3132,-11976,9444,-1251,1137,-20
-2960,-12840,8404,-323,503,1352
-1376,-13456,9056,-385,2310,1383
-3804,-13848,10868,-1180,1059,569
-1916,-15564,8628,-694,890,328
-2800,-13328,9412,-1650,1164,-163
-1500,-14248,8588,-145,2120,698
-1988,-13848,9164,-1161,424,-308
-2176,-13600,8832,-2143,2151,-47
-2836,-13300,11068,-2782,205,-1003
-2816,-17104,10508,-2030,674,-1804
-2220,-12388,6128,-2061,1778,-1836
-2760,-9476,4328,-1446,-1211,-2733
-2368,-19556,14224,-1222,-2214,-2070
-4388,-11424,6720,-3256,-1430,-149
-3672,-13448,8508,502,-661,-2569
-2288,-18808,12140,-2297,-678,1109
-2644,-11296,5232,2389,177,-1714
-2072,-19412,10300,1918,-2111,-1377
-856,-22080,12032,1431,-1358,-2205
-1188,-12876,4040,-500,-300,-2019
-3520,-14600,7304,-166,-1560,115
-2844,-14096,6608,3048,-3466,-374
-2456,-13276,7012,1477,-1830,-589
-6508,-12236,10576,1308,-2805,-62
-4372,-12856,2536,2356,-12134,5350
-2060,-14568,5696,1006,-5510,4068
-2000,-13588,4716,-939,-2687,1378
120,-16972,9844,-4237,-3665,2654
-792,-13124,5924,-2825,-1783,1529
1228,-14364,10304,-1989,-2276,-205
-1276,-16652,9328,-2934,-657,1579
-1904,-14432,7776,-1074,-1134,225
-488,-13440,7752,-956,6,-410
136,-16480,8508,365,-1006,-252
2408,-16744,13004,3810,-784,-2584
316,-12536,8864,3540,745,-1928
-496,-13680,8916,748,579,665
-824,-13588,8836,-675,-237,1240
-1392,-13764,8752,511,528,760
-1332,-13728,8816,122,408,340
-1116,-13648,8680,-898,104,121
-1180,-13968,8424,-270,319,196
-1248,-13696,8756,-197,286,74
-1300,-13696,8632,-514,428,-58
-1324,-13900,8592,-227,353,-371
