164,-12104,10928,-1089,17,-338
836,-12152,10700,-852,-213,-211
556,-12256,10768,-609,287,60
192,-12480,10820,-348,205,-122
68,-12424,10872,-187,374,-357
268,-12288,10724,-162,172,-574
380,-12188,10628,-131,196,-314
244,-12180,10516,207,628,-168
88,-12060,10828,534,451,-694
296,-12144,10824,624,-11,-1130
644,-11952,10804,726,-450,-962
744,-11840,10976,1189,96,-222
1176,-11856,11120,1026,579,730
2240,-11456,11024,535,2379,2999
-752,-11548,12604,-430,3995,7070
-1328,-11396,12480,-3580,571,5516
4664,-8272,10332,-3962,-4080,-9327
940,-10036,11716,-3989,-235,-6971
1440,-11444,14848,-1306,-1384,-3809
244,-12012,12272,1800,-3189,-3350
-2212,-13520,12364,-3199,-3647,-3630
-736,-11360,10372,-4316,-5514,-3373
-2104,-12836,10224,292,-10082,-1044
404,-15104,8320,-171,-8199,2027
400,-14132,9340,-545,-7379,3371
-536,-13672,7720,2966,-8610,4082
2248,-14516,6136,1672,-4034,926
1236,-15568,6300,1244,-2904,1092
1144,-14828,9232,384,-1632,4711
4732,-13524,8468,1235,-58,3269
3640,-13868,7500,1333,1491,1807
3788,-12492,8344,-1258,3528,2939
4960,-12816,10688,-2309,4514,1725
6488,-11700,10512,1938,5709,-1074
7512,-12312,10572,1213,8465,-40
4556,-10760,12776,-2200,7786,726
2320,-9948,12304,-2174,6413,513
1828,-12916,13232,149,4103,-1239
-2980,-8136,11660,1168,3055,428
-3212,-14592,14956,-428,400,243
-1812,-12744,10544,-4271,-1163,-710
-204,-12836,10528,-5293,-1181,-5408
1056,-12620,9592,-4448,-1625,-4184
1920,-12996,8868,-2807,-656,-1782
1852,-13132,9540,-962,-146,-418
1592,-13176,9320,199,255,-189
1244,-13140,9128,980,508,73
880,-13040,8992,1702,880,-215
808,-12964,10136,2168,795,-568
1380,-12824,10152,2080,401,-909
