-744,-14684,7280,-875,227,-376
-656,-14672,7128,-689,355,-454
-324,-14628,7072,-256,-58,-409
-704,-14920,7216,-90,-83,-576
-760,-14876,7232,235,-10,-1323
-220,-14204,7212,1783,-569,-2396
44,-14632,7320,4476,-423,-2912
-44,-13572,7880,5251,-476,-2047
328,-14144,8116,6492,-537,-808
-2532,-32768,32767,8765,-24931,-4612
596,-19292,13888,1033,-1696,823
876,-11052,5776,862,123,-104
-1248,-12716,4792,-156,3747,1030
-1656,-13524,8656,-438,1261,804
1552,-19816,13504,1610,721,1342
80,-16680,9792,1257,243,373
188,-16512,10616,1015,2146,1167
264,-15076,6656,-180,3082,1413
12,-16772,8816,1677,1050,1743
-1492,-11216,10664,-2346,-270,69
680,-16072,11040,496,2475,2228
-484,-11496,10256,-3388,3098,1810
-628,-14612,10120,-2219,2920,1989
-1048,-11752,8172,-5517,1360,348
-2404,-12684,9908,-3587,2123,627
-2508,-13564,9156,-3077,1804,296
-2512,-14736,10552,-3734,-1298,-633
-1688,-11612,8144,-4911,917,-177
-544,-9324,3760,-5109,527,-1287
-2480,-11204,4208,-4908,372,-2327
-916,-10532,4028,-2674,207,-3280
-1752,-10940,3316,-3321,-768,-4002
-3204,-14392,6132,-4075,-809,-1830
-656,-21308,10504,-1155,-2504,-2868
-1552,-13872,4248,-4412,93,-261
-3028,-12308,5576,-9946,-4304,482
-2860,-21004,10000,-9,-1297,-554
-2476,-12988,6040,-5232,-2899,-743
-340,-12876,7072,13363,-1555,-3061
-3760,-9864,2264,-11361,-1513,-151
-724,-32768,18956,16718,5905,2736
-28744,5092,32767,32767,4802,1245
-1844,-32768,-5844,32767,32767,32767
-2832,-21764,6384,-22772,-3964,-10150
-6804,-18600,18092,-13053,5679,-10319
22836,-11572,-4328,-2504,701,-14368
29964,-15260,-10412,4796,-382,1849
-32768,6984,3772,10950,24262,27449
-7152,-18804,14464,-402,-2932,1295
1224,-13468,7424,-630,-2125,-370
460,-14564,8244,2165,2516,-1459
1148,-14472,7544,398,1218,1215
452,-14688,7216,-379,442,1903
312,-14880,7024,-1157,96,1273
628,-14840,6648,-1239,503,727
336,-14872,6876,-833,1213,185
156,-14968,6824,-722,1263,-379
464,-14804,6740,-13,854,-271
236,-14880,6900,204,1142,-6
