-3596,-14940,7940,-1770,276,-112
-2892,-14484,7604,-1931,256,58
-3252,-14224,7312,-958,525,62
-3520,-14488,7704,-486,537,239
-3364,-14104,6988,-632,868,482
-3256,-14412,7580,-638,857,410
-2760,-14864,7136,-848,2075,479
-3512,-14104,7356,-865,1732,731
-4036,-14540,7024,141,899,137
-3448,-13440,6580,-495,1398,354
-3788,-14100,7032,-2407,463,-401
-3152,-14780,7224,-1288,332,-1420
-4020,-14188,6436,1865,1053,-1354
-3828,-12452,5348,-3440,-81,-1761
-2704,-14112,5256,-3709,1065,-2185
-3532,-14944,6280,-1406,-360,-1834
-4476,-14720,7556,236,-511,-1548
-3152,-13924,6372,-492,-1941,-2122
-2748,-15796,6832,-2,-1762,-1453
-4376,-14560,7376,1117,-3339,-1569
-3096,-15148,6984,2108,-3073,-4406
1312,-19060,11812,4566,-4758,-4960
-2344,-15556,7724,4384,-2361,-1747
-3304,-15032,7956,-1723,-668,678
-712,-14168,6888,-1694,330,256
-2324,-14316,8056,-1451,1823,-662
-2748,-14772,8124,-3337,2373,271
-2672,-12160,5660,-4954,177,1188
-2412,-15000,7364,-3717,695,1404
-1868,-14296,8236,-2154,4101,-942
-3208,-17224,8464,-3984,4867,-503
-2424,-13100,6812,-4793,3132,-853
-1636,-15656,6232,-1854,4695,-523
8160,-10552,-3836,-3820,3373,5725
-988,-14676,6796,-1932,1394,-1083
-4468,-13480,10224,411,-2384,-1431
-812,-14724,7228,362,-2549,-370
-3472,-12204,5768,321,-1207,-1449
-2348,-13648,7336,414,115,-2956
-2652,-12664,4584,-524,-472,-2246
-3356,-15984,9212,576,-2346,-1729
-664,-20900,15312,4638,-3937,-3423
-4260,-14952,7188,1143,-86,-811
-3948,-8356,4056,395,-1284,-898
-2484,-10404,1116,574,-518,-993
-4408,-16308,7104,2592,690,-501
-2272,-15232,6976,3143,-1975,-1461
-2488,-17396,6948,896,-1192,-1265
-2012,-15244,5304,1086,-2766,12
-2184,-16172,4964,766,-3406,-248
-1308,-17420,5624,242,-3762,501
-2904,-14900,5240,441,-4438,978
-916,-15640,4308,-816,-3159,2314
2824,-16688,4944,-5145,-1839,2470
1808,-14000,6836,-5438,-597,1141
1444,-15276,8576,-2847,1985,-23
992,-9404,6800,3426,802,-954
-1272,-14116,7440,474,1152,3004
-1500,-15256,7088,-276,270,3779
-2376,-14588,6784,375,230,2137
-1704,-15408,6916,1470,177,216
-2044,-14632,7364,1927,-13,-543
-1620,-14116,7284,2621,-827,-1114
-1684,-13844,7796,1829,-72,427
-1556,-14020,7736,842,554,1137
-2136,-14024,8128,561,95,-31
-1816,-13776,7712,453,5,-413
-1984,-13548,7636,42,232,-66
-2184,-13940,8088,204,174,241
-1960,-14208,8088,-310,37,435
-2292,-14112,8116,-707,5,-286
-2020,-14088,8116,-645,-115,-700
-1728,-14228,7680,-517,84,-281
-1812,-14160,8020,435,-65,-482
-1944,-13892,8140,610,119,-236
-2140,-14072,8036,349,111,-79
-2260,-13764,8344,732,134,-72
-2204,-13864,8372,161,108,93
