-6592,764,14304,-722,1056,394
-5636,1208,14452,388,421,-90
-6020,812,14244,462,453,-305
-6216,1004,14692,801,279,-777
-5560,292,13560,1246,1437,153
-6144,268,13112,2278,3993,929
-5924,536,13740,3363,3947,-142
-5440,-420,10776,8441,6089,766
-4956,4308,12136,16577,9686,6515
-11284,6824,17756,17152,11183,6840
-10584,4980,14088,4276,1754,-1935
-7780,3384,10604,2194,481,-2727
-8604,1604,9316,4739,4294,-2800
-13072,3696,13372,5936,3779,-5392
-4848,8652,8516,6565,-1536,1270
-9136,12704,9328,98,1626,6817
-8952,9168,11000,-872,7883,6792
-10036,10004,13316,-3408,1994,8775
-8264,10392,11212,-7456,5764,12495
-9392,10484,10580,-6056,5431,13532
-11820,8436,10316,-3540,2997,10695
-10944,8128,9304,-71,1309,8773
-9068,8872,9212,2622,-2155,7268
-9228,6568,9060,2878,-1038,3421
-9692,5488,10264,2363,10,1866
-10768,5008,11288,1532,-2321,-2194
-11388,3808,11452,1929,-4806,-3357
-11524,1520,12128,4765,-7640,-10834
-7084,6468,10996,5228,-7206,-14468
-7076,10672,12284,1919,-1645,-6720
-7820,7076,10652,-777,1802,-5206
-7436,7532,11384,291,135,-4861
-7544,8324,11936,-752,1397,-1286
-7112,9084,11408,-799,1274,-30
-7296,10500,10996,-3047,782,-37
-7136,10872,10020,-2292,-294,1828
-6800,12092,9480,-4149,3721,3158
-7064,14988,10968,-6331,3366,9037
-8692,14840,9016,-8646,4590,22095
-14348,8408,11076,-4417,2874,15708
-13928,4964,11696,-4820,-3942,-3028
-13708,7336,12688,-14200,-13050,-9194
-5220,3956,10924,-11436,-15666,-12843
-3828,5016,12208,-8813,-8284,-10813
-1800,3292,12504,-4613,-3515,-8373
-3996,3336,13568,-2793,-1374,-7998
-7868,3584,14364,-2280,5319,-2615
-6788,2736,12416,718,8,-1463
-7452,3116,13568,2350,2152,-279
