1136,-12220,10688,101,-233,-341
1416,-12192,10524,-75,-56,-792
856,-12152,10540,174,2,-762
1672,-12248,10856,-351,-145,-446
1468,-12048,10612,-69,-145,-825
1876,-11800,10320,201,297,-884
984,-11712,10344,-413,423,-842
80,-11192,9896,45,124,-209
508,-10900,9108,-921,-123,444
-728,-12200,8592,-3773,66,945
1092,-16352,8264,2610,-4830,-3309
-6044,-23128,19916,647,2850,929
464,-14072,10140,-1500,-56,2324
1908,-12964,8780,-4168,1110,1142
1956,-13180,8916,-7331,1908,779
2456,-13032,9036,-7829,3618,192
2908,-12616,9868,-7240,4798,-1139
3792,-12060,10468,-4263,7132,-614
3204,-13612,10576,-2732,4212,-528
5556,-14488,12400,-4296,848,-884
5992,-14160,11748,-4072,2834,-7322
3688,-12228,11076,5004,4746,-12683
-1916,-12232,9308,9998,4541,-9645
-3616,-11440,14328,5115,858,-1698
-2640,-13644,11388,6482,-5108,-2261
-1860,-13532,10896,4194,-7686,597
144,-13832,9000,3376,-5097,1621
540,-13784,9028,-312,-6497,2307
312,-12636,9912,-650,-7586,3890
844,-13592,9028,892,-5330,6355
116,-14024,7736,2148,-5051,5716
3584,-13396,5320,1546,-6151,2675
4156,-13496,4976,389,-5162,2577
4004,-14060,10040,-473,-1304,2799
2680,-13420,9444,-731,683,3187
3192,-14292,9024,-2065,2252,3092
4028,-11804,7548,-4126,4263,4690
4196,-12660,9388,-3094,5562,2765
3268,-11504,10524,381,5950,755
4392,-10176,11044,2162,5805,415
2640,-10552,13736,3328,5111,239
1060,-9548,12596,3191,3633,748
-112,-10316,13076,1811,1728,1128
124,-11820,12028,-3504,70,364
492,-12188,10752,-4978,-279,-308
104,-12572,10080,-5877,-521,-808
392,-12892,9780,-5184,-983,-921
936,-13136,9096,-3754,-1144,-984
452,-13232,9084,-2089,-313,-725
960,-13156,9200,-624,54,-542
1104,-13440,8788,273,99,-212
768,-12964,9592,687,620,42
904,-12948,9484,1027,435,354
652,-13012,9824,1155,647,253
-296,-12972,9848,952,512,-258
516,-12852,9804,955,398,-683
800,-12684,10156,565,246,-480
828,-12588,10248,75,441,-179
