-3940,-9448,12356,-558,-54,-704
-4096,-9716,12556,-350,31,-173
-4620,-9312,12028,-56,-42,208
-4356,-9168,12212,-559,159,-295
-3988,-9580,12504,-860,-61,-484
-4272,-9576,12500,-420,-198,-179
-4420,-9536,11912,27,-424,-446
-4412,-9416,12692,606,6,-1093
-3752,-8792,13292,782,-248,-2088
-3832,-7380,13836,143,-2174,-2447
-4152,-6092,12948,-55,-1911,-1063
-4084,-7740,12948,-2263,-1593,-2968
-4276,-8364,12564,-4184,-1967,-2771
-3812,-8472,11772,-8584,-2517,-4453
-3280,-10880,14672,-8120,-6532,-2540
-2748,-10812,9156,-5879,-5407,-871
-3672,-12284,9684,-6204,-5707,483
-2700,-11108,7292,-7945,-4939,-498
-3908,-15872,8540,-1183,-3194,2480
-17168,194,23585,25083,-30989,-20471
-3700,-15984,5436,-5217,-2485,6070
348,-14756,4120,-5050,1237,8756
-1164,-17096,4216,-4769,3679,3936
2252,-14940,5180,-2479,15972,6663
-5204,-13756,8900,-1274,32767,15519
-16512,-15548,15420,-2265,11057,3348
-5460,-12520,8692,-3538,5820,2331
-7452,-12456,10656,-4695,493,20
-9492,-10620,6696,-7849,4462,-9547
-9504,-10892,8248,-3653,4769,1571
-10760,-13944,9448,-1587,-2099,-3134
-9892,-12420,9296,1585,-2772,-5880
-8904,-10792,10156,1215,-880,-5183
-6524,-11108,7200,4980,1193,-4715
-9056,-15848,18724,8181,1463,-4426
-7832,-15924,11108,8887,-2965,-7091
-5992,-9768,5064,3337,-8571,-2624
-5216,-17648,4944,3810,-7282,-281
-3584,-15388,4668,4397,-7242,1606
-5488,-11524,4936,5088,-6874,2361
-6424,-11824,4732,4932,-4144,5684
-7000,-15488,6316,2622,-4090,1885
-6268,-14296,6364,1868,-5910,559
-5304,-14480,4332,-1101,-3562,3424
-5604,-17140,6052,-2424,-6016,4660
-3488,-14460,3508,-4487,-5023,6937
-5124,-15100,4836,-7990,-4447,8491
-608,-17300,8540,-12087,531,2273
-6088,-17908,14688,-12479,6617,-516
-7124,-14568,8540,-15935,10643,-2054
-4784,-14500,10936,-10020,-4098,-1598
-5748,-12016,7656,4152,-297,-297
-9000,-24592,12544,20353,-2331,-8766
-2900,-4160,5692,17286,-5493,-6988
-6792,-12392,11160,17607,-5399,2120
