-4452,-10372,11216,-1390,-196,2621
-3164,-10084,11284,-1541,-110,1561
-3696,-10100,12468,-1198,-1172,1303
-1344,-10920,14736,-528,-2085,814
-3768,-11156,12928,1521,5103,-5260
-5292,-12328,12164,2808,-13,-3544
-4104,-10796,12012,366,-4457,-807
-8276,-14948,13472,-901,-2996,1333
1880,-10272,12200,3307,-7449,578
-1716,-6752,13744,-552,-6405,2
3500,-6612,12284,477,-5985,-1781
-560,-5932,11272,-1904,-3417,-1274
1816,-6564,9504,-5645,221,-1951
-380,-8412,9200,-5810,-476,3300
-4104,-12612,11720,-3294,1834,4129
-4008,-13000,11272,-5070,2243,4140
-3008,-11988,9684,-7080,3118,1956
-2816,-14272,14040,-9143,6247,-285
-17780,-32736,32767,3283,4406,172
-4608,-14112,8412,-4572,-560,-3189
-7792,-14956,7072,-5726,-2657,4498
-5120,-16860,5220,-5223,1064,6751
-1764,-15700,3908,-5553,3112,5737
-4572,-14288,-1052,-5410,8185,5396
-1932,-14132,12444,-3547,7996,249
456,-16400,3332,-2389,21863,-12601
-3584,-12900,5444,-5536,19812,-13285
-3940,-12472,9468,-7198,11657,-10345
-3964,-13440,3604,-2869,1608,-851
-4804,-6908,14668,1009,-4866,2099
-8100,-12008,12404,-1836,-5135,6414
11252,-3148,21368,13702,-10517,-10147
2848,-15172,22632,10171,-455,-5379
600,-10796,24996,9149,-5878,-3110
-9776,-26972,9192,4,1665,-2631
-4516,-10064,11280,7406,-8723,1321
-3264,-8532,1700,-2724,-15602,14304
-8012,-25292,14544,3725,-13124,11264
-5624,-9372,1392,-127,-12896,5369
-2512,-16252,4492,-3172,-7809,2561
-3608,-15800,2468,-346,-2979,2724
-4224,-17980,5744,-2181,-2148,4356
9300,-20832,10724,-4589,-2967,3657
-4452,-13216,12848,-3389,8949,-753
-1068,-12736,1876,412,4562,-12871
-1672,-10008,10180,4958,-46,-6719
-4684,-14200,11872,8131,3469,-3716
-1376,-13572,10876,7796,3,-7086
-2084,-9040,9168,7302,-402,-3280
-3696,-6924,10328,3176,849,-1775
-6924,-10972,11268,-1137,-909,-2108
-3684,-12092,11856,1260,-839,-812
-3376,-13900,10812,1565,-1508,105
-2616,-13100,10436,-435,1270,-406
-2684,-12024,10240,2443,-827,340
