-1224,-13904,8500,213,44,-312
-1020,-13740,8804,-374,11,-843
-916,-13808,8416,-495,163,-626
-868,-13824,8348,-63,55,-376
-1264,-14064,8532,745,163,-556
-1092,-13880,8440,2275,35,-861
-760,-13856,8716,3103,368,-1025
-400,-14364,8908,3138,134,-1009
-728,-13108,9228,2565,445,-485
-996,-13196,9232,2727,142,-795
-1040,-12860,9300,1206,451,-847
-2336,-14232,9840,-3244,-1974,-590
-1492,-14236,11228,-3132,-962,-467
-288,-15564,9556,-721,916,-1107
-1556,-15244,9880,-1042,1838,-298
-1000,-12280,8160,-244,636,-1027
-1656,-17632,9448,1575,1567,-816
-228,-12696,8276,102,1500,179
-1184,-11664,9648,616,2750,-292
-1652,-10784,5156,-72,1718,425
-1668,-13196,7764,1905,2301,44
-600,-14784,7664,-503,2350,68
-656,-16616,10944,1957,2003,46
-1360,-12344,10604,-950,2237,306
-1628,-12068,7288,-899,1617,215
-2036,-11428,10536,-857,982,1057
-764,-12172,10116,-265,1640,526
-940,-13444,9724,-2047,905,496
-1044,-11952,10500,-3592,1894,-311
-620,-11412,8824,-3828,1349,-2015
-3712,-10756,8768,-4249,1527,-500
-4456,-7624,6496,-4130,351,748
-2620,-13976,11480,-6189,-5301,806
-5108,-9544,7436,-5181,-2354,-1912
-5904,-9692,5560,-1337,942,-2914
208,-12496,14616,449,-4796,-3523
-1100,-22708,18216,2572,-1756,-3185
-936,-11208,3884,-3780,-1214,1281
1368,-16272,12900,6802,-2900,-3782
-4644,-13984,7180,-3722,-768,812
-2048,-22060,11844,-1321,-3269,-1796
-1228,-18644,7992,1181,-789,-1641
296,-15040,6968,494,-1815,-330
-1852,-18308,7988,1976,-3246,-213
-4240,-15800,8044,3520,-4002,-1242
-3108,-14628,6840,3335,-4995,-658
-2952,-16436,5776,-274,-8749,1263
3220,-16944,8448,-1532,-5493,830
2412,-15336,7216,-202,-2994,658
1196,-15688,10944,-113,-3401,1139
340,-9808,2532,-3445,-330,2246
480,-10484,2032,-2082,158,705
-432,-13352,8464,-2531,-955,591
1416,-17328,9468,-6420,-1091,1813
2504,-16136,10420,-285,-93,-1161
3632,-16156,12120,7948,1370,-3453
1792,-12772,8228,5474,1333,-106
360,-13192,9504,238,1281,1894
-524,-14236,8396,-2239,698,1293
-708,-14116,8936,-2313,433,-152
-56,-14008,8260,-2414,-252,-1067
244,-14036,8068,-2020,76,-140
328,-14272,7672,-1273,19,750
-48,-14208,7688,214,673,1311
-556,-14424,8200,628,635,1255
-356,-14312,7608,1497,726,690
-680,-13920,8492,2187,841,-332
-396,-13800,8536,2246,765,-428
