-576,-12760,9864,-276,-406,-379
-448,-13112,9768,-529,-981,-531
-1152,-13152,9680,-89,-1808,-923
-756,-13244,9744,1006,-2101,-981
-616,-12912,10168,2297,-4159,-1713
560,-12620,9912,2202,-1374,-1832
588,-12780,10108,2740,-1503,-872
52,-12756,9680,3502,-115,-660
2792,-8216,15804,-3971,-4790,3004
148,-15040,10212,-3001,-1302,3423
-1912,-14040,8700,2051,3154,2265
876,-15440,13368,-1071,1819,2396
-512,-11672,8620,-2099,559,1924
-300,-13740,8688,-2256,-790,3043
772,-14812,13640,-1688,-412,2186
416,-15104,13684,1219,3360,2172
-1636,-9640,11576,-2304,2136,867
-264,-11228,9568,-3390,4662,2354
-732,-12580,10508,-2345,4279,1441
-1952,-11528,9536,-1558,2483,-262
-5292,-10392,6592,-3257,1489,1472
-2728,-16148,12124,-7488,503,-827
720,-17492,14756,-6142,727,-4914
-2092,-15244,9428,-2734,-999,-4709
-3244,-13284,6056,-1488,2008,-1364
10532,-11900,2852,7724,-2921,-6769
-2176,-16780,12464,1031,-4499,-3131
-5180,-13448,4472,-1211,733,-1441
436,-19608,4168,3222,2298,-1283
-2840,-12336,12264,5973,-3189,-1326
-4320,-17720,6560,4306,-9063,-1032
-144,-15748,7676,3342,-9173,-1816
-112,-12292,7412,3926,-4043,476
10024,-17260,11448,1251,-6372,-4655
748,-13464,9644,2624,224,-1481
620,-13032,9540,2818,1213,2504
-232,-13516,10652,1989,526,373
508,-12820,9644,-106,533,-970
660,-12756,9732,-1590,830,45
168,-13272,9344,-1757,345,185
348,-13572,8964,-1513,91,267
296,-13380,9188,-1112,432,139
240,-13760,9084,-576,114,-175
372,-13396,9104,192,486,-61
24,-13208,9684,654,243,-264
340,-13192,9364,-31,478,-130
-228,-13444,10012,-754,-439,-11
68,-13204,9280,-734,-201,-163
364,-13260,9256,-689,211,-120
564,-13388,9104,-567,-456,-382
392,-13352,9128,-823,81,-94
448,-13492,9024,-866,-343,-391
104,-13588,9064,-461,122,-58
84,-13304,9380,-185,343,70
12,-13372,9312,-247,143,-329
