-2984,-10596,11628,-513,1906,-958
-3092,-10792,11840,-242,-71,-234
-3480,-10988,11780,-145,-207,-517
-3040,-10876,11640,-334,223,-140
-3228,-10252,11516,-148,475,-342
-3220,-10328,11672,-218,591,-727
-3296,-10600,12008,-174,159,-532
-3280,-10980,11496,-232,-195,-263
-3496,-10872,12080,-342,177,-424
-3552,-10516,11924,-429,260,-586
-2828,-10452,11844,-307,-3,-476
-2876,-10408,12416,-115,-429,-926
-2524,-10052,12044,-94,-450,-1804
-2892,-9976,11712,-483,-208,-2483
-2936,-10676,10776,-795,97,-2725
-2716,-10176,10228,-1503,288,-1812
-2580,-10988,10024,-2769,1458,-2502
-2740,-10988,9232,-2427,4603,439
-1568,-13560,6672,-1538,-2333,4531
-368,-11956,10492,-2354,-3342,2717
-1672,-12928,10948,-4485,-2774,3455
-2472,-13968,8380,-3371,-1415,2873
-580,-13688,8344,-6682,1528,255
-2360,-10896,11312,-7413,-4112,631
-264,-10152,10268,-6374,-6372,-580
300,-9764,14464,-3696,3414,-4907
-604,-9920,13004,-2258,1868,-6337
-3008,-10612,10820,2542,-1791,-4201
-3696,-9788,14032,4861,-6108,-1912
-2064,-12452,11200,8618,-5261,-1753
-2568,-11548,11588,4581,-373,-2912
-1444,-10380,10504,2413,8834,-1895
-1656,-10220,11928,2499,3935,-2795
-3608,-11248,14004,175,-1350,-1130
-3024,-13500,10548,-150,1643,959
-388,-13160,8396,-460,786,1437
-268,-13368,9452,-1504,-543,2101
-1140,-13412,9484,-1066,2559,1649
-768,-12524,9800,-3139,4940,2799
-2164,-12100,10896,-1536,5347,2681
-232,-10500,11720,-483,2217,3807
132,-11344,9852,596,-5240,4648
-168,-12816,10124,890,-6511,1626
404,-11748,8288,-593,5066,983
512,-10792,9856,-1818,6883,42
-4848,-10344,13392,-2889,4818,-277
-4120,-10764,12860,-3304,2106,-839
-4236,-10728,10540,-1838,509,-976
