1224,-12972,9648,-212,137,-188
968,-12972,9640,-519,159,-28
928,-13120,9752,-560,122,-143
1256,-13012,9580,-418,88,-294
1028,-12868,9524,-347,111,-337
984,-12920,9544,-534,178,-102
952,-13000,9536,-538,163,43
784,-13152,9472,-317,35,-193
900,-13028,9740,-335,47,-369
1188,-13080,9712,-493,195,-240
1052,-13152,9540,-486,257,-97
1080,-13132,9532,-470,-103,-350
1068,-12980,9524,-378,50,-534
1116,-13080,9396,-123,118,-368
1012,-13036,9752,122,-134,-386
924,-13088,9744,95,-181,-704
632,-13056,9768,182,-787,-1700
-68,-13460,9792,1120,-2341,-4392
1696,-13392,8348,1724,-3292,-6729
12232,-10412,-6404,-2308,62,3030
7180,-15848,11536,-3251,-917,391
8324,-11916,9396,2312,2194,286
4208,-11232,12300,2909,7308,6844
2012,-12452,13188,-6357,2482,7580
5308,-13132,13348,-12946,2306,-5762
2348,-11120,11496,-7229,881,-7238
-1844,-12640,11876,-3022,2015,-3608
-1020,-12624,6744,8057,2840,-3573
-5612,-14388,7764,7856,-2549,-3650
-5604,-16004,9040,1871,-8501,-1425
-332,-17956,3956,4968,-7310,-2831
1440,-19684,5852,3941,-6684,-2526
6060,-17448,2320,990,-2954,4377
7652,-15992,6452,-1422,195,6231
6908,-14568,7872,-1856,3720,5214
6040,-13616,10816,-989,5609,4118
4568,-11288,11564,-828,5588,3494
3376,-10632,12688,-1803,4910,3007
180,-9880,14620,-1784,2631,4194
-2852,-8616,12732,-161,1463,3558
-2456,-12288,11116,-508,1092,2513
-1432,-13504,10092,-5970,-382,-3599
96,-13488,8892,-6486,664,-5090
1320,-13376,8576,-5790,304,-2877
