1900,-13032,9356,-286,143,-103
1876,-13136,9336,-290,115,-34
1988,-12988,9544,-360,97,-194
2064,-12924,9284,-415,133,-234
1756,-13116,9228,-419,188,-192
1668,-13072,9304,-516,153,-132
1964,-13076,9420,-630,79,-186
1784,-13156,9332,-645,148,-180
1912,-13272,9540,-500,120,-223
1952,-13232,9484,-407,123,-212
2156,-13228,9524,-406,234,-171
1812,-13192,9548,-300,398,-222
1720,-13112,9316,-30,689,-224
1904,-13124,9248,276,834,-241
2096,-13140,9316,482,1211,-315
2324,-13208,9360,1859,2227,-968
1344,-13080,10132,3221,293,-2904
2240,-12872,8972,3438,-94,-2145
2716,-12728,9224,3609,86,-572
13696,-11656,1440,-641,7953,4482
4260,-11800,11024,-57,1342,-950
3968,-11124,12080,3609,6413,859
800,-11260,14032,-1485,4608,6021
7084,-9176,9020,-2800,18052,-10338
2544,-10320,14680,2661,652,-11671
-1324,-9164,11376,-349,-340,-1383
-1480,-12092,12480,-789,-1773,-726
-2896,-13644,9476,-1380,-6763,-1248
-2788,-14572,9940,974,-9713,2702
112,-15412,7612,2754,-8574,3028
2212,-17048,6660,1389,-7671,-1463
1736,-17252,7856,-31,-7236,1051
2788,-15012,6016,-2160,-3515,6344
6380,-13920,6880,-98,-1017,2541
7340,-12932,8256,-446,1672,1260
7716,-11364,10392,-2216,3288,3523
8048,-11012,10548,-3365,6112,3560
4268,-9820,13372,-903,2921,2292
2800,-11244,13440,-1234,1429,2528
12,-11620,12740,-2042,1995,1878
-3428,-10724,12368,-1158,3154,1257
-512,-12912,10556,-1943,505,-2208
1208,-12984,9888,-3977,-138,-5327
2364,-12952,9356,-3182,-1473,-3122
3264,-13224,8648,-2175,8,-1141
2460,-13336,8700,-520,309,-896
2080,-13252,9048,944,781,-844
2524,-12920,9060,1697,1201,75
