-3528,-12880,9144,-72,825,-503
-3996,-13380,9048,-437,396,-215
-4044,-13332,8960,-97,240,4
-3924,-13288,8780,-258,341,-133
-3524,-13096,9184,-505,831,-351
-4144,-13016,9556,-286,1,-15
-4068,-12944,8360,-418,593,-322
-4332,-13588,8812,-953,710,-391
-4564,-13592,8852,-607,493,360
-4664,-13120,8000,-1005,1191,540
-5248,-12924,8232,-1488,-611,1628
-4584,-12252,7480,-2319,-2099,2452
-4484,-12068,7760,-1137,-1272,2873
-4760,-13000,8380,-1270,-1240,3218
-4984,-11936,6208,-3240,-4171,3105
-2432,-14152,8804,-2889,-6933,1390
-412,-14728,7768,-8135,-3573,-6164
4148,-11188,-656,8276,-13653,1067
744,-14936,11284,-2847,3858,-7470
-1764,-11600,11880,1070,1577,-13376
-5520,-10992,7848,8725,8016,-9713
-6800,-14420,6404,9948,2579,-4609
-6172,-13316,6716,2837,4605,-5027
-6376,-11124,8760,-1013,3489,1146
-2532,-14772,9000,5700,-416,5262
84,-16888,4548,3705,-1267,2264
-1664,-16020,7268,-3502,369,1737
-1916,-16336,4340,-8408,4046,6419
-996,-14036,7380,-8824,-2175,8358
-2172,-14064,8428,-5923,-8064,7811
1420,-14024,10812,-5044,-9093,4147
-864,-12964,10196,-8404,-4368,497
-1788,-12876,11100,-4757,-5180,-609
-1040,-12348,12540,1160,-1402,-2951
-4680,-10328,13084,4759,345,-7930
-8232,-10980,6184,8576,-85,-5954
-5756,-12284,8872,7836,6517,-2213
-3748,-15732,3024,5483,3932,-1068
-3136,-16452,6144,-554,4077,-555
-580,-16072,4868,-3499,2719,-2277
-2432,-15856,6256,1077,151,6921
-1668,-11940,8196,594,5516,5525
-2364,-10496,7324,-1964,4580,427
-5004,-11228,9240,-367,3662,-301
