-356,-13500,8980,-452,-5,-201
-448,-13600,8956,-637,-165,-318
-404,-13632,8796,-545,-159,-228
-228,-13768,8932,-479,-58,-224
-308,-13520,8804,-656,-208,-420
-260,-13680,9008,-276,-131,-211
-460,-13656,9040,-145,-124,-389
-272,-13616,9080,27,-502,-1023
232,-13428,8732,231,-157,-1002
-280,-13588,9348,229,-641,-1184
-136,-13672,8992,688,-1598,-1701
-280,-13628,9368,861,-1498,-2157
-960,-14184,9892,1310,-2344,-2365
244,-13672,9292,1199,-1485,-1451
400,-13380,9556,2090,-1972,-1435
10580,8316,-6052,-3624,-31634,5457
3580,-12556,8556,-41,-3026,-1292
4360,-14808,7084,4196,530,-839
-608,-16704,8996,-240,3852,454
1420,-14164,8164,-116,2336,-862
252,-16220,11184,2556,2828,-2743
924,-15748,13576,2935,3564,-2123
312,-12432,9112,-1434,2834,-811
516,-14956,13128,-2806,2361,610
300,-12936,10196,-4185,1027,978
1476,-14072,12888,-273,1829,1153
568,-13624,9608,-193,3640,1457
88,-11080,6724,-1531,2296,1366
-304,-12432,9616,1804,3615,2369
-96,-13060,7100,312,1630,2362
-1020,-9568,9780,-2563,1097,1443
-752,-14096,8924,1647,1914,2634
-656,-11656,10188,-875,1990,259
-2292,-10224,7256,-1948,1415,934
-3216,-13692,11792,-5456,2113,-420
-1488,-12364,9592,-3339,823,-454
-2324,-5944,4672,-4998,-585,1198
-2940,-15668,9356,-8678,-1749,602
-2464,-15548,11692,-4893,-2041,-1601
-2496,-14024,7768,-2120,-2445,-1821
-7252,-12928,10660,-5215,1862,405
-3696,-12148,6848,-4797,-1609,-940
-6428,-12264,-952,-6518,4245,393
17912,-32768,32767,32767,-12360,-8571
-18840,-27520,4016,-32768,15133,9222
5600,-32768,1856,32767,8852,-7303
13628,-14012,-28744,-28701,-6178,-10606
-2036,-19864,-6156,-24118,-4122,-4054
-32768,-16112,5836,32767,32767,32767
-32768,15216,32767,32767,32767,32767
-32768,13992,32767,31925,32767,32767
-4836,-16568,12400,-750,11269,-6885
-1060,-15484,8064,-747,3707,-3127
304,-14216,8240,3201,332,954
224,-14100,7628,3944,685,3092
-1152,-14720,8096,3577,774,1657
-688,-14312,8704,2204,223,-783
-16,-13748,8628,98,294,-639
-248,-13720,8660,-865,785,266
-396,-13996,8476,-928,235,274
-464,-14136,8340,-855,350,350
-484,-14136,8176,-711,435,175
