1564,-11336,11492,-563,141,-349
2004,-11340,11476,-854,14,-320
1608,-11388,11264,-1257,160,-366
1820,-11584,11292,-1382,75,-284
1752,-11472,11220,-1173,58,-67
1572,-11736,11232,-1038,120,-22
1476,-11704,11256,-847,62,-212
1548,-11748,11468,-469,-34,-359
1864,-11604,11032,-307,68,-316
1456,-11620,11260,-477,430,-227
1900,-11476,11360,-881,663,-76
1996,-11448,11636,-1589,2201,1361
2956,-11544,10324,-2179,3651,4622
1272,-12148,11752,-2822,3231,4226
1388,-12564,13300,-4560,1555,-310
5768,-10620,8416,-2132,2540,-8331
20,-12660,12592,-837,2946,-4914
1820,-12844,10980,-2318,3791,-3784
-1004,-11424,13868,-2362,1516,-3817
-204,-11344,11832,-807,-2215,-2095
-664,-12616,11564,-427,-3214,-1291
-3544,-13328,9984,-497,-7842,-1917
-376,-13548,9620,92,-8678,1603
-884,-13112,7232,2903,-7899,2969
-412,-14036,4028,5010,-8265,1488
1004,-15964,7228,2584,-7938,1666
3644,-16568,9384,1343,-4353,2630
2696,-12352,6252,-2554,-2600,6164
4764,-14508,8748,-5577,432,5001
7784,-11604,9012,-3270,1916,2034
7976,-11672,12428,-1788,4184,224
8284,-10184,12492,-2675,7832,1889
2204,-9608,13712,-310,2918,2227
-60,-9224,13140,731,1216,1909
-3404,-11428,12812,2059,974,2753
-1500,-12744,11508,-417,1027,45
556,-12892,9364,-4798,-207,-5506
1912,-12424,9524,-5356,-1210,-7460
3696,-12764,8748,-5081,-1714,-3186
3412,-13388,8484,-3149,-187,-383
2504,-13468,8900,-1205,528,428
2000,-13452,8836,-494,251,-99
