-828,-13496,8992,-543,-546,-1858
-744,-13892,8660,-366,-286,-1503
-552,-14000,8728,71,-467,-1694
-240,-13920,8688,838,-236,-1423
-332,-14048,8308,2021,-194,-1878
-436,-13644,8560,3171,-355,-1880
1380,-12812,24,-4185,1457,3441
-1276,-13068,6716,-2618,-597,991
16,-17328,12152,-1795,1049,-344
-292,-15488,7468,-558,2077,17
-116,-15044,9716,-987,2360,154
-1176,-14256,6868,1865,2560,642
-1072,-13464,8224,1413,319,85
-1800,-10904,6072,-4434,-318,2237
-484,-15396,8324,-724,-102,1509
640,-15220,8808,-1167,1005,2226
-256,-14320,10724,-1971,998,2319
-148,-12612,11020,-691,2030,2850
-1404,-12528,10940,-144,3416,3622
-936,-13404,9556,-5277,1514,771
-1140,-11796,8844,-2959,1219,-376
-2592,-18152,14324,-4867,204,-933
-1892,-14544,11276,-2884,-1158,-1309
-1628,-18336,12060,-1526,-3236,-2296
-1184,-12416,7312,-4881,-892,-46
-1604,-9596,5984,3835,-4698,-4747
-5080,-19356,14376,-225,-3309,-3642
-1444,-19856,9424,1217,-1810,-2123
-728,-17956,10304,2414,-3578,-4572
-3124,-13784,6352,-1280,-2559,-2587
-2920,-9364,3148,-4567,-8772,-2847
-788,-15584,4808,1773,-5421,-1285
-3000,-15212,5844,1318,-6079,-1849
-856,-14336,3552,12,-4144,751
708,-15272,7220,-2038,-4193,1566
1504,-13976,5680,-560,-2233,935
3324,-11752,5300,880,825,56
4116,-16260,10824,3325,746,-2198
2636,-12452,8724,5788,1461,-1765
452,-13764,8756,1869,1513,1545
340,-13588,8880,725,1555,2621
-564,-14332,9060,-91,767,783
-268,-13824,8616,-459,126,-868
56,-13852,8756,-656,516,-1452
692,-13840,8436,-1089,165,-925
