-1148,-8412,13340,-464,289,-452
-1816,-8528,13324,26,-108,-308
-2020,-8520,13460,-302,169,-172
-1892,-8080,13344,192,303,204
-1580,-8492,13328,-123,227,-324
-2128,-8628,13728,-300,152,-250
-1744,-8704,13832,-104,-128,-177
-1396,-8020,13260,210,-58,-192
-1752,-8576,14048,152,-106,-165
-1644,-8064,14252,-282,115,-688
-2060,-8320,13536,-299,653,-659
-2220,-7856,14108,-360,-32,-383
-1532,-8320,12720,-1268,645,-874
-440,-8488,13448,-2206,435,-870
-2496,-7592,12376,-1909,1576,-3636
-3076,-6924,11000,-9605,2250,-1132
-2608,-9868,8608,-28230,3592,-1921
-1904,-15392,11044,-3649,-2943,2449
-3236,-12700,8820,-4146,-58,5279
-3808,-13480,11560,-5164,1673,5017
-1056,-13408,7804,-6217,2287,3617
-1408,-12228,9480,-7805,2583,3556
-5000,-12492,7136,-7705,5104,-3035
-2748,-11528,12868,-7722,2037,-89
-4876,-12964,5900,-8279,6752,-2302
-2748,-11472,10480,-6441,4756,-3493
-3352,-14032,6376,-3407,1410,236
-2476,-14656,10224,-2536,1373,-1975
-384,-13312,11472,195,-451,-1967
-1640,-15736,12576,1170,1851,-2992
-5044,-7568,6272,555,6946,-3851
-6020,-12820,10392,2635,5479,-2266
-624,-8472,6056,7088,1299,-13596
-8252,-15976,8292,8059,1617,-4999
-908,-13308,14436,4670,-2121,-1089
-2520,-16028,11396,4023,171,-921
-2800,-8496,10844,3094,-1065,-1002
-1076,-9588,10828,887,-3073,817
-1668,-9208,7976,8426,-5518,1496
-4704,-18192,9912,1734,-3613,3834
-3404,-5940,2892,728,-1594,3964
-2028,-7408,5040,-91,-5271,527
-5256,-13752,10236,2005,-5002,5776
-3044,-10128,11652,-1288,-2143,7571
76,-11220,9680,-9067,-1701,5612
-7564,-17804,14084,-15628,1808,9010
-6088,-12536,5884,-12920,5618,10091
-304,-10152,12544,-4196,2156,5077
2140,-12884,11468,-1850,-3026,-1012
-1860,-14000,12356,3043,102,-2221
-4040,-14872,14096,13591,493,-1400
-1612,-9380,8888,11161,-475,576
-5164,-8668,11292,6130,-2868,-5263
