-1752,-12812,9852,-1219,-41,442
-1220,-12896,9312,-1689,-486,724
-1600,-13336,9588,-945,-1436,237
-1504,-13212,9556,-761,-2259,-51
-1396,-13156,9412,-1918,-202,1232
-1392,-13428,9332,-1267,-146,1304
-1740,-13212,9084,796,-1078,1057
-2256,-13800,9108,1161,-866,702
-1004,-12864,9404,988,-276,-290
-1608,-13216,8456,-3933,1366,-51
-6044,-15396,8924,4913,-2475,-972
-3024,-14468,9636,-2409,915,801
-1200,-14068,9604,-770,1898,1165
-1824,-14176,9016,-824,1688,816
-684,-14120,6840,-793,3303,1970
-352,-14176,7264,-758,4587,2621
-3520,-10628,11068,-1439,2124,2904
-1176,-11912,10740,-4603,3530,2661
-1308,-14136,13992,-7402,-1018,146
-4688,-12068,9928,-2450,2798,423
-6236,-14296,11256,-865,-1484,-3491
-5136,-15020,13120,-4904,-1608,-2694
1280,-14116,9868,-4075,-1706,-2719
-3052,-28020,12940,-2890,-1935,-2983
2580,-9556,-748,2905,-1903,-5657
5760,652,-3840,7371,3324,-5065
616,-1512,3028,11639,187,-10466
-612,-11012,1028,3496,-2488,-8749
2232,-21796,9948,30748,-4333,-6917
-744,-14744,3204,32767,4184,-7034
-908,-32768,18356,-23194,-14191,-10041
9100,-32768,9764,-22576,-20098,-10390
-26848,10440,20216,9380,4189,-2638
30892,-4580,-28996,-6748,-15584,-13411
19480,-11856,-5528,5584,-3089,-11930
14184,-8800,-15556,3187,-18347,20483
-12412,-124,8600,6197,3884,7788
2544,-9188,3640,949,1584,4467
2372,-14300,11500,-1121,-3319,1838
1760,-14548,8236,-466,-495,2000
2220,-16232,14120,1295,629,605
548,-12900,11424,369,2464,2063
880,-7924,6868,-288,2612,2180
1044,-11220,12040,2111,470,-1043
204,-10940,11856,2306,1465,204
-256,-12008,10548,-1845,2458,621
-668,-12868,9960,-2512,655,-486
-48,-13032,9640,-1519,596,184
-48,-13120,9516,-172,1145,712
-292,-13012,9928,89,1758,499
-636,-12804,10212,-189,1422,-56
-836,-13032,9968,61,1046,-142
-344,-12760,10024,195,217,-10
-580,-12696,9984,-34,365,56
-744,-12748,10172,-436,504,20
