-704,-14852,6444,574,335,236
-936,-14964,6640,1,47,-206
-648,-15040,6336,-91,276,-443
-892,-14936,6928,-309,260,-446
-912,-14828,6784,-926,57,-286
-1068,-15016,6384,-467,380,-280
-920,-15072,6528,-453,230,-871
-856,-15156,6232,-241,-169,-1201
-1888,-15788,6568,1630,-1534,-2502
-388,-14864,6624,2967,-4725,-3770
-248,-14700,6988,4266,-2617,-2800
-604,-5608,-20152,-13571,1946,9927
-656,-15976,5480,-5949,-1019,2391
408,-15808,5060,-1552,797,-246
-1024,-17644,6364,-376,2578,97
28,-16788,5104,-1968,3163,1440
316,-17152,3244,-583,-395,791
2576,-14216,3424,-1418,-654,2257
128,-10736,2328,-1138,-2932,1615
2488,-16304,5872,6337,1253,2596
592,-12240,2528,-3707,-392,1589
788,-15488,8076,-2348,5574,2454
524,-16148,7728,4234,3859,2304
-2196,-13348,9680,5718,3660,2970
-1532,-14172,10736,3338,-578,253
204,-14012,8268,1541,685,-344
-2324,-11808,7136,-195,1302,-724
-1820,-15476,9724,-1043,-1101,-2783
-436,-17948,11932,-1028,-562,-3720
320,-11176,7140,-2300,-1306,-1639
-2076,-9036,2976,-1971,492,-1492
-652,-19104,12664,-1098,241,-639
-4808,-9096,1664,-5125,562,1429
6924,-25556,10148,9778,-2620,-2095
-19576,-7884,5136,-24913,5887,3846
6840,32767,8404,32767,-6062,-7964
-6064,-7220,948,-32768,4690,-3630
2824,-32768,-3892,8754,5897,18171
-25088,29240,25528,5632,-22207,8582
22596,-11180,-10076,-5281,-5297,-7086
21644,-21476,-592,-18954,-13047,-19008
10960,-13484,-1784,-12939,8358,-12320
-20860,-13524,15984,-723,7608,5255
-7496,-12668,4004,-9822,-3297,4630
852,-16220,3324,-10296,-3616,3479
3360,-16688,4584,-6012,-3867,898
1108,-14840,5976,-1809,772,-173
2616,-14912,3436,354,2108,-602
7252,-13988,1080,4824,2354,-4234
1428,-14984,4948,2169,1838,-87
644,-15280,5612,1162,1370,1653
-108,-15516,5564,1606,1375,1938
-136,-15416,5976,2147,949,1141
24,-14936,5928,1749,818,580
260,-15368,5908,1254,430,413
28,-15108,6208,205,570,339
592,-15156,5836,-1771,-22,35
284,-15288,5804,-3726,-81,440
0,-15668,5520,-3704,-1040,-100
152,-15504,5092,-1968,-47,-4
-56,-15544,5476,536,359,-196
212,-15596,5360,2568,742,-443
152,-15148,5560,3284,1015,-290
-40,-15316,6264,2046,483,245
72,-14852,6016,594,82,391
32,-15204,6112,-64,124,313
108,-15096,6248,-245,221,54
112,-14956,6128,432,354,-114
-152,-15436,6280,807,519,-370
