2380,-8884,13300,-303,255,-124
2204,-8820,13408,-359,142,-255
2144,-8884,13192,-464,108,-319
2352,-9024,13172,-418,223,-130
2128,-8888,13280,-266,2,-273
2144,-8824,13420,-248,-189,-270
2304,-8872,13272,-394,181,171
1968,-8964,13220,-400,152,120
2132,-8788,13180,-376,38,-318
2300,-8908,13364,-259,-27,-447
2292,-8868,13276,17,132,-499
2200,-8828,13128,160,319,-545
2248,-8884,13092,146,612,-352
2416,-8748,13136,68,1085,31
2848,-8588,13120,-61,1816,847
3652,-8068,12500,-626,3869,3262
1872,-8448,13612,-990,3927,5491
708,-8480,14200,-1336,3445,6234
240,-8408,14552,-3570,1150,5926
5400,-9860,15444,-6351,-4957,-409
5036,-9396,15412,-3337,-2434,-9934
-2148,-8956,16000,-3532,1275,-5741
2484,-7440,14052,-2836,-5,-5950
32,-8816,13592,-1646,-1614,-5941
-1216,-8176,13856,-1183,-2700,-3335
-2060,-12208,11924,976,-4065,-1522
-3376,-14200,13440,-605,-8485,-511
-384,-12248,9648,-1080,-6608,2527
-592,-14268,11972,2435,-10585,2111
1936,-14200,11200,4033,-8060,6226
6116,-16072,10288,4040,-2896,6954
6584,-9152,5736,3682,-1209,6422
4728,-10828,11348,2169,-151,5711
6624,-10092,10804,451,2826,4959
5796,-8196,10416,236,3645,3380
6920,-7792,15432,-609,4289,2075
6056,-7184,15272,-1035,6963,1661
3876,-7948,12948,-497,5911,1275
2900,-8152,13496,424,5015,868
-648,-7776,14768,833,2875,128
-2080,-7720,15084,2551,2142,463
420,-9140,14132,-322,-207,-2230
1180,-9136,13372,-2618,-1585,-3539
1820,-9352,12872,-3424,-819,-2455
1900,-9740,12492,-2548,303,-1001
