48,-7472,14016,-193,5,-282
24,-7128,14856,-563,60,-201
-260,-7544,14400,-226,-175,-288
-8,-7812,13900,78,-94,-74
36,-7512,13772,-601,104,-207
-332,-8156,14948,-51,-155,-86
-240,-7820,14276,51,-339,-164
-292,-7396,14068,-171,-290,-283
-256,-7272,15428,529,-435,-291
-336,-7860,14024,253,-651,-1004
8,-7296,13884,-928,362,-645
28,-7244,14816,-383,-257,-233
1544,-5868,13476,-659,626,260
148,-6760,13720,-1349,357,-98
644,-8664,14576,-216,-576,-397
100,-7028,13768,-334,-65,-27
-68,-6436,13512,-997,431,1092
-644,-7552,14252,-1920,1554,336
-600,-8192,15008,-1376,940,472
852,-5652,11088,-3708,1180,-2125
896,-4800,-756,-7429,4178,-2894
-388,-8904,13760,-5010,-1871,281
-1496,-10320,11388,-5368,-33,55
1312,-13836,14592,-5836,-545,-2106
5660,7440,12656,-22601,593,-1859
700,-11864,12608,-2262,346,-1074
-1344,-11764,13508,-1827,61,1221
-2156,-9560,11344,-2224,-4283,5383
-988,-11516,10728,-3499,-4791,6815
1424,-13892,13148,-3113,-3030,3972
4072,-8640,11016,-1840,-3647,3422
872,-12420,11020,-2147,-1000,4240
1200,-12068,13844,-2608,-2006,1519
-360,-10260,14100,-2398,519,1438
2940,-8712,12520,-1426,-148,1494
1148,-10304,12896,-77,-133,154
-320,-9360,12752,407,3014,-305
-584,-9024,14316,2593,3966,-5067
3332,-7964,15144,5715,1398,-6321
-908,-5752,14356,3018,5220,-9955
-3520,-8832,13932,-484,4944,-15501
-3212,-10056,13868,-176,744,-3461
-5012,-14772,17160,-1471,-1118,1482
-1792,-14852,14124,-3676,-67,-1569
-1056,-9356,10256,-2225,-2686,-49
564,-11916,14040,-2055,-2091,943
-1152,-21440,18948,1496,-2813,2896
2356,-11624,8956,1183,-1608,1371
-2840,-18420,18628,-1220,-769,3312
-2552,-18932,15304,5334,-5322,3473
1984,-13064,11988,-1768,1460,2531
-148,-11108,9660,-39,1942,1369
-696,-11484,9748,-1693,-501,2654
-5192,-11228,11664,-2741,2189,8650
720,-12736,8508,-5592,-104,7704
7224,-7524,7176,-3963,258,3546
1096,-10436,12616,-3435,2227,3082
2296,-11692,13408,5047,-1979,-2592
252,-13880,15952,11557,-611,-4842
-544,-8568,12956,11923,-647,-6174
152,-6536,11272,8109,-515,-7427
-1600,-6360,12680,4300,326,-8569
-1524,-5844,13592,2882,435,-6735
-160,-8304,14860,-914,922,-4267
1668,-9128,14900,1488,-618,-2260
1704,-6672,12692,129,539,-2382
716,-6748,13600,-2566,2346,-2161
1156,-9500,15104,3263,393,-2124
-31740,-6950,59,-16628,-30463,-19209
