-900,-14688,7736,-2369,62,166
-1444,-14700,7492,-2313,-936,-285
-1796,-14952,7712,-1761,-214,-58
-1508,-14836,6824,-2403,-447,-80
-1540,-15028,7936,-3684,-628,251
-1004,-14984,6764,-3258,185,468
-1728,-14908,6724,-3434,-540,704
-1340,-15532,6668,-4315,9,1595
-1556,-15152,6136,-1146,-197,777
-676,-16184,6064,904,-36,6
-1940,-15408,7692,2230,0,-961
-1676,-14688,6960,2151,-354,-1134
-1876,-14652,7112,-578,-932,-1488
-1740,-15248,6836,-2065,-2286,-1776
-1976,-15096,6564,-1792,-3549,721
-180,-15476,5096,-1283,-3714,423
-1548,-15336,6252,-1494,-1795,4
-344,-14904,5344,-3639,109,36
264,-15252,6472,-1859,1221,-166
-1284,-14632,6140,-155,-608,-725
-552,-14960,5520,-321,1013,222
-1380,-14964,5612,-1902,720,15
-1716,-15908,5692,-3624,-601,831
-1804,-15192,4632,-832,191,-8
-1656,-14848,5028,-1149,-37,414
-1372,-14788,4520,-4566,327,-49
-1384,-16088,4576,-2676,579,-523
-1588,-15944,4892,-1940,72,402
-1096,-14528,3904,-1349,585,553
-380,-16080,4688,-1362,-119,573
-348,-15136,4168,-1499,400,1242
360,-15756,4740,-1198,2165,100
632,-15804,5092,-1029,-55,23
1012,-14376,2948,-4030,-1399,421
160,-15704,5020,-3308,-1209,260
-292,-15176,5112,-2042,538,11
156,-21120,8468,965,1233,-937
-2116,-15272,6256,-529,2746,584
-2112,-14540,4324,-6530,-378,-788
-2740,-17092,3080,-7814,-1428,-241
-528,-15820,3512,-3798,1334,101
-972,-14152,2752,-2539,1085,-547
-1556,-16320,2880,-15494,2297,-174
-224,-16224,3120,-5770,2597,25
-328,-16036,2804,2352,2987,-983
-756,-15740,2720,4261,1172,-432
-1764,-14600,2560,-1307,-1056,894
-1672,-19728,4972,-449,-2406,2291
-4796,-15952,3444,3367,-1339,-381
-4712,-17128,1788,247,-2330,-431
-3964,-16088,3504,820,-3609,-1317
-3048,-16132,1788,3976,-2858,-994
-2268,-13776,68,3897,-1220,-1517
-3284,-14508,568,4071,-1085,-1378
-6096,-17688,148,285,-3649,475
-3808,-17700,-1764,-3406,-4417,-747
260,-15444,-3576,-2451,-1988,-174
1132,-17220,324,-1932,2000,-766
5452,-32768,14124,-10067,6726,-2574
1884,-18152,5304,1803,2883,-284
456,-15956,5920,9907,1957,-290
-1852,-14748,4612,8750,64,2838
-1392,-15900,4760,1692,-463,2739
-1976,-16252,3336,-1595,-344,463
-2196,-15820,2788,-2276,1445,-2046
-1240,-16044,3480,-2538,-1346,-2512
2660,-15488,1340,-330,1606,-1333
-812,-16188,3156,3306,752,473
-1360,-15744,3452,4480,1051,1405
-1752,-15968,4544,4092,1059,1021
-1684,-15712,4576,1338,424,-268
-1348,-15792,4500,-1000,-188,-584
-1020,-15604,4556,-1126,286,-387
