1512,-13336,9312,-455,62,-350
1512,-13264,9264,-408,-89,-395
1668,-13376,9480,-429,95,-289
1504,-13344,9448,-563,203,-289
1644,-13192,9316,-569,29,-332
1612,-13216,9272,-555,103,-176
1492,-13208,9316,-667,91,-180
1536,-13100,9252,-775,-45,-351
1580,-13212,8780,-652,-6,-414
1508,-13428,8944,-255,-58,-569
1864,-13164,8812,301,142,-735
1576,-13396,8744,1336,-198,-1158
1940,-13396,8752,2512,-78,-1330
1916,-13392,9272,2578,1085,-1101
5632,-16808,2940,-5704,-2262,1308
1836,-14664,8004,-10119,3046,1603
2944,-13788,9420,-11015,2212,1129
2916,-13112,9232,-3082,550,494
3212,-10708,10092,599,-2529,5781
22312,-21884,7752,-4608,-4266,-3134
6424,-15292,10220,-1855,2171,-8904
-196,-14280,13700,8206,3784,-9363
1560,-11396,10228,15146,717,-6169
-5264,-14496,9452,14375,-318,-1937
-7468,-17756,10748,-1574,-9345,246
-2520,-14916,7916,992,-10144,2346
-1744,-17672,8728,6687,-10620,3767
2632,-16820,8628,1784,-6230,8932
8396,-13648,5620,-559,-2238,5388
4892,-14944,6760,-7840,1561,3897
6168,-13416,7876,-13948,3915,5893
5432,-12564,9464,-8202,3322,1681
2676,-11244,14128,-922,4233,-1127
2252,-13160,10856,4342,518,-727
1536,-12184,10524,4194,948,311
1560,-13140,10244,-155,1031,63
1124,-13504,9700,-2190,237,-928
1608,-13476,8876,-2665,96,-1246
1124,-13456,8612,-3072,42,-995
1400,-13824,8408,-2771,-112,-931
1728,-13844,8068,-1153,94,-900
1980,-13748,8080,-103,424,-260
1952,-13664,8508,174,1037,596
1632,-13924,8612,579,580,609
