-1344,-14120,7856,-513,81,-193
-1444,-14208,7772,-1005,-34,-351
-1200,-14140,7756,-1525,11,-295
-1544,-14380,7748,-1491,-54,-367
-1560,-14456,7448,-1185,70,-183
-1520,-14380,7504,-108,5,-370
-1428,-14788,7568,473,-81,-987
-776,-13964,7604,162,-3,-414
-1212,-14356,8052,-443,149,-266
-1304,-14436,7844,-610,-625,-1074
-1116,-14188,7684,-268,-1049,-1688
-1164,-14472,7792,254,-979,-1736
-1200,-14628,7852,1963,-2215,-1758
-228,-14376,7784,2701,-2565,-1693
-7000,-32768,32767,3065,-9375,-2968
-960,-14324,6996,-2116,938,1552
-1048,-15416,8152,352,2069,666
-196,-14128,4876,1259,2551,1043
-2184,-9060,3096,-2904,174,1780
-1732,-11708,5420,-1473,371,1081
-876,-17184,9340,-248,879,783
224,-22308,12688,2619,2721,901
-544,-13756,6884,-1489,-132,387
-564,-16240,9800,216,966,1357
-1224,-10916,7280,-2990,1081,1943
-440,-11320,7212,-2932,1434,1753
-212,-15584,9328,-821,2438,2526
-676,-14260,10060,-3537,520,950
-2016,-13308,11724,-3096,1570,-565
-2448,-10112,6772,-2751,2603,-61
-3904,-13236,6288,-3760,917,-1069
-2788,-10072,3164,-2885,363,-1856
-4116,-17032,9884,-3257,-1197,-2362
-2836,-10368,5428,-4022,-241,-1032
-6000,1232,-3544,-9819,597,955
-1224,-1544,-416,-422,-2120,-2749
1892,-32768,22152,19142,-5676,-6692
-6040,-32768,27580,-20502,-181,3751
3208,-11748,3320,-23254,1541,-1360
120,-15928,1100,5013,-5446,-458
2276,-14496,4608,-4010,-1478,-3082
-5960,-13444,7288,5518,-2750,766
-3768,-16748,9088,1450,-3887,-775
932,-15808,5092,2014,-3688,346
280,-16608,5120,657,-4774,170
1188,-17516,8172,-1828,-1478,743
-176,-15708,6316,-2375,-409,2343
732,-17952,7984,-1938,1534,1368
2468,-14632,5756,664,1531,-833
2080,-15084,5456,797,988,-713
1380,-10988,3196,-359,326,-325
-1036,-18812,11780,1944,1543,-1048
1100,-13896,7484,-724,964,928
-116,-14380,7612,-2310,1283,2108
-964,-14976,7008,-1664,995,1198
-804,-14932,7192,-154,593,-40
-504,-14592,7112,303,794,-640
-536,-14668,7096,-196,744,-804
-324,-14564,7084,-1159,385,-482
16,-14572,7040,-1748,441,-7
-356,-14740,6996,-1136,265,112
-500,-14772,6804,-32,460,197
-564,-14760,7056,995,178,-146
-420,-14628,7172,1588,-32,-500
-456,-14564,7216,1882,232,-576
-388,-14416,7448,902,199,-327
-648,-14396,7444,-60,290,-87
-492,-14340,7600,-247,195,152
-936,-14380,7504,-309,159,120
