-1628,-13792,9032,1415,881,-204
-1448,-12628,9548,2017,207,-738
-1260,-13780,9932,-3445,74,-230
-408,-12484,8760,684,-712,-771
-1596,-13576,9452,1773,-1262,-31
-2792,-13352,9468,-777,-484,-1302
-752,-13084,9868,-1441,-3247,-4656
-316,-12908,8512,-2887,-1101,-1096
-1852,-14268,8608,-1513,-1184,-955
-1608,-14264,8864,1752,-2601,-3670
696,-13584,8832,7716,-558,-7033
1364,-13104,7784,9349,-2918,-3768
14068,5532,-32768,-17986,-2931,18389
936,-11684,3752,-4136,-2058,1952
1172,-13928,7692,-1587,1998,-809
984,-12344,7116,1342,5695,-1243
2484,-14140,9972,3405,4406,886
-248,-14628,11340,-1816,5285,1500
-1252,-12500,8448,-739,4859,104
-716,-12864,12384,2846,6407,-452
-668,-9284,9664,-4828,4553,-52
-1116,-11232,9976,-4620,3056,1403
1104,-12804,10096,-779,2549,1772
-1080,-12068,11264,108,1489,-30
-1256,-12584,14288,-3913,2270,-1935
-1616,-9772,10644,-2312,2663,-2944
-2472,-15612,16868,-3095,-870,-4011
-3692,-8268,7772,-2769,-649,-3413
-4052,-7660,6372,-4931,-1181,-1958
-2388,-14908,10180,-3052,-4678,-1968
-3792,-8388,3916,154,-325,-2003
-5172,-20424,17540,-2454,-4151,-1028
-2600,-16224,9488,-4206,-2588,-286
-2536,-15256,9304,5120,-2791,-915
-2596,-16680,6232,3695,-3683,-894
-112,-15780,5796,2326,-3816,-356
-3752,-14472,6708,2734,-6168,2324
-1880,-15164,6260,-1308,-9014,3328
2240,-16400,8460,-3919,-4459,2042
2108,-13916,6520,-6570,-889,2647
3148,-13984,8596,-4641,1084,1937
2944,-13588,8708,-1448,2362,-603
1376,-9160,5344,3427,3047,-538
252,-11336,10444,8153,756,-2152
692,-12668,9604,2179,2564,1846
-156,-13344,9812,181,1913,2650
-764,-13336,9420,-746,1313,1376
-244,-13440,9096,-892,1277,607
-564,-13416,9280,-856,1698,853
-840,-13492,9364,121,1135,737
-488,-13576,9200,429,611,565
-584,-13360,9268,196,529,256
-844,-13120,9552,-361,731,97
-904,-13080,9588,-696,775,199
-1076,-13152,9392,-883,625,307
-800,-13404,9280,-939,485,289
-1036,-13304,9052,-716,444,41
