-1448,-11892,10704,-687,-100,-152
-1604,-12024,10808,-713,-98,-177
-1040,-11984,10784,-574,-119,-176
-1196,-11912,10668,-394,-220,-115
-1520,-11960,10840,-411,-570,0
-1300,-12148,10620,-308,-452,-126
-1624,-11956,10908,-386,-542,-311
-1668,-12228,11180,-255,-2735,-786
-1720,-11760,11160,-189,-3896,-613
-1092,-12184,10996,-53,-4433,-254
612,-12344,9976,514,-3315,83
-584,-12076,10844,690,-3246,69
-6424,18552,-11548,-1892,7641,19267
-8376,-11576,14168,-2303,-4874,5914
2260,-16012,12540,-1384,-4114,2571
-952,-8108,7328,-2428,-931,3414
424,-14808,13896,-35,-2346,1616
1328,-11260,11516,-1256,-3621,3160
1056,-13408,10588,110,-490,2791
-612,-10528,10028,-2455,-562,2546
244,-13200,11940,-772,2050,1390
-60,-15400,11700,-231,542,2862
-192,-13052,7404,-3268,-1003,4543
-872,-10836,10396,-4435,-1225,3122
260,-14260,12096,-2513,2418,3209
-2440,-12264,11988,-3341,4914,3083
-3384,-12820,12520,-2026,4548,1551
-2320,-11564,9228,-2403,4798,2185
-3532,-10956,8128,-2617,3417,1864
-1296,-13644,10188,-3790,770,685
-600,-14488,10276,-3694,-95,-1266
-1924,-14556,10060,-3291,-208,-515
-3276,-11216,7124,-3471,740,-180
-5112,-3968,1016,-2477,91,219
492,-14208,9512,-542,-2559,-2650
716,-15788,8976,2141,-423,-3258
-4296,-7852,5816,-2584,-430,-637
-4632,-7868,4300,-6012,121,28
-8664,-32768,20364,-10122,-2162,1389
-28028,-26924,29736,-27292,-9117,2662
-32768,-32768,32767,-32768,5534,8047
-4932,-22024,4212,-32768,21260,15364
14352,32767,-32768,-11294,7032,-230
-7272,-9192,10472,-32768,-13801,834
-25752,24916,26020,19083,-11028,8387
22016,-10840,-5404,-4554,-13107,-11444
20524,-32444,15028,4597,-13680,-12591
18500,-17184,-11468,7240,13011,4910
-636,-12756,10040,10483,-412,-3035
-2024,-10120,5880,-1393,1658,7116
1804,-9464,11596,1403,-3733,-1399
1396,-7656,7872,5366,-624,-4264
3844,-8136,4528,773,3463,231
448,-12012,10200,-442,-179,-174
-48,-12936,9960,-1661,375,108
-688,-13080,9628,-1279,350,-12
-308,-13268,9704,-702,645,137
-436,-12852,9872,-242,1230,411
-728,-13052,10056,19,922,50
-556,-12788,9888,221,1199,-98
-540,-12692,9860,74,964,-128
-272,-12780,9912,-491,1150,196
-844,-12852,9860,-605,554,-6
-992,-12908,10036,236,1257,-239
