-6208,-972,13904,-98,20,-200
-6856,-508,15048,-522,190,12
-5012,132,14080,-677,518,1732
-7072,-2196,12620,1742,5849,5611
-7096,-1628,13448,3293,3758,4105
-8936,-912,14484,4758,3836,2061
-7916,-1612,11036,5315,2972,426
-6724,4,11204,9352,4267,1935
-9284,2316,15048,7075,5867,-519
-9056,1876,13932,2318,2389,-3615
-10236,2556,15352,-573,659,-6695
-9324,2088,13572,-1337,-1852,-8323
-7344,1248,11688,2827,-2271,-4049
-8724,1884,14160,4585,3204,-144
-9656,1704,13704,1551,1345,-2472
-6656,1968,11188,6311,1231,-656
-9412,2900,13720,5046,4793,860
-11000,2652,14168,1801,1574,-1984
-3264,2864,8368,2733,772,172
-5788,4912,7624,12975,12992,11587
-11192,6428,15272,-1490,13654,5956
-11248,7892,13016,-2543,7305,9785
-8992,7512,11144,-3140,2871,12828
-11040,8176,11836,-1591,3454,13760
-10304,7356,9000,-355,1013,13504
-10988,9936,9856,1323,-1252,12631
-9984,6160,8568,604,-1354,9688
-10992,5848,8704,453,168,6342
-13308,6368,10436,4483,274,4521
-11408,5076,10992,6098,-2690,2576
-10476,4156,12276,4483,-7376,-1766
-8620,4924,12684,4037,-7608,-6711
-6940,7244,14160,2153,-612,-4574
-8224,3136,8708,1906,-3807,-11342
-8552,6584,12968,3389,-6524,-14601
-10080,8460,12924,1779,-1555,-11103
-9676,5024,11572,1590,-4441,-11173
-7936,9364,13376,-1579,-2228,-10848
-9496,5904,12584,-1389,-407,-8076
-8180,6364,10780,-2299,-7296,-10946
-8356,8452,10008,-443,2552,-4196
-11892,9712,9716,-3504,4280,2070
-11756,8564,7432,-5293,2313,3566
-11760,11644,10104,-9198,5489,9785
-10316,11052,10704,-9022,1652,16183
-7668,8152,10888,-5292,3252,16004
-11380,3876,9708,-4998,5030,12386
-13112,7292,11160,-34,-1722,8250
-13504,6604,12064,805,-3364,7176
-6844,3024,9476,634,-3045,1040
-13736,5280,17696,-14946,-4317,-9955
-11988,4012,11376,-16107,-11392,-10712
-9956,860,13504,-16533,-16707,-16634
-5228,968,10504,-13566,-18817,-17658
-2304,3572,15328,-9022,-12338,-11084
-1756,880,14156,-8462,-4182,-6620
-2308,-736,13068,-9312,-4541,-6077
-3116,-536,15524,-4102,-2323,-3163
-3312,-2776,13096,-285,504,295
