-7016,1716,14988,-444,8,-218
-6524,2084,14320,-422,173,-61
-6608,2256,14020,-387,546,320
-6756,1764,14108,-312,228,-65
-6528,2156,14436,-551,1092,567
-5624,756,12864,-189,2137,834
-5716,828,13800,641,5711,255
-7768,3440,16704,-2228,2779,-2339
-6336,-72,11616,-1997,3357,-899
-7984,364,12668,1002,7639,-707
-8988,2212,13404,1402,4519,70
-7660,692,10580,4906,5319,1493
-8556,2872,11712,10652,9636,4339
-10276,4956,13700,10970,6044,5088
-10184,5888,13788,8155,1593,4847
-10952,2620,10556,5197,1773,1442
-9892,3748,10076,2440,-2003,-3988
-8956,4788,11224,2748,-3966,-3858
-8144,7344,12756,3049,145,-1242
-9944,7064,11708,2413,6401,4376
-8332,12916,12132,-926,2343,8665
-8104,12960,11508,-5773,4364,14781
-8588,8528,9212,-5519,4037,15831
-10984,9944,9760,-2174,3119,13776
-9932,6676,4112,-1543,8017,6218
-11812,9524,9376,-335,1968,5960
-12096,4116,9608,404,1453,1409
-12520,5940,10828,1760,-1988,-94
-10948,4256,10304,1239,-3762,-3051
-10412,2492,10456,1237,-6905,-4578
-8760,2392,11988,2794,-6200,-10802
-8368,1504,9608,3610,-3530,-14705
-8668,6900,12876,643,429,-7862
-9164,5888,11288,-571,1098,-7368
-9320,7668,13052,-610,-1381,-3980
-8032,7860,12292,395,-1792,-817
-6252,9352,12148,-1468,255,-1246
-5264,11776,11280,-2183,-39,2758
-6624,13176,11664,-4132,1044,8055
-11280,11272,8004,-7023,2680,17462
-11660,8620,7392,-1893,767,17787
-12596,9136,9268,-463,748,13846
-14104,13208,16508,-7101,-3255,9193
-7696,-676,6820,-348,-14031,-1050
-4392,5128,16552,-3593,-7794,-11296
-3608,3260,12452,-11510,-10152,-19233
-2616,8304,11832,-9115,136,-15311
-5744,6596,13428,-9771,-680,-10138
-7924,4812,14152,-7369,651,-5097
-7184,2848,12592,-1480,-160,-2793
-6740,3004,14740,-2006,-134,-3066
-5780,4040,13272,-1219,-668,-2989
-6544,3304,13596,-148,200,-1054
-6196,3052,13744,-67,124,-255
-8124,3492,15380,-1163,197,-1726
-6940,2912,13076,-271,-1360,-2460
-6936,2892,13296,2488,156,1539
-7216,3528,14928,1690,785,1421
-6592,3096,13256,-826,-1538,-355
-6264,2436,12720,252,-1055,198
-6240,4104,15012,2008,-256,746
-6832,3160,13904,-1083,-574,-869
-6028,3132,12892,-360,-117,-247
-6636,3884,14244,146,324,207
-6684,4120,14224,-217,226,-94
-6236,4124,13736,-546,104,-65
-6616,3852,13864,-436,1166,834
-6788,3456,14216,-144,604,581
-6656,3364,13656,-61,-428,-430
-6668,3296,13868,883,112,-167
-6244,3712,14068,1708,29,63
-6748,4200,14012,2106,238,217
-6840,4676,13864,1255,29,248
-6640,3536,13440,1204,127,-41
-7544,4320,14296,-1848,-3,-1779
-7284,3608,13256,-2412,-472,-1751
-6160,4396,13820,-482,-578,-953
-6892,4292,14420,-1441,17,-729
-7180,3944,13908,-1381,-188,-927
-6148,3560,13848,-220,-152,-327
-6556,4088,13808,-472,372,-130
-7064,3516,13384,-476,-25,-212
-6768,4072,14116,-12,78,-51
-7388,4348,14744,-1484,-409,-882
