1460,-11940,11072,-393,172,-184
1444,-11928,10840,-266,98,-237
1424,-11932,10844,-506,51,-235
1264,-12104,11088,-287,97,-106
1324,-11972,10716,-177,94,-18
1268,-12032,10832,-139,25,-103
492,-11908,10892,-127,-210,-8
512,-11508,10564,-484,-336,546
776,-10704,9320,-1108,-61,683
1984,-9988,6788,-3374,-2381,2084
1856,-17056,8548,-13159,5897,3487
732,-12380,8736,1933,-1177,-515
2244,-12896,9172,-1450,2017,1447
2620,-13320,8512,-4677,4012,1107
2584,-11480,12472,-11504,1325,-641
1360,-11132,12368,-7708,697,-925
2128,-12576,12056,-2354,344,-1529
2948,-11556,12044,-695,-826,-5519
3136,-11440,10612,4245,22,-5837
-292,-11508,12188,9700,-225,-4433
-2084,-12168,8928,12283,1294,-4315
-3192,-15516,8332,-105,-1750,-1295
-5092,-14412,8564,-4673,-10467,486
-5292,-15752,6500,60,-9262,1659
-2968,-16556,4288,-646,-6789,9485
8072,-15160,3804,-2462,-4204,13067
8368,-14608,6448,-3189,1038,3953
7436,-12676,10236,-1909,4808,1712
5156,-11596,12148,1064,6073,1622
1048,-9996,13928,3269,4172,1631
-1272,-11188,12688,3207,2159,3395
-1544,-12620,11968,-1359,340,-593
-324,-12692,10236,-5981,-370,-4089
832,-12828,9404,-5540,-779,-3899
1608,-13068,8716,-3702,-253,-1199
1136,-13744,8732,-2152,315,-211
860,-13628,9008,-774,-47,-627
1020,-13536,8868,-318,99,-544
1424,-13200,8828,-153,349,-225
1072,-13312,9048,-57,102,51
1088,-13356,9136,-74,174,33
672,-13484,9376,-164,391,-153
952,-13316,9016,-278,678,-350
1088,-13288,9140,-66,225,-491
884,-13392,9140,89,248,-329
908,-13084,9456,21,531,-387
652,-13252,9480,-101,553,-404
