-3564,-8912,12176,-111,-410,-85
-3988,-9568,13792,305,-73,93
-3100,-8964,12020,1773,392,256
-5496,-9364,13752,1147,-720,-301
-4800,-10956,12748,342,3053,1909
-2812,-7064,12320,2255,-2282,3848
-1252,-3564,11068,-1219,-2673,-344
-3344,-6996,12492,-7506,3317,-1131
-4240,-11356,14736,-3948,624,-1768
-3880,-7924,10360,-2981,-2845,-2597
-3980,-8044,11448,-5567,-2550,-3128
-4308,-9428,10960,-639,-6308,-1396
-2592,-8700,10040,1860,3073,-4139
-1272,-9016,11244,-2638,-2340,-3557
-2688,-9760,12664,436,-3949,-3546
-1652,-8988,10616,-2329,-501,-4970
-1708,-10556,12832,-1546,101,-4352
-1620,-10068,12420,-1739,2387,-3273
-1792,-10252,10756,-3002,3111,-2228
-2388,-14180,15836,3110,-1417,222
-1448,-10832,12620,2933,-1774,2775
-432,-11672,10684,1743,321,2142
-1820,-12048,10876,-2757,1198,2311
-3240,-11160,7908,-7089,12532,-3483
-4848,-10956,16300,-6037,1414,2802
-28,-13480,8552,-4235,-6920,3572
524,-12004,11692,-7475,-6449,3492
-2220,-11572,13104,-9398,-1293,526
1568,-10004,11216,-6815,-1612,-105
1484,-9748,12420,-1941,7126,-4874
-2140,-9348,14300,1123,-47,-6099
-4996,-9512,12276,1788,-2987,-4595
-4548,-9960,12168,3428,-6936,-2094
-1168,-10724,10916,7577,-1853,331
-4700,-11844,11032,3978,4764,-3141
-3628,-12580,8880,2752,1870,1608
-2756,-14068,11824,2325,-659,2092
-3108,-15704,8616,-1429,-2206,2957
1312,-15960,7200,-1701,1438,6092
2452,-14768,9976,-4464,10377,-1553
-592,-11460,20360,-8376,9559,-623
3244,-11208,11500,-1081,-10150,1807
2448,-9012,10364,3067,-476,-1139
-684,-9464,12376,3424,875,1381
-1636,-9924,12444,2237,4598,1934
-2764,-10716,12608,459,1670,2449
-2452,-11752,12116,-2128,-1356,256
-2176,-11104,11264,-933,-2140,-987
-1272,-11288,11564,-1531,-1222,-1585
-1344,-11644,11032,-1646,0,-1723
