-2856,-14832,7540,-430,113,-133
-2928,-14680,7588,-441,311,-74
-2776,-13984,7012,-313,-193,-215
-2888,-14232,7156,-438,-19,-189
-2776,-14540,7080,-390,254,-283
-3036,-14248,7520,-494,339,-247
-2788,-14252,7248,-434,-47,-179
-2756,-14476,7148,-331,373,-173
-4388,-13468,4788,-342,1224,21
-3244,-14260,7220,-436,1302,1004
-2668,-14288,7304,-293,1362,39
-2060,-14732,7272,-1027,485,-959
-3564,-14360,6760,-1557,53,268
-3464,-14196,6480,-2349,1012,757
-5604,-13544,4744,-4523,3238,2699
-5776,-12880,2188,-7206,3702,3089
-2460,-15260,2884,-13789,4004,4844
-744,-18924,4440,-17475,6297,4556
-2100,-16364,2376,-19428,5743,-724
-1460,-17164,2784,-11911,3287,-4457
-1860,-18192,4628,-5080,1440,-11305
-1260,-14764,624,-5049,-1049,-14020
32,-18384,2504,-1200,-4938,-11435
-1208,-17980,7284,6724,-10479,-12407
-2304,-16556,2056,11214,-10182,-14015
-5044,-15156,3804,10472,-6879,-6632
-3176,-16080,4192,14083,-7421,-3184
-3084,-11692,772,11919,-5141,-813
-1896,-18100,7728,8683,-528,3856
-4012,-14976,3444,14058,540,12780
1540,-14900,3040,6113,10314,8188
-1636,-16612,8768,2849,7369,6151
2976,-15860,4300,-1877,7062,4984
2404,-16224,6956,-4535,8302,1313
1036,-14244,7532,-5435,3775,-3711
392,-13688,8836,-4748,-1075,-1639
-1064,-13944,6132,-1460,1270,978
-2200,-15068,6248,-986,457,2054
-2876,-15364,5896,-73,-314,1356
-2220,-15284,5792,-254,372,-65
-2992,-15752,5844,-430,359,-766
-4200,-15908,6976,925,-1492,-52
