1904,-9296,12936,-625,141,-376
1932,-9304,13036,-669,126,-257
1928,-9344,13264,-417,52,-261
1764,-9456,13200,-267,148,-281
2104,-9332,13020,-230,188,-303
1816,-9292,12956,-228,116,-393
1628,-9492,13024,-346,198,-318
1876,-9276,13220,-388,398,-214
1828,-9400,13244,-510,661,-304
1304,-9668,13060,-254,590,-878
1948,-9532,12872,592,622,-1629
1364,-9740,12612,2540,11,-2479
1980,-9520,13236,4799,390,-3058
3500,-7904,13004,6418,3317,-251
3328,-8648,11888,5701,6579,2315
3268,-8200,12376,-458,5229,2646
2088,-5464,15384,-2388,3243,1832
3100,-7716,16936,-3841,1296,101
1788,-5680,13500,-4877,-220,-3545
3776,-5264,15416,-4983,1179,-6795
-540,-7552,16088,-5404,-934,-8364
-2508,-6556,12716,-6061,-1600,-4152
-36,-8148,13116,-1517,-1644,-2667
-2096,-11392,12012,654,-2387,-2327
-440,-12012,11764,-5094,-2653,-1159
356,-9376,11868,-2731,-5819,-746
376,-9464,11748,4598,-3945,-1432
2528,-12524,11720,6699,-5455,-2905
3664,-12080,9644,3096,-5909,-3820
612,-11556,8504,4446,-1198,1679
1656,-8292,6272,3746,-166,7815
5168,-10844,9724,3343,220,7806
5340,-11332,11600,611,1381,6943
5784,-9260,11900,-1852,1628,6039
5580,-9364,11772,-2347,2424,3727
5888,-8344,11064,-1813,4685,2671
3648,-7532,14460,-2180,4438,2013
3728,-8196,13484,-1247,4942,1434
3564,-7512,14172,-221,5128,468
720,-7220,14916,-250,3516,-51
-3612,-8144,15884,103,880,706
-1700,-8368,14332,-564,672,981
-156,-9040,14040,-3662,-1391,-2376
396,-9604,13372,-3775,-1831,-4122
1640,-9212,12876,-2849,-1419,-3369
2252,-9576,12560,-1881,-440,-1759
1972,-9692,12468,-691,336,-774
1648,-9780,12500,447,362,-477
1612,-9704,12984,1174,147,-366
1340,-9504,12748,1417,514,-328
