-856,-15900,3736,-1238,-38,-393
-760,-16052,3624,-1006,-87,-289
-704,-16104,3444,-1239,83,-109
-584,-16132,3656,-1102,174,36
-804,-16060,3568,-623,270,-525
-688,-16064,3476,-310,108,-907
-984,-16128,3224,-850,96,-1169
-1684,-16480,4384,100,-1756,-2215
-712,-15984,3172,1972,-1497,-2504
-3852,-28420,14340,2597,-9937,1191
-916,-14340,1000,1904,1121,1175
-1368,-17968,3164,-545,2063,1506
232,-22648,7584,-241,1255,957
-736,-14436,1544,-255,1197,2299
1480,-18468,6988,933,2673,753
-808,-15240,2528,3588,3597,182
-1956,-11128,-1232,-3376,4221,2858
280,-17704,4112,5049,2094,590
-1068,-11836,2888,1286,2463,1074
-2376,-17328,4408,-2018,208,2592
-876,-19608,8688,-106,-13076,1251
1048,-14140,1784,-1359,-5988,1698
-1716,-16592,9304,1657,3437,2656
-1744,-13580,7764,-325,3239,1979
-1304,-14792,7460,-2409,125,31
-2912,-17316,7944,-3171,-733,-856
116,-12208,4284,-2791,1774,-1789
-40,-15180,4956,-359,-1738,-2966
-1840,-11052,2332,281,425,-1291
-1260,-17844,5900,-2109,31,-119
960,-6572,-2740,-1418,-1991,-2705
-7212,-1808,200,-1809,-235,-1364
1776,-18232,6800,2092,-4676,-3467
-2384,-14504,6976,984,-4538,-2596
4804,4864,-14920,6752,-3410,-6153
-4220,-32768,19440,-32768,1520,1925
3188,-32768,24764,-26337,9105,-4777
14192,-32768,13896,-18273,8784,-6771
32767,-27100,-7932,-11112,-735,-11837
32767,-22864,2824,-8253,-10916,-22985
32767,-16920,-14036,9746,-3571,-8901
15812,-32768,-992,5765,-32768,-7404
1520,-14868,7364,4616,4355,-7303
-32768,-32768,32767,-123,-18452,15633
992,-14060,8192,4975,758,447
1220,-13776,7468,4139,797,1975
748,-13624,8076,2706,1179,1841
-24,-13796,8668,1310,513,1245
-20,-15144,8772,247,605,542
364,-13900,8332,-918,510,49
304,-13756,8336,-3226,-75,-73
648,-14216,7828,-4374,-57,385
504,-14440,7840,-3339,157,634
484,-14352,7752,-1864,-4,700
52,-14492,7472,-653,229,932
-656,-14588,8088,-55,617,699
-184,-14868,7476,305,280,-116
-8,-14384,7540,297,-56,-461
92,-14420,7760,679,324,-420
64,-14280,7792,1551,590,-353
