2092,-12508,10984,-504,69,-389
2328,-12232,10640,-427,158,-245
2436,-11900,9884,-564,27,-258
2084,-11896,10320,-786,89,-291
2268,-12032,10596,-650,98,-452
2384,-11604,10056,-1058,58,-375
2240,-11872,9924,-1633,229,-323
2080,-12720,10856,-1187,608,636
1744,-12644,10288,-1558,-307,506
1376,-12316,10440,-1982,-441,106
1944,-12404,10328,-1795,-610,-459
2956,-12440,10136,-547,-2085,-1177
1196,-13048,10028,477,-2029,-754
2268,-12924,9464,-837,-2324,-1391
-2280,-11456,8284,731,112,2783
1540,-12212,9284,1028,-2668,1751
2204,-12544,7488,1139,-953,685
1812,-13928,9664,717,-1402,1636
2136,-13480,10212,-583,-628,2489
3596,-12196,8780,135,306,1456
2816,-13056,10528,174,1659,915
2168,-12240,10140,-909,2284,1794
1900,-12564,8936,-1502,2505,1543
2364,-12924,10772,-1716,2801,1160
2544,-13044,10724,-2335,3883,1088
1780,-12024,11020,-3805,3952,977
1944,-12272,10736,-3392,3461,625
3132,-13880,10328,-2721,3306,504
2540,-12292,10472,-3349,2556,-171
2228,-12788,10124,-6181,3436,-2265
2536,-11844,9780,-4637,4384,-3613
1988,-12964,12164,-1392,3440,-4578
2532,-13012,10348,2410,1563,-7092
980,-11572,9712,3479,1268,-7804
-1504,-10156,10188,3447,578,-2321
296,-13192,9984,4929,-1072,-898
-736,-12528,8240,717,-2736,-1837
-768,-13724,11080,-508,-4399,102
1296,-12676,10224,2033,-4913,1613
1872,-16588,8168,2056,-5217,-447
1436,-12136,9252,900,-5205,1466
2188,-13148,7236,890,-4099,1460
1704,-14292,8732,-390,-4542,901
2708,-13560,8960,-1112,-3244,2734
3612,-14012,9916,654,-3646,2682
4276,-14188,8844,587,36,1350
2940,-14068,9588,1418,-724,614
3984,-11212,9916,1239,597,1432
4544,-11956,10540,2819,1201,44
3588,-11160,10608,3896,2495,-209
2420,-11712,11420,2903,1666,92
2616,-11824,11252,807,964,644
2176,-11860,11200,-643,1211,981
