2580,-12620,9988,-308,101,-118
2608,-12604,9944,-374,182,-41
2648,-12760,10052,-457,193,-82
2632,-12648,9936,-509,151,-236
2888,-12656,10016,-657,88,-272
2604,-12624,10036,-694,106,-302
2412,-12676,9980,-648,-159,-394
2592,-12660,9904,-746,-422,-496
2192,-12820,9608,-626,-318,-1012
2784,-12880,9348,-222,-1341,-2180
3248,-12804,8856,420,-1834,-2629
1720,-12832,9548,1987,-2401,-2660
-756,-14340,12492,1795,-2264,3191
4464,-14312,10740,898,-2330,1798
3236,-13204,8280,785,203,248
2012,-15104,11432,-2371,378,1396
4028,-12280,8316,-5429,1101,2812
3260,-12544,11040,-3998,2178,1444
2524,-13032,9948,-2841,2268,217
3788,-14668,10384,-4424,3091,604
2640,-12376,9096,-4654,3761,166
3376,-10832,6292,-3484,4954,593
2852,-12640,7764,-3637,5524,776
2532,-14192,10284,-4796,3499,448
1808,-13524,10936,-3742,1816,716
1260,-12772,11048,387,1406,2428
880,-14608,11896,-1624,1573,625
1804,-9892,7948,-2270,2730,-741
576,-13964,15612,2399,4146,-4803
-1360,-4808,4320,1950,2728,-2501
2596,-11656,9476,2477,413,-4046
376,-14996,11160,5175,81,-3509
816,-12728,8236,5100,-1747,-1859
-960,-13004,11344,3998,-2151,-1473
908,-12596,9628,3196,-4466,-696
788,-13844,9220,1509,-4054,-199
1080,-13064,9680,1316,-3704,779
2020,-13228,10152,2794,-4586,1129
2260,-13696,8108,2184,-3155,171
2728,-13756,8368,-1515,-4122,100
2116,-13424,9084,-1537,-4081,-495
3180,-12324,7440,1768,-2385,1938
1916,-13596,10684,3467,-2332,1279
4224,-12068,7756,3249,-1756,-99
4648,-11536,9652,1640,-318,1401
4648,-11976,11832,642,-533,1042
4184,-11108,11616,1417,1331,-178
3436,-11412,11136,1171,942,652
3184,-11620,11176,-376,1172,1172
3040,-11644,10864,-1384,1009,932
2664,-12184,10536,-1693,595,-76
3024,-12088,10484,-1390,1188,-501
3712,-12468,10772,-480,1381,-144
5076,-16908,14152,6312,2401,-3007
668,-11636,9084,-1269,4946,-2844
3448,-13068,9960,-6833,2665,1064
1680,-9508,10228,1993,2751,411
1732,-8560,8584,-134,769,-512
2100,-10148,11164,-2430,1110,-96
2344,-11492,12124,-485,476,-292
2776,-11616,11752,-532,89,-9
3084,-11300,11076,-1211,335,130
3076,-11336,11520,-1593,252,-184
2152,-11704,11692,-280,659,-746
2248,-10880,11116,-145,846,-68
2504,-10924,11080,-738,481,-62
2388,-11428,11084,-517,493,-278
2112,-12368,11696,-356,153,-93
