1292,-13228,9332,-101,213,-119
1300,-13176,9260,-177,159,-157
1220,-13160,9512,-163,166,-199
1516,-13236,9400,-266,97,-197
1280,-13332,9476,-386,130,-188
1552,-13200,9564,-549,154,-184
1432,-13212,9404,-545,208,-218
1220,-13212,9452,-380,137,-204
1372,-13308,9272,-180,223,-94
1232,-13216,9328,-42,330,-92
1128,-13212,9408,69,139,-224
1432,-13160,9356,238,301,-261
1348,-13048,9660,644,352,-323
1388,-13048,9680,433,231,-357
1020,-13136,9540,444,256,-533
1484,-12980,9724,785,83,-872
1384,-13104,9628,1423,-54,-1111
1584,-12964,9544,2141,292,-841
1580,-12868,9520,3287,469,-781
1632,-12636,10176,3804,733,-500
2216,-12452,9964,3303,2164,599
1104,-13488,9436,-4094,2460,1924
2524,-11864,10520,-5166,4360,1425
3480,-11748,11500,-4331,2676,2647
2504,-9024,11084,-4840,3298,-1049
2656,-8604,10700,-2238,1357,-5439
-788,-9384,12116,199,721,-5440
-412,-10992,11864,8,945,-3634
-664,-9280,11372,2529,-1552,-3819
-1408,-12652,10660,3081,-2141,-1972
-628,-13792,8272,-12,-3540,-680
-2488,-14584,8280,251,-9547,-391
-24,-14508,6044,2900,-7830,816
3000,-16872,6816,-209,-6784,-495
-1068,-14672,7904,1362,-5216,1930
2676,-15800,9448,2305,-2457,4213
4044,-13972,7068,1208,324,1633
3140,-14128,6728,-2502,1998,2066
3440,-13476,9036,-4508,2881,2684
4088,-12396,11548,-4240,2647,1411
4432,-10964,10608,-1276,2415,743
4000,-9580,11712,1856,1671,899
2184,-10012,13396,3508,1321,1063
1532,-10580,12440,2718,2853,1701
1212,-12036,11516,-1855,1212,1515
584,-12680,10660,-3959,577,515
404,-12984,9976,-4129,-674,-827
976,-13176,9548,-3831,-1566,-1342
1680,-13548,8396,-2980,-358,-1192
