2352,-11952,10532,-243,365,-336
2444,-11980,10456,-216,169,-270
2308,-12092,10632,-662,61,-111
2128,-12020,10480,-614,-5,-54
2388,-12180,10956,-380,112,-294
2460,-11944,10588,-677,51,-121
2424,-11984,10528,-759,181,-165
2416,-12204,10672,-727,108,-158
2452,-12080,10500,-631,72,-60
2436,-12284,10768,-468,83,-167
2656,-12200,10716,-364,245,-95
2276,-11932,10332,-345,178,-142
2168,-12084,10208,-480,200,-174
2856,-11376,9108,-1769,874,-287
2296,-11956,9724,-674,-71,-305
2228,-12116,10676,-962,686,-175
2036,-12284,10900,-877,84,-209
2376,-12128,10296,-839,-258,-300
1892,-12304,10732,-815,-698,-519
1960,-12224,10144,-131,-2202,-1171
1896,-11560,9980,2919,-1492,-69
2152,-12472,10052,2193,-2904,-989
1676,-11984,10772,1931,-2455,1234
1200,-12316,10968,1750,-2668,1150
2664,-13396,11684,1315,-1743,1448
2064,-12820,11404,449,-971,1555
1884,-13752,12396,758,-872,959
2388,-10804,9016,-690,-571,2120
2460,-12612,11152,-1351,358,1780
2488,-11284,8984,-2355,334,1723
2424,-12556,10144,-4282,785,2444
2792,-12864,11004,-4505,889,1606
4284,-13844,9836,-6492,3106,1743
2940,-11932,10180,-5496,2054,939
3036,-13084,11892,-5476,2643,352
2104,-13324,11880,-4295,3768,418
4512,-12616,8940,-5709,4000,1202
3636,-13572,11160,-6841,6416,-1816
-368,-12752,11864,-4285,4571,-5472
1632,-3800,7972,5149,-2072,-8283
-1684,-4536,8560,4408,3921,137
-5136,-2164,1556,1838,-64,-2778
-6004,-8028,4600,966,-2072,-1658
308,-11176,11132,1776,-5260,-1901
-260,-13620,11572,4749,-6493,-1488
792,-14700,8440,5922,-8074,786
1956,-15172,7164,3395,-5490,-637
3280,-13092,6172,1024,-5640,134
2708,-14048,7652,-82,-3996,171
1780,-12448,8948,1873,-2280,1274
2784,-13056,10020,4003,-568,786
3948,-12500,8920,3238,26,-187
4084,-10756,10892,4181,1290,618
3352,-11504,10876,4677,2178,290
2696,-11372,10916,4300,2268,1071
2092,-10776,12328,1838,1444,-16
2408,-10784,11912,-511,531,-332
2520,-11116,11536,-1843,339,162
2724,-11480,11056,-1509,238,396
2356,-11548,11456,-1511,358,363
2240,-11440,11172,-1430,-1,116
2416,-11736,10840,-915,101,-118
2452,-11524,10912,-689,357,-68
2444,-11616,11040,-713,320,73
2528,-11736,11116,-765,-21,-27
2240,-11824,11072,-460,315,-74
2360,-11612,11168,-391,236,-312
2244,-11712,11044,-645,319,-292
2536,-11612,11060,-677,155,-295
2548,-11612,11064,-728,327,-387
2352,-11680,11236,-973,31,-332
2392,-11728,10988,-1120,35,-354
2456,-11804,10948,-1116,222,-397
2364,-11768,10884,-955,132,-504
