1528,-12064,10880,-349,-156,-14
1384,-11856,10596,-504,-250,363
1000,-11644,9752,-683,-98,799
1012,-11096,8900,-1394,-324,881
224,-11576,8380,-3883,-418,1478
1860,-14596,9092,3253,-1890,-2694
720,-11668,8460,664,-284,1910
404,-12800,8824,-1832,818,1938
192,-14308,9096,-5946,2523,1724
-416,-14124,10304,-9192,1624,1028
928,-13580,9524,-11990,2987,1322
2916,-13276,11760,-9353,3761,1523
4480,-12816,11556,-3583,3982,1325
3552,-11704,11640,-2726,2749,1991
5132,-12560,12872,-3450,2133,-3684
2336,-17408,19316,4423,3243,-11173
-420,-11544,10600,10018,363,-7620
-2620,-11844,9820,7518,392,-4168
-4096,-14088,10904,6321,-6412,-1134
-3996,-15808,8180,4697,-10540,-1043
-760,-15344,6844,2141,-7451,1174
156,-15956,6572,2401,-7266,2017
2088,-14680,5980,1129,-5371,3665
5252,-14248,5972,-1122,-738,5020
5044,-14304,7560,-3028,1531,4814
3936,-11692,9936,-3693,2807,3662
4140,-10596,9884,-1221,2817,2189
3924,-10952,11148,2416,3718,-382
2780,-10692,12408,4812,2866,-704
2200,-10752,12372,3907,1799,377
1720,-11624,12132,-271,2484,1895
696,-12064,11700,-590,2546,871
-700,-13124,10296,-2359,-319,-1269
-5984,-11624,13624,13279,-3952,-3643
1232,-12156,12088,1285,867,-1640
2776,-11740,10588,-162,300,-804
1912,-10420,10384,248,994,-821
1380,-11368,11004,-276,347,-1153
1252,-10828,10856,-824,776,-995
1116,-11172,11092,-849,425,-1044
1432,-11124,10880,-1519,504,-841
1196,-11640,11532,-1474,776,-564
