-2772,-10008,12496,-350,-86,-99
-2372,-9848,12684,350,-2,22
-2084,-9756,13420,1236,180,-80
-572,-9692,13704,2611,-162,-1095
-648,-8308,12592,3890,1967,-3614
-116,-6048,11332,4409,1604,-2278
-660,-7072,12520,735,3795,-5629
-2248,-9160,14032,3959,3485,-4276
-1400,-7972,12592,3909,2322,-3296
-5496,-9244,10276,-3923,5383,-8066
-3380,-10172,12932,-8017,104,-2955
-3028,-7576,8656,-15521,-1061,-1968
-7332,-12600,6624,-499,-12594,3499
-4104,-13332,10168,-2249,-5536,8368
-1324,-12184,8716,-4751,-1334,7578
-1972,-15192,7324,-9540,3355,6799
-3164,-10912,7020,-10757,4191,7903
-4040,-11468,7556,-6109,3775,2606
-4364,-11380,11480,-7261,2312,2
-4752,-9328,17348,-6290,4301,-1552
-2860,-15200,1208,-8168,4525,-1956
-2964,-12296,7252,-4404,3828,-2366
-2028,-10444,12152,-5740,4392,-3117
-4888,-15652,7508,-1846,1621,1002
-7064,-10268,14028,468,2702,-125
-5704,-11264,12520,3061,471,540
-6712,-11788,12932,5941,1846,-163
-532,-5684,15704,18076,973,-14774
-5296,-13724,7744,10351,-1945,-7841
-820,-12800,15916,4731,-3506,-2771
-1912,-6144,9568,8024,199,-5057
-3908,-10592,16480,3461,-5814,3638
500,5220,11116,4488,-962,3565
-23760,-19188,25200,-6508,-15877,16773
32,-18220,-8200,5753,-172,-466
-7464,-16576,27600,1737,-2485,6380
2268,-608,2936,-2795,-3777,-3340
-4740,-12588,7816,-1957,-3345,793
-2476,-11592,12428,-6029,-3284,1432
-2264,-14296,9732,-5969,-634,3143
-2780,-15448,9636,-5834,-1056,9821
-2652,-10904,6400,-8624,-220,8599
-4720,-12536,7584,-8784,3445,8212
-660,-14148,19188,-4355,1064,4511
-2316,-16240,15980,3440,422,-698
524,-10268,10064,7779,1570,-7958
-5668,-9872,9232,7242,3494,-8192
-3596,-12536,13272,5109,-704,-2946
-1828,-9452,9464,5252,-89,-1642
-4700,-11488,10104,1971,-1562,-2886
-2360,-12012,12056,3270,-6,-4128
-2440,-10176,10428,3529,278,-3562
-2496,-10984,12312,3025,-256,-2685
-1600,-10076,13112,2476,528,-2761
-2432,-8736,11092,2222,-458,-1522
