1272,-12940,9812,-713,64,-212
1508,-12888,9892,-539,-38,-170
1284,-13072,10032,-450,70,-205
1008,-13072,9928,-306,-67,-267
1244,-12988,9576,-215,16,-196
1220,-12904,9580,-47,267,-208
1352,-12852,9688,28,35,-432
1456,-12760,9776,-35,-11,-383
1140,-12900,9800,-127,222,-314
1036,-12892,9832,-181,53,-407
1320,-12880,9824,-32,245,-227
1436,-12784,9820,81,507,-208
1780,-12824,9708,184,838,-94
1396,-12888,10136,-17,935,449
2492,-12388,8700,402,898,1923
1240,-12540,10908,-144,632,2077
960,-12520,10244,-1425,1461,1084
6344,-14336,7052,-10596,4346,-7710
1048,-14848,9448,-4528,1207,-5130
2264,-12808,10360,10,3350,-807
1884,-10912,12036,-823,1151,-6071
2272,-11920,11616,-420,427,-3300
808,-12720,11148,1472,966,-1215
-744,-12004,8160,3458,57,-2228
-1192,-13112,9080,-3012,-1957,-1345
-2344,-14368,10108,-590,-6934,-739
-2280,-13136,8224,7068,-8712,1793
3032,-15020,5436,2551,-6123,2575
40,-16720,6896,1291,-6268,758
-556,-16320,7684,3124,-5316,1709
4508,-15292,8088,923,-2754,4497
3988,-14328,7260,1815,333,2155
4172,-16180,9076,363,1463,2960
3984,-12104,8592,-4700,2863,4328
6672,-13600,9464,-3542,2958,1293
3392,-11220,12908,-1176,2568,-1204
3496,-12440,12568,-2420,3267,459
1584,-10620,10008,-709,3636,1184
936,-12172,10448,194,2875,713
556,-11368,11136,1325,1915,647
512,-12372,10972,577,929,-341
1016,-12664,10420,-1941,64,-1210
1016,-13000,9996,-4026,-435,-1093
