-3800,-856,15428,2724,2036,1803
-5496,-1112,16088,2565,2203,1797
-5196,-1188,14420,2467,1600,1635
-5092,-856,14280,7592,2957,3277
-4612,-132,14396,5988,2660,3027
-4252,288,13744,7274,4078,4268
-4900,680,14348,5261,6263,3997
-4440,2640,12728,6797,10117,6926
-2444,388,10040,9005,11510,9607
-6648,3564,10536,14119,21290,13408
-15568,9200,19500,6855,11943,4328
-10672,3868,9784,3662,3692,49
-10428,4628,9544,6200,8437,-1944
-6848,11904,13592,964,-147,-3976
-9852,6356,12084,641,3032,-307
-10008,7404,11104,1880,2151,1096
-9828,9676,12740,-1880,1630,6624
-8412,10376,10596,-2032,2297,9234
-6116,13568,10780,-4597,3995,14233
-10584,7176,7936,-4257,6792,12923
-10472,8816,7652,-1398,476,8088
-11304,7484,8284,-357,1274,5417
-10692,7500,9140,758,155,4340
-10480,6596,8984,1172,-469,1342
-10844,5720,9752,1522,-1760,-1351
-11280,5212,10792,1210,-4522,-3877
-11516,1596,9416,2804,-3652,-6389
-10616,1036,6600,5503,-3183,-12393
-7712,5948,11036,2303,-3353,-11519
-8616,7024,12588,2284,-3339,-6176
-7432,7000,13064,1138,-244,-6701
-7832,9188,11952,815,449,-3261
-8032,7036,12724,-237,-521,-3213
-8680,8264,11204,-469,-813,-3724
-8680,8180,10816,-1236,-1307,-2998
-5632,9732,8128,-2936,-1142,-2997
-8740,10968,10600,-1748,2266,1383
-5588,15124,11464,-4586,2349,9197
-8688,13664,9564,-8590,5189,18320
-11332,9104,9484,-4426,4545,17154
-16412,7356,13360,-3928,-48,9351
-12664,5088,5660,-7514,-4639,-2919
-11628,6432,16812,-7371,-9206,-11332
-10032,4984,13672,-15359,-20159,-22261
-4192,3772,10660,-11939,-16668,-20637
-1276,4132,13480,-8260,-5470,-10636
-4336,1900,14540,-6987,-3381,-7058
-3956,456,13216,-3845,151,-2082
