-2392,-8612,12956,-91,-44,-253
-2276,-8668,13372,84,83,-179
-2572,-8768,13208,157,135,-435
-2968,-8488,13188,-235,498,-334
-2640,-7900,13344,-501,889,-261
-1440,-6948,13232,-1213,1089,-450
-1420,-7044,13592,-533,1353,-1959
-2060,-6756,13236,1948,228,2649
-696,-6636,13604,950,-195,-731
-4248,-7140,14940,508,2580,-3457
-3504,-8172,12720,-5315,-723,-3796
-2328,-8204,12876,-9141,-2428,-6297
-3220,-9928,13032,-7782,-3181,-879
-2000,-11908,10392,-8579,-1170,-162
-2224,-9844,6892,-15124,-4506,-2875
-2400,-16356,8700,-2331,-945,922
-6252,-11524,5556,-4946,-6134,5771
-6068,-16500,5404,-6263,-6474,12916
584,-15676,5872,-6019,-2610,16399
-2172,-15376,8436,-2996,2541,9055
588,-15540,7528,-5994,4954,3064
5248,-13948,1728,-9547,15195,590
388,-15144,1804,-5826,32767,-1036
-2812,-14320,6792,-4350,27160,-8324
-14948,-12216,9808,-5902,-841,1764
-6244,-11932,8900,-3502,2902,196
-8616,-13668,9196,-5062,6908,-2848
-6928,-12768,9008,-5010,5958,3953
-7204,-12172,9728,3026,-32,-1623
-6044,-12356,10412,1965,1540,-3438
-8264,-12876,11776,3253,1226,-4927
-9088,-12148,8988,8007,2409,-8299
-8304,-8648,5432,9872,-1020,-9134
-4936,-9912,7176,8977,-2737,-6018
-6108,-10532,8368,10560,-6806,-2036
-7788,-11408,8260,4031,-5568,1858
-6328,-12884,5088,4121,-6194,3555
-6312,-10016,6240,-1428,-8509,2759
-5692,-12688,8692,3330,-6374,-40
-7256,-14168,8856,-1027,-7657,479
-4256,-14724,7688,-1554,-9865,3096
-4792,-15208,6420,136,-6370,5597
-2164,-16136,8016,-173,-3379,3783
-6556,-11304,7220,1252,-2141,3864
-4208,-12580,7580,1350,-2288,8708
-496,-15900,9444,-255,-4598,3542
-1564,-13856,7364,-5517,-1822,6772
2448,-14576,8988,-8001,81,9698
-3260,-15636,10740,117,2510,1039
-600,-13136,10804,17544,-5378,8638
-1228,-8780,9892,17290,-3672,6088
-3488,-9124,13116,18945,-4855,1149
-2984,-1420,9556,20947,-5418,368
-2040,-744,12052,8156,-3456,3550
-3792,-5452,16808,3915,-3305,118
-1684,-3764,12756,1568,-1355,-1361
-3652,-3648,12980,1272,183,-1805
