1512,-11384,11460,361,515,-178
1476,-11252,11604,127,325,-283
1144,-11260,11496,-166,205,-246
1460,-11264,11544,-673,94,-317
1592,-11188,11476,-723,99,-67
1300,-11296,11552,-663,61,-129
1268,-11496,11272,-420,26,-313
1392,-11528,11188,-73,60,-229
948,-11500,11296,475,-31,-653
824,-11744,11048,1232,-303,-1791
-16,-11668,11620,2691,-2643,-3085
-412,-12340,12600,-2046,-4973,3910
4052,-12320,8392,-2925,-863,3583
2996,-11180,11128,-5198,1668,1299
3076,-12620,12316,-6467,2453,912
2772,-10204,12648,-3879,2519,269
5328,-11672,10976,-3420,3886,3876
5720,-9100,13340,-5347,7248,-4131
1152,-8576,14612,-2740,5675,-8487
-1716,-10344,15652,2622,3816,-8270
-444,-9632,13880,7967,3324,-7914
-3908,-14248,9604,4186,-930,-5044
-6564,-17656,7400,-4231,-9986,-2148
-2560,-17292,4544,-3063,-8608,-1470
-5236,-19536,4728,-316,-10569,4561
-2900,-16924,4208,-3092,-11142,19386
14164,-12664,6940,1780,-1577,8827
17176,-9440,12228,7732,3507,-1682
5520,-8908,14632,4564,11008,3895
-2664,-10120,15212,3234,5291,4456
-696,-11456,12952,-860,585,167
180,-12088,11832,-4467,-1693,-3717
1196,-11988,10704,-4991,-2582,-4010
2788,-11760,9908,-3050,-2289,-1843
2908,-12404,9300,-1510,275,205
1760,-12516,9968,-471,1130,883
1536,-12284,10224,-170,760,693
1540,-12304,10368,164,601,-50
1724,-12000,10744,234,371,-464
1852,-12156,10596,319,-154,-474
2200,-12104,10472,150,56,-124
1836,-12120,10656,-73,294,339
1576,-12044,10772,259,659,708
1108,-12156,10944,678,896,656
1336,-11912,10672,1314,-156,79
