-5556,3940,13400,-815,-920,-14
-6176,2592,13704,-2316,1271,1221
-7076,1840,13744,-1715,2675,1048
-6308,2240,13680,-2014,1884,751
-7568,2760,14784,-2741,1272,637
-7288,2416,14176,-3990,2308,1067
-8056,1796,14232,-6174,2578,523
-8744,748,12764,-3347,1113,-1056
-8260,1244,14404,-447,-1855,-2304
-6836,1536,13372,-1024,-2183,-2941
-7216,1816,14472,-421,-948,-1559
-7412,1568,13456,-103,-216,-1252
-6992,1456,14056,31,-429,-110
-7104,680,13556,664,9,-246
-7564,1464,14088,871,406,-158
-6900,-16,12512,2049,200,-478
-6272,664,13312,2089,1466,21
-7452,1500,13876,792,3418,238
-5928,1304,13440,-1604,3453,-7
-7336,1644,12188,-214,6461,371
-7860,4292,15308,-1812,4478,1534
-5980,1208,8176,4726,8888,8774
-7144,5944,9860,20919,15374,20976
-11068,6244,14292,1655,7433,17500
-10416,6760,10880,7737,4951,17374
-8004,8828,9224,7780,2567,16637
-8620,10584,10832,9654,-968,13248
-9564,5712,10056,6336,2983,9577
-11148,7040,10712,6372,969,2341
-11508,8216,11092,8360,-2014,-2457
-8112,6976,9956,5632,-5566,-6413
-10048,5296,7172,4612,-5465,-8343
-9480,7412,8660,3391,-6942,-11656
-4232,9328,8156,-2761,-9130,-10525
-7268,11216,12328,-2096,-3731,-9068
-6852,8592,10524,-1356,-3662,-6210
-8316,6792,11024,-4608,-1411,-6645
-5816,8580,8252,-7706,2235,-5395
-9308,8824,10824,-7098,644,-4681
-8112,9732,10624,-10001,4122,-1714
-10832,9084,11064,-10413,4633,2277
-8392,8704,11068,-9895,4012,10970
-11296,9616,14368,-4429,3613,15939
-8224,11356,12036,80,3229,19941
-15348,5888,12204,4029,2139,15240
-21216,12424,32767,-15441,-3319,-14729
-7096,5620,10268,-24667,-26685,-23971
-2056,88,6768,-10225,-9912,-13994
-7028,2004,17240,-10390,-4106,-14793
-4352,2740,15952,-18965,-10806,-17290
-5556,-1028,14048,-11112,-3731,-6097
-3876,-2900,11920,-5380,-1080,-1992
