-1644,-14452,7916,99,59,-340
-1748,-14248,7872,-84,-66,-222
-1488,-14368,7632,-488,26,-176
-1476,-14456,7748,-475,-117,-407
-1476,-14284,7588,-235,-594,-473
-1424,-14288,7676,690,-425,-673
-1328,-14316,7720,1588,-1003,-1351
-2340,-13892,9248,2457,-1021,-946
-1032,-13956,8204,2771,-1486,-755
-1380,-13896,8456,1815,-1270,-842
7464,-32768,32767,28,6931,6172
-1996,-13372,4676,-1688,349,-449
-628,-15020,7192,-455,-88,-503
84,-17124,10304,3050,1917,-142
-404,-19900,12176,549,2975,815
4,-16740,10452,23,1991,893
-2032,-12620,7052,-1364,1439,500
-940,-14824,10400,2461,866,21
284,-16172,8644,-281,3783,2412
-1296,-13340,8344,-461,1999,998
-1176,-13596,8300,-1534,1693,1530
-1608,-13472,9860,-1227,3227,1900
-956,-13920,8304,-553,2593,1393
-2212,-13412,8132,-742,2457,356
-500,-14008,8484,-2183,2249,-1209
-4296,-11596,9008,-1241,3580,-380
-3980,-12844,7408,-704,939,-958
-2656,-11412,6360,-1644,-863,-1800
-2612,-15300,11244,-2768,49,-2743
-4596,-9032,3872,-4262,-585,-1955
-4264,-20412,12408,-1741,-274,-1424
-1916,-9076,3268,-4814,-3303,-1537
-4480,15336,-15348,-10922,8259,2914
-5484,-18928,14564,4788,-4140,-3946
-2556,-7320,4456,4638,-3213,-3623
-3708,-10728,1052,2826,-1478,213
-8656,-13848,9264,4913,-3406,735
-1680,-16068,6212,-1839,-6760,-1838
-1980,-14620,4520,4432,-2062,271
-1420,-15208,4904,588,-3672,-1039
-532,-13988,3928,223,-5361,2290
-252,-16680,9332,25,-4054,755
1172,-13016,4648,-1117,-2069,3566
1696,-13236,3800,1021,-2581,112
960,-12916,9264,950,-711,1553
2492,-17040,7436,-755,-2256,2215
3004,-15568,8892,2652,-628,-324
-1088,-11820,10780,11301,2572,-2312
-112,-13024,10324,5167,2552,1429
-544,-13304,9408,-371,1403,665
-516,-13708,9268,-2762,342,-1117
228,-13856,8532,-3078,490,-58
288,-14088,8192,-1066,1442,1603
-1336,-14396,8392,-233,890,717
-528,-13920,8776,170,267,-462
-200,-13508,8820,268,452,-91
-476,-13768,8864,-37,841,282
-612,-13724,8748,-537,228,-172
-808,-13536,8628,-1097,589,-2
-568,-13472,8256,-1321,-124,-172
-748,-13688,8348,-434,337,-49
-820,-13844,8996,4,465,25
-1160,-13768,8628,-272,472,-48
-388,-13644,8520,-625,293,-265
