-4276,-14024,8288,387,306,-647
-5476,-15340,8824,-674,523,-584
-5192,-14324,8056,-349,431,8
-5508,-13428,7284,-279,-170,198
-4328,-13020,8024,-1431,1450,-271
-4864,-13572,8008,-1282,439,-581
-4668,-12352,8192,-283,1846,-857
-4268,-12156,7808,-515,252,-1002
-4556,-12640,8264,-628,-106,-1160
-4104,-12712,7416,282,-510,-1640
-4184,-13504,8388,-178,-257,-1237
-4224,-14660,8712,-73,-222,-755
-4068,-14856,7348,-1092,1186,-163
-4524,-13688,6616,-3288,2294,470
-6592,-13776,5988,-5173,2055,2115
-4420,-12324,6656,-4829,-3036,2303
-2828,-10336,4340,-10916,-1670,-1442
-2228,-13524,5440,-10744,-5628,-5595
8728,-21836,3904,16385,-22268,4818
368,-16948,4984,2303,1537,582
-1012,-14580,11804,6237,-6666,-5621
-4888,-11692,9204,10795,-1398,-9861
-7388,-10540,8732,11732,6379,-3226
-3604,-13200,7232,13303,3114,-1194
-5980,-11300,8100,2676,3893,-1128
-1996,-13592,8280,2260,734,300
-6360,-16412,5480,1552,1868,-381
-3156,-14736,3636,-6728,-4786,3283
-2344,-18808,4052,-11825,241,7299
-1904,-16736,5564,-11115,962,5863
-1792,-14632,5976,-8197,-8475,2751
124,-14884,11628,-4397,-9338,2255
-680,-13068,10072,-4282,-3444,-2195
-1048,-13348,11280,-3195,-6139,-5031
-4500,-13044,14580,1773,-1998,-5431
-5328,-10920,10580,6421,2094,-4373
-6008,-11368,9332,7664,-3911,-267
-3768,-14952,8152,5496,1402,630
-3472,-17188,2756,3075,6225,2076
-4876,-16060,6196,-4355,2228,1028
-3464,-15328,9144,1934,1125,6586
-2452,-11560,7516,5151,5288,2888
-1148,-9764,6088,-1032,4391,-538
-4044,-11744,8640,-261,4421,-494
-3656,-12268,8616,-123,-606,-1050
