1356,-14636,6944,-278,50,-241
1272,-14696,6932,-131,206,-175
1204,-14596,7036,-62,191,-188
1268,-14752,7144,-24,163,-129
1192,-14596,7176,56,356,-32
1468,-14564,7108,-122,123,208
1056,-14652,7196,-554,310,470
1180,-14448,7592,-986,552,717
4844,-13188,7980,1467,1774,-168
9788,-5624,5580,14385,2658,-5926
-13252,-9052,5136,218,7699,2656
10456,-14152,592,3744,745,-3516
2676,-19888,11984,1048,-2926,-4524
7076,-12564,5676,2143,-2147,-2018
-1024,-4104,9472,3421,-2262,-1050
-776,-12904,8832,1442,-2621,-1183
-1072,-16400,8324,1149,-7260,97
-6224,-18276,6840,1258,-3183,2984
-3436,-13388,-1888,-922,-3227,2481
-1396,-18104,2240,-3282,-5021,2557
-660,-12956,5444,-3041,-3795,3188
3908,-15860,4644,-4787,601,3290
7092,-13976,-284,-6715,5519,3640
7708,-13304,4296,-3956,8150,1494
5860,-10908,680,-2907,9526,-869
8888,-11456,6724,-5195,9908,-1399
2920,-15708,20628,-71,10654,-2607
1620,-9136,15192,786,1391,-4842
3160,-12032,7884,7272,265,-2851
2484,-19360,13288,7827,-2926,-5022
3272,-8052,1968,5563,-2,-624
2848,-13288,4440,7475,-1640,-3407
1200,-14268,6332,4550,789,-1348
-2676,-16652,1368,-1322,-2107,326
4512,-16928,492,-2979,-1265,674
-240,-15696,5500,-2070,-798,403
3668,-15076,5460,-1919,-1200,-1839
2664,-13948,7300,1096,30,-757
2436,-13912,7996,2452,313,271
2612,-13800,8056,3259,781,687
2260,-13664,8152,2475,1930,767
1584,-13568,8932,1666,1814,-83
1260,-13796,9756,1417,345,-793
2100,-15576,9712,4337,696,-714
36,-15620,12640,4140,1420,881
