-1208,-14432,7364,-1079,-245,-225
-1140,-14432,7376,-1221,-15,-37
-1476,-14508,7536,-1149,76,-62
-1524,-14664,7296,-903,44,-297
-1432,-14648,6988,-1033,-321,-767
-1672,-14660,7216,-608,-447,-1386
-2024,-15024,7324,161,-1613,-2252
-1148,-14684,7028,858,-2571,-1742
-1504,-15092,7700,1573,-2216,-1558
-600,-14540,7208,2245,-868,-290
-1808,-18892,15644,1777,-4076,-632
-1552,-13628,5912,-1224,500,2406
-644,-14708,5572,-565,704,1264
-532,-15560,7264,-85,590,1114
-1580,-11512,2284,-1415,-434,2145
-688,-10828,3516,1563,541,1136
-228,-18424,10060,3419,2071,749
-416,-14216,5204,280,2835,2351
-1636,-15540,8664,-1190,614,1859
-1764,-12288,1012,-2184,1180,2720
-924,-18408,16764,3860,1404,510
-2884,-10308,2748,-1057,1339,926
-292,-16572,8192,131,2409,2211
-940,-13752,5440,-2174,834,1632
-1124,-15664,9844,-349,602,1736
-1508,-10736,11248,-1873,1450,1293
-476,-14184,6976,-3592,505,1388
-1148,-13520,11212,-4766,-259,-841
-1456,-13052,8776,-6770,1955,-1986
-312,-14596,9268,-4720,1256,-3025
-3792,-8928,3472,-2921,1627,-1605
-2516,-16556,9508,-48,-269,-2573
-4468,-14716,6684,-2143,1064,-1155
-2408,-13916,5328,-1743,-886,-2667
-5204,-12236,7208,-2304,-1252,-1919
-4220,-17556,8160,-7050,246,1639
-1056,-16648,5680,-4974,-214,36
-7684,-32768,28076,-8257,-5274,216
-4524,-13156,3100,-26352,734,1853
-2400,25332,-17052,23736,-14747,-4942
-1560,-32768,31884,-32768,1040,-5283
-28288,8588,15068,19256,-18047,5948
17900,-13900,-612,-9315,-7118,-8066
7084,-16148,1548,-3438,-4448,-5521
-1024,-15336,4828,-1264,-4495,-3615
-2020,-14892,4912,616,-3945,2228
-1712,-14836,1216,1192,-2234,1768
3300,-14920,5308,1538,-2526,609
2580,-13216,2416,4232,366,-1598
724,-13800,5764,4598,921,-1376
1708,-23348,16204,1965,3608,1380
640,-13028,8548,6053,1944,-661
820,-13632,8456,2456,2422,2297
-448,-14024,8260,891,1132,1962
-660,-14280,8020,-29,1213,1316
-784,-14392,8088,-674,915,337
-640,-14084,7824,-1031,493,-417
-408,-14344,7664,-1425,412,-576
-344,-14304,7748,-1358,536,-270
-312,-14308,7732,-1392,446,-155
-764,-14420,7784,-1244,135,73
-660,-14508,7420,-534,465,298
-712,-14576,7516,332,546,63
-672,-14412,7692,941,520,-69
-420,-14312,7760,1090,266,-275
-404,-14244,7544,1273,473,-279
-464,-14076,8152,1354,308,-500
-464,-14000,8068,296,184,-168
-548,-13980,8268,-391,-16,-167
-420,-14088,7936,-355,-18,-417
