-1928,-14224,7520,-368,-43,-377
-1792,-14108,7460,-150,115,-261
-1808,-14320,7664,-13,62,-286
-1596,-14104,7768,-157,-89,-367
-2040,-14200,7552,-247,-18,-116
-1964,-14300,7760,-60,62,-151
-1968,-14240,7560,177,-222,-295
-1748,-14180,7856,106,-262,-393
-1856,-14124,7812,-129,-117,-483
-1724,-14068,7740,-234,-72,-560
-1628,-14200,7876,-558,-227,-629
-1984,-14264,7816,-269,-760,-1075
-2008,-14284,7724,1075,-1429,-1978
-1416,-14468,7400,2821,-2482,-2618
-1416,-14136,8608,2861,-2792,-2260
236,-13176,8008,2611,-3783,-1997
-728,-12332,9384,1769,-1904,-1452
-1032,-14020,7804,1830,-677,-218
3412,-7964,92,-1312,-1351,3184
-488,-12468,7828,-217,-841,869
-932,-10432,4760,-2566,2694,2888
-656,-13796,6100,-2377,2174,2133
-1452,-17640,11852,-1279,630,1393
-1332,-11308,4192,-516,3070,1183
-2308,-14984,10276,-276,149,454
-956,-16140,9704,-1282,1268,1546
-1828,-12504,7200,-1253,1222,1110
-1124,-16184,11148,1794,195,534
-708,-14020,8212,834,1454,382
-876,-15768,10092,776,4053,3183
-2884,-9600,8040,-3955,3627,1146
-2460,-11660,8308,-1138,2332,1206
-1360,-9928,8324,-2313,2487,-82
-3080,-14528,6388,2012,5829,2972
-3492,-13256,6120,-56,3841,965
-3412,-11328,6904,763,1241,-368
-4312,-15484,12420,-1726,-821,-908
-4936,-13892,9976,-3422,545,-976
-4804,-14248,9224,-3756,-476,-690
-2032,-12136,8448,-242,-414,-2666
-4460,-9900,5404,-1072,1229,-556
-5640,-8784,4812,-959,2130,-735
-976,-19288,8276,196,1973,-1591
-3184,-13028,6580,-2704,317,-626
-4264,-4412,676,-2417,3442,-1016
-5516,-18556,11736,-2862,-6916,-4459
-1848,-6068,-1688,-1250,-1578,-4870
1692,-32768,23324,18957,-7155,-7002
12324,-32768,17740,32767,-8640,-24940
-7952,-32768,19344,22031,-3302,16903
-5424,-22104,30244,-31106,5495,-7513
16148,-6912,-32768,-31385,-13986,-10237
-9296,-32768,-15784,32767,20204,32767
30512,-32768,-18452,-6072,-15742,-12643
6132,-20204,8004,-8191,1786,-10156
9528,-11560,3748,-1297,4086,-11983
25968,-32768,32036,-1001,-14605,-20646
29988,-14160,-13592,1314,7450,7751
-32768,-32768,32767,-11191,-13335,18995
-224,-13728,7284,-1049,-4848,1648
1572,-13108,7436,-2777,-3759,1379
2388,-14664,10772,-56,-2010,186
2596,-21164,16260,3243,361,-166
1296,-13020,8980,4170,2014,-305
-1088,-12388,9712,523,1205,797
-976,-13392,9284,-1166,649,184
-868,-13696,8668,-697,435,-420
-604,-13688,8788,-312,496,-182
-776,-13752,8740,-824,399,250
-680,-13744,8568,-516,679,209
-1052,-13728,8764,-21,918,253
-1064,-13496,8944,327,1257,34
-852,-13328,8912,240,1352,21
-1164,-13320,8888,-269,1244,93
-1012,-13540,8824,-765,879,11
-1288,-13544,8932,-447,756,-209
-1240,-13556,9052,-814,272,-256
-892,-13600,8624,-702,305,-26
-1056,-13628,8952,-278,350,-45
-1268,-13592,8920,103,138,-269
