-4372,-1780,16104,-1076,-728,-465
-3576,-2248,14424,203,-283,-421
-3908,-1568,15460,-217,551,350
-4224,-1932,15108,-83,648,435
-4604,-2056,15208,216,361,-19
-4296,-1700,15192,1144,395,-316
-4136,-1884,15228,297,-345,-887
-3080,-2240,14328,1229,521,-565
-4304,-2492,14152,1254,1798,-919
-4424,-5548,10904,2800,3898,-3746
-3332,-1304,13768,3099,10161,-69
-4192,-3468,11072,7403,11272,293
-7316,1584,17980,6308,10150,-3014
-5228,588,13400,5986,6885,210
-7508,2088,15040,7080,11396,2413
-5828,3760,12868,7053,8389,3206
-11464,4428,15288,6354,8450,2736
-6704,4732,8348,5003,8392,3594
-8468,8548,7860,11402,18213,15703
-3852,9612,6400,-4491,12378,11158
-11744,6312,11808,-7116,13984,16384
-12144,7236,11036,-2014,2746,11533
-12256,7500,9996,-2416,-1809,9839
-11112,7148,8756,-2289,1215,9059
-12204,4204,8636,-750,1431,3361
-14276,6244,10748,184,2484,1463
-13600,3980,8336,1841,133,1314
-10048,4016,10140,547,339,-822
-11336,1784,11072,-2608,1,-4955
-10304,6212,12552,771,536,-5091
-10128,5020,11316,146,-374,459
-9868,3044,12288,-2006,-1686,-1730
-8784,5624,10104,-336,1439,-2044
-10772,3648,9592,-1962,782,-4407
-12148,7356,11336,-4273,-2822,-6953
-9684,6492,10732,-5076,-4369,-2914
-10212,4996,10692,235,-8504,-1334
-9936,4804,10072,-886,-2323,-620
-9268,5416,11600,-1592,737,1841
-8700,4164,10128,1587,2173,3796
-9804,3880,10620,3223,2684,3734
-10268,5244,11068,1553,3440,5537
-13432,6488,14112,-135,3678,2464
-9828,4824,9948,-4567,-435,-1517
-10408,6232,11800,-3810,345,-1304
-10240,4808,10468,-3915,987,-247
-10840,5188,10404,-3141,627,-453
-9440,4948,9824,661,-391,82
-10312,5668,11532,2361,-2,819
-10504,6028,11152,-41,134,2563
-12572,5844,10828,5989,8381,3117
-10256,4448,10564,4814,-485,6661
-10376,10300,9952,3267,1221,5993
-9516,8280,10440,2012,-875,8745
-8328,6616,7596,2008,2344,7249
-9676,9648,10776,2576,1587,7274
-10424,7304,8624,1802,1391,4435
-10972,7224,8528,1750,-845,538
-11484,6228,9240,2184,-4110,-1770
-12712,5964,5208,78,-6437,-3742
-9792,3648,9812,4306,-3751,-7953
-8820,5880,12632,3945,-4873,-7729
-9316,2740,10916,3569,-3572,-11750
-7028,7872,10788,3054,-149,-7467
-9160,7024,11224,1230,85,-4135
-9032,5760,10488,-312,864,-3101
-9324,9496,8200,-1809,-4548,-750
-10144,4420,11588,-549,-191,3008
-9140,8968,11028,-1210,-635,-1518
-6864,9968,10032,-2712,1167,1299
-7616,10280,9240,-1487,3121,1597
-7140,12504,9016,-5480,5490,4549
-10864,11556,7532,-4667,5198,5085
-8504,11956,7244,-4894,7016,11682
-10020,10824,9188,-2137,5446,10742
-10484,7044,8692,-1598,770,7988
-13552,9812,13308,-5576,-97,3624
-10328,10304,11068,-15121,-7773,2893
-9220,3100,13032,-3538,-7201,-6129
-14216,8712,15632,-11791,-13840,-12043
-8440,3776,9484,-11690,-12004,-7142
-7300,7532,13216,-6440,-11754,-9850
-8164,4192,13528,-6246,-12428,-11226
-2172,3996,12376,-5960,-9966,-7013
