2076,-11996,10996,-334,-62,-351
2020,-11916,10984,-462,31,-360
1776,-11872,10736,-478,-69,-206
1852,-12008,11084,-230,20,-222
1888,-11608,10760,-463,-55,-139
1736,-11896,10664,-781,51,-363
1752,-12340,11272,-282,-53,-284
1764,-11768,10704,-524,-255,27
1844,-11924,10792,-907,-263,-35
1740,-11928,10660,-899,-118,160
1812,-11684,10468,-1493,-190,349
2180,-11524,10072,-2074,267,247
2568,-14284,14876,-353,-596,-535
2312,-12388,10496,284,39,-451
1740,-12372,10564,211,293,-167
1572,-12376,10588,-28,-908,-393
796,-12920,11968,-384,-1460,156
-76,-12548,11528,-777,-2247,681
1840,-11752,8300,-1971,-945,1813
2548,-12672,8944,-2560,-609,1109
1824,-12128,8920,-1201,919,190
1972,-12764,9540,-2116,949,360
1876,-12880,9176,-4862,1906,777
1552,-14424,10956,-5794,2748,-465
3100,-13968,9144,-4496,3541,384
2016,-12352,10032,-4893,2923,70
2664,-13500,9944,-6670,3400,422
2284,-12832,9908,-4305,4850,270
1832,-14500,8996,-3374,1867,-589
2852,-14292,10340,-4508,1308,-141
1804,-12692,9948,-2050,1048,-1854
-232,-13612,11232,2036,1006,-3729
2856,-13744,9260,4950,171,-5393
2232,-12884,11528,5057,1136,-6195
1456,-12220,9808,3597,388,-1435
1400,-13368,8152,3535,-1027,-1672
-484,-12592,10748,1167,-2309,-1192
1532,-12208,9248,1427,-4497,-95
76,-12516,9720,1136,-4770,137
744,-13540,9780,300,-4925,1483
1856,-13028,8952,1193,-4943,2300
1000,-12248,9084,2614,-5371,3477
2264,-14652,7800,997,-5178,2367
1872,-15236,7088,-1556,-6146,1096
2300,-13344,7332,-2261,-4337,-344
3516,-14412,9084,-265,-4918,-595
3708,-13560,8432,1275,-2586,1865
4716,-15108,7116,1001,1044,933
2228,-14500,9520,-1515,927,1647
3172,-13584,10008,-4002,1936,1903
3672,-12688,9388,-3479,3187,491
3224,-12788,9500,-2740,4080,166
3236,-13264,11584,-2462,4331,68
2768,-13168,12640,2346,5884,1127
448,-17504,19620,22026,-1769,-1355
5616,-8268,2032,10327,1526,-3800
