-964,-13920,8348,-485,65,-258
-740,-13996,8184,-749,-23,-174
-1032,-14120,8012,-547,90,-107
-968,-14220,8068,-345,226,-228
-868,-14124,8288,-85,302,-217
-1048,-13976,8088,-233,130,-72
-988,-14032,8328,-544,80,-308
-1072,-13940,7980,-621,27,-434
-800,-13960,8212,-203,320,-49
-1144,-13992,8348,-498,177,-276
-648,-13908,8012,-997,-42,-424
-988,-14072,8108,-798,278,-130
-1172,-14276,8236,-502,235,-610
-832,-13928,8264,-1027,84,-663
-1068,-14220,7908,-767,-901,-1576
-644,-14112,8032,-747,-879,-2224
-440,-14124,7960,-735,-989,-2149
-300,-13368,8036,-357,129,-2783
-528,-15604,7824,397,-1504,-4430
-4,-14504,7988,1428,-701,-4236
-1536,-13288,10988,2937,6064,-4605
3924,-14276,5752,-554,5843,-1843
-4316,-8884,-128,-109,3009,373
-316,-16636,10336,-888,-306,645
2244,-18800,12268,-922,-1791,-597
1288,-4632,-16,515,-49,2352
1884,-15748,8616,-82,1188,1407
1072,-16080,6840,3451,3108,406
164,-9300,1188,3406,4397,415
-1684,-8720,1584,2400,4755,992
-100,-9880,1624,-508,4173,1694
596,-12132,6808,2002,2368,-757
-40,-15608,11340,2485,296,9
-132,-14732,11524,-1611,-2059,903
-1328,-4980,-844,-5837,-879,770
-268,-13640,11204,-2366,50,907
316,-11372,6324,-4075,758,1225
-140,-14676,12500,-1179,3866,1826
544,-17404,10208,-598,3515,3305
-696,-12616,9300,-4027,2087,1174
-1416,-13544,8124,-1607,2395,1773
-2104,-12572,11476,-1436,1648,1581
-1796,-16820,12876,-1710,657,-206
976,-19444,12712,-1593,-1143,-2422
-1600,-16184,11480,-1620,737,-2778
-5092,-10556,6032,-2991,-1067,-1178
-1524,-21520,15948,-1758,-3105,-1936
-2136,-5980,-116,-1527,-519,-1471
-4896,-20360,14080,-3350,-1244,96
732,-15020,8736,-727,-2250,-2588
-444,-13420,4520,3638,-1591,-1096
-2820,-9240,5004,981,-1402,-458
-272,-6672,452,-444,-1934,-587
-1468,-16072,4428,-3694,-1067,937
-892,-24972,12892,-9308,-1348,969
2848,-22276,8388,3827,2431,7
-2776,-14880,7716,3946,-18,-2272
-3736,-13608,7100,2740,-3844,-227
-1528,-14776,5380,227,-5217,323
700,-16292,3648,-537,-5085,520
1432,-16148,6140,-659,-3557,806
2192,-15684,7100,750,-3106,-112
5104,-15616,9684,1496,-1427,-2369
-224,-13896,10480,1624,2013,-3820
1260,-13576,8044,-682,877,3351
112,-14596,7892,-951,1267,5334
-1020,-14916,7852,1217,1347,3365
-804,-14328,7968,2877,1210,792
-840,-13932,8332,2461,1392,-546
-516,-13600,8536,754,594,-497
-128,-13708,8476,-427,-73,80
-160,-13888,8264,-935,322,492
-520,-14180,8084,-961,51,177
-472,-14304,8112,10,256,-60
-580,-14020,8484,757,297,-177
-612,-14008,8332,891,194,-181
-632,-13720,8824,778,260,-330
-436,-13816,8720,169,272,-251
-752,-13932,8656,-49,223,-156
-580,-13812,8608,-213,267,-62
-952,-14048,8668,0,-313,-200
