-3304,-11148,10888,63,53,-497
-3832,-11452,11320,-679,125,-1
-3436,-11008,11776,540,-400,-14
-2572,-11720,11784,922,161,-680
-80,-12144,11848,3001,1690,-1521
-1476,-11360,13448,6141,4076,-4549
-4012,-9988,12140,4866,5261,-6067
-2520,-8720,12444,4588,889,-6604
-2872,-7144,12836,2675,-1159,-7423
-2788,-9244,13968,-6116,-12357,-4747
-172,-6396,10240,-566,-6302,-5701
-2964,-5504,7356,-10568,-2641,6442
-4856,-11964,8832,-11969,431,2180
-7812,-17516,11260,-5146,-4813,9298
-5184,-13608,6056,-5032,-1489,7453
8876,-17788,4884,-3133,-7838,2823
-2968,-4728,1304,-6490,-404,1293
-8336,-21248,7136,-5469,11393,7180
-4992,-16316,9160,-6298,6520,6051
1684,-18564,-936,-3395,4921,-2953
388,-6068,28080,187,9898,-3322
-4128,-13420,4292,-2205,20608,-9766
-5140,-17248,11180,-8175,6400,-8232
-1864,-9808,23464,-5317,3509,-8122
-6384,-8716,13728,-1275,1929,882
-3644,-12880,17372,6649,-3969,-806
-2256,-6084,11192,10146,-6756,-5292
132,-9588,16500,7042,-4105,-8309
-1096,-5184,5700,-2611,641,-759
-12284,-6524,17224,-2687,3988,2846
-4156,-8692,3052,1121,-5381,1641
-3860,-9704,10696,-4059,-4170,12785
-696,472,-628,-439,-8647,8275
-13844,-27228,11964,3930,-8597,6890
-2892,-12028,6660,-2173,-7169,10385
-5012,-16200,9116,1797,-3315,2325
-3740,-22212,6964,1292,-1798,-422
-1564,-11840,5400,3739,1959,-1072
-332,-16548,10420,-9,1988,9632
-3776,-19020,17784,8457,60,6470
-572,-10812,9724,14515,-571,1159
1236,-2388,7560,7606,-1529,-2705
-5460,-5216,8924,-3399,1970,-3742
-7072,-12152,16352,1910,-162,-3249
-2592,-7920,11260,3075,-3321,-2138
-2196,-8428,10744,-1264,-745,-1159
-2780,-12184,13624,26,-409,-729
-2176,-9460,12100,969,233,148
-3404,-8760,11976,-228,320,-258
-3628,-8996,11868,-1343,595,-280
-3356,-10332,13148,-301,-13,80
-2844,-9536,12428,1059,-141,-235
-3336,-9064,11124,249,1130,-140
-3312,-10512,12812,1498,-513,-121
-2712,-9324,12744,162,-128,43
