-6104,4468,14444,44,7956,187
-6040,2960,13352,-289,5176,-286
-8256,2760,13728,922,3910,-1676
-7764,4388,14900,250,-428,-4184
-6372,4264,13196,-165,-589,-2282
-3536,6512,11752,-1126,4075,2462
-8240,4032,14436,361,7928,6203
-7940,4228,12508,-892,5678,3930
-8848,3880,12628,1035,5490,3874
-8940,5340,12988,3573,5868,7035
-8580,4860,11860,4409,4965,7418
-7404,6552,8892,12302,5275,8760
-3268,7564,2636,2654,-665,-593
-7940,3876,10208,427,-1019,-1944
-7460,8036,12076,543,2202,-943
-7988,9384,10652,1399,4710,3683
-7956,10852,12248,-1687,3191,8722
-6112,11828,13080,-2494,4687,12629
-7864,8584,9028,-4702,5386,11047
-7812,9696,9436,-3167,2344,6965
-10088,10636,12032,-1157,520,3819
-9708,6516,9252,234,-1946,2117
-10340,7584,9888,545,-1905,381
-10820,5160,9928,-755,-941,-1900
-11312,5268,11052,-552,-661,-1819
-11136,4292,10588,-315,-807,-2643
-11200,3616,11600,2253,-1720,-3857
-8828,4224,9132,3604,-1113,-5964
-10228,3436,10324,2782,-234,-12364
-7852,7900,13160,965,-2348,-5991
-7144,7416,13112,1007,-5683,-3204
-5572,7252,13292,-936,1022,-2148
-6312,8144,12280,-745,-1089,-2849
-4772,10300,10124,-665,356,-2735
-6948,9316,10572,-1654,1231,-1624
-6876,11888,9128,-3012,2600,-201
-9348,11224,8228,-4615,3585,4580
-9284,13656,9080,-6171,5561,11106
-13608,7452,13644,-3496,2631,10798
-12928,5140,11112,-6046,-10367,-76
-12936,9560,15180,-13476,-10888,-9866
-9088,1388,7880,-11286,-6677,-9730
