2372,-13032,9532,-554,213,-117
2092,-13080,9540,-447,28,-213
2040,-13072,9448,-455,225,-224
1948,-13328,9608,-376,23,-308
2196,-13056,9504,-345,63,-207
2240,-13020,9484,-278,132,-162
2136,-13080,9448,-146,143,-140
1980,-13060,9292,331,313,-186
2064,-13348,9576,1068,396,-306
2024,-12904,9984,355,166,-340
2004,-12908,9684,27,14,-437
1924,-13028,9684,-32,-11,-599
2108,-12892,9636,232,94,-513
2116,-12972,9568,827,254,-660
1952,-13040,9576,1842,239,-1246
1908,-13460,9308,3657,523,-2303
2224,-13460,8900,6815,1203,-4264
-15764,8176,-2760,-6655,783,5936
3312,-12160,10580,-6182,1869,4088
6308,-12280,12196,-3018,3616,3222
3100,-9468,14804,-2759,4049,5551
3004,-11780,13576,-5275,-464,4247
3356,-10132,11044,-8800,2152,-3352
5036,-11672,12400,-5525,511,-10381
-2056,-10452,12520,57,417,-5317
-3276,-11452,9604,4511,2324,-1435
-5004,-15892,9360,356,88,459
-4328,-14460,7392,1173,-5658,1595
-2896,-16516,7024,3631,-8522,-466
-116,-14752,4720,557,-5515,-2782
2440,-16820,5464,-369,-5200,24
3636,-14176,3708,-1432,-1475,4897
5772,-13220,8504,-1469,157,3112
5580,-13148,7776,-563,1723,1347
3644,-13192,9488,-3275,2504,2830
4176,-10836,11168,-4234,2243,2656
4120,-11072,12236,-1004,1383,1421
3140,-11792,14844,1081,1181,621
2160,-11584,11136,181,971,1002
1052,-12728,10876,-2040,488,523
828,-13240,9924,-4380,-674,-924
1440,-13680,8716,-4701,-1403,-2003
2440,-13880,8136,-4051,-884,-1820
2292,-13848,7564,-2516,74,-1200
2380,-14016,7756,-482,991,-449
2168,-13900,7832,679,984,52
1856,-13912,8340,1321,844,-336
1792,-13728,8672,1397,628,-1112
2224,-13588,8788,1249,71,-895
