1268,-12392,10344,-313,162,-123
1148,-12384,10332,-250,77,-140
1040,-12280,10196,-241,111,-169
936,-12576,10136,-164,-25,-293
1380,-12372,10532,-125,67,-332
1280,-12324,10444,-67,232,-152
1180,-12304,10372,118,67,-293
1500,-12308,10164,458,271,-176
1196,-12416,10368,814,621,-163
1292,-12308,10340,954,1085,-46
2872,-12128,10060,1112,2652,1502
2872,-10844,11020,878,2097,5540
-6104,-16944,18464,-4421,7554,1451
1472,-13612,13304,-4448,1993,-3859
1048,-10164,13112,-3127,1125,-5960
1500,-8980,11780,-1015,961,-5045
520,-10816,12348,-1117,534,-3054
-1808,-11780,11880,158,-705,-2406
-3184,-12436,10820,2797,-2680,-1038
-1332,-13120,8840,-854,-4568,-1109
-1808,-14028,8928,57,-6319,-2387
-3416,-14728,9124,2680,-9561,1143
1452,-16092,6016,995,-6194,859
2312,-15244,3580,-2428,-4554,2925
2060,-16960,4764,-7413,-649,3609
5144,-14092,6960,-8500,3177,2945
7668,-12692,7788,-2179,4983,-1438
6668,-10720,11464,1600,6560,1154
5464,-9716,10296,3971,8651,5209
968,-12264,13456,4012,3506,5658
-3984,-10992,12232,2137,1168,3165
-1864,-12516,10884,38,725,494
-524,-13188,10556,-1653,-653,-4024
788,-12612,10132,-2504,-466,-4347
1652,-12884,9452,-1690,-1377,-2264
2060,-12832,9360,-1405,-294,-316
1144,-13136,9560,-8,327,19
904,-13008,9664,512,372,110
896,-12872,9740,900,404,-35
1044,-12840,9936,1111,-19,-48
