8752,7128,12192,-1599,-1446,-1009
9704,3744,11136,-415,-4401,-2217
9404,2516,12004,56,-6985,-8304
10108,3224,10480,6613,171,-11099
12568,3268,9744,7010,-113,-21741
3188,9496,12856,3399,-1764,-29420
7084,11208,8568,894,-4558,-27478
6488,12916,9796,6944,5645,-23224
420,13176,10756,7077,6401,-16667
5012,11012,6900,9433,-698,-7693
3320,10172,6240,13130,7163,-9299
4768,11128,3176,11486,5482,-6763
7192,16300,1884,-923,12272,-9531
3680,17436,3280,2014,20048,-1406
7576,15360,2036,3886,16671,5163
-7684,17608,4540,5743,5349,8426
-12136,16196,4048,5156,3376,9519
-7996,17268,4520,2648,17718,1942
-5696,18428,4968,4298,6244,9709
1980,14248,1992,5538,8317,7923
3840,14048,5592,3504,7920,1384
6892,14380,7140,3055,1161,-3327
5384,12096,6928,1995,-2789,-5770
4752,12892,7892,4789,-5960,-3306
5376,14636,10960,5254,-3457,-2154
1552,15260,8900,2859,2911,486
-2908,8860,1752,1144,7630,7953
-7520,11244,10764,-3286,-975,10380
-1368,17416,0,-4486,-1531,-1890
-8536,19188,2432,-2890,1619,-1107
-10436,13900,2180,-6853,-7595,-9761
-3428,11784,-3056,-7524,1629,-10579
8708,11996,-4108,-7035,-11260,2861
7292,16368,6164,-1564,-6130,-8373
3416,11888,9132,-1431,-6097,-6629
5288,11464,5508,-1594,-4629,-3275
6724,12424,5580,445,-241,-6939
1364,13812,3212,1847,800,-3950
2844,14764,7008,-2941,71,1991
4760,14460,4996,-1117,-3166,-5144
244,17556,3668,1397,1,-6807
-2204,16172,3644,1691,-5880,1333
-2908,18292,2272,1719,2824,10974
-5700,17656,4100,3044,10820,3030
-3784,18472,5852,10658,4092,13586
-1228,15732,2568,8379,-2730,19452
-2032,15748,3308,-318,1115,10105
20,18828,2148,-10713,4956,3834
3020,16052,2360,-14023,10169,13157
5628,11924,4152,-14892,4533,15947
6808,10968,4780,-16137,7004,13905
8900,8356,7436,-12409,5378,12488
15024,16064,12460,-13838,7956,10336
5896,4920,10536,-15429,-3013,7220
9928,7612,12180,-11556,-3359,4929
