1536,12312,11572,-643,-21,-403
844,11848,10848,-1756,-424,-191
1708,11416,11376,-1132,-292,49
1584,12508,11740,-1303,-459,-373
-4728,11260,15444,-4054,-4746,-3504
-1596,10256,12916,-3098,-7591,-4035
-1892,6376,12616,-3923,-12832,-10580
-448,8048,13124,474,-10268,-18209
4964,11604,9544,6200,-8781,-13748
5608,11160,9056,8491,-6656,-10468
96,11124,8808,10773,873,-11162
2244,15068,9336,9753,1311,-9034
5984,12288,5892,8726,6814,-4266
5744,14936,6296,4565,8239,-1042
5348,16140,6048,1214,11867,1392
2632,14452,2872,-676,16211,2401
1496,16820,4804,3013,10518,-2921
-3752,21376,1328,690,5401,5876
-9336,14336,332,-174,12431,7138
-9232,15836,2076,-152,21353,5231
-10772,15768,6248,-1026,17923,9092
-9664,15752,5968,-1834,13853,8891
-3780,13164,6408,-495,12150,3795
-260,13096,7228,2915,6345,-3496
3284,13192,10592,66,-2171,-4377
4000,12628,12780,-1121,-6432,-3838
2824,11360,12244,-1703,-4415,-1795
2292,14656,13916,-4085,2978,6317
-3044,11332,11924,-4849,6132,10306
-7640,8296,11300,-3692,4427,5440
-12416,12124,10968,-1604,-1896,999
-13668,14672,7864,1466,-2758,-1516
-10220,13568,4132,2271,-11388,-5759
-6696,14776,4092,4808,-8783,-8995
-3124,13432,5380,1305,-12454,-10435
4908,18444,8564,167,-14638,-2459
6848,19320,8628,1022,-10351,-1678
2952,11344,7640,-332,-7390,-6942
2568,17436,8080,-818,-5217,-1078
3456,14780,3944,-1246,-2702,-816
704,13600,9660,-796,-1900,-6162
440,14976,6240,-1682,-4761,-1511
-1928,16300,4160,-966,-3601,-3867
332,16560,5192,1979,4434,3284
-3868,15000,7024,-51,4345,5188
-7816,12012,7968,-650,5330,5027
-7964,13668,9772,-3066,-1284,3832
-1608,17096,8232,-3944,-2298,4363
-1620,13852,9192,-6276,-1913,6847
1192,14696,7928,-11496,-5620,-811
1696,13628,6736,-10232,-4063,2391
568,13188,7640,-7755,-1591,3928
-48,12608,7260,-8213,-1421,8340
-336,10720,9424,-8696,-5514,8237
3204,9792,10156,-2182,6948,6348
956,14992,13256,-537,7023,5530
808,10420,13568,-5451,549,6238
6208,-2584,11740,-877,583,-579
1340,7796,13608,4520,5952,-1562
692,13044,15792,2339,3838,-1170
536,12928,15476,-2760,1263,1496
2720,7148,11620,-1652,-584,1285
1908,9392,11816,2687,1505,-1655
2640,12736,10832,332,-203,-1162
684,11204,11480,623,869,-267
1152,11788,11604,237,-487,-153
1612,11588,10992,-666,-323,0
1888,11028,11088,-40,141,180
1700,10388,11512,240,595,-269
1704,11152,11812,412,36,-502
1332,12360,11532,-243,-267,-453
1552,11636,10772,173,86,-364
