-6512,-13244,6472,-721,125,-180
-6600,-13100,6364,-1121,-32,-149
-6244,-13516,6388,-827,269,-509
-6524,-13384,6512,-265,558,-557
-6660,-13344,6196,-161,798,-486
-6844,-13244,6728,-162,653,-796
-6944,-12620,6204,-1186,1416,-1123
-8208,-12404,6724,-974,2062,2158
-6800,-12772,5836,-1003,1946,2973
-7308,-13180,5680,-1160,2296,2539
-7480,-13260,5584,-2771,2005,3011
-6336,-14028,4816,-3774,1920,2465
-7400,-14492,4200,-6509,1308,2682
-6616,-15208,3728,-8874,1805,3101
-6260,-16880,5020,-11610,-1613,1045
-4636,-16072,5852,-8802,-1082,-595
-4524,-16224,6932,-2472,710,-2647
-6140,-13420,4484,1563,-1477,-4723
-8956,-11664,680,-1253,-2682,-3566
-12800,-10428,616,-6896,-1707,-1486
-12848,-10936,740,-5682,3366,77
-13352,-10876,2296,-7896,2354,3270
-11228,-11056,3056,-7128,3468,7117
-7932,-12088,3724,-3315,1638,6212
-6820,-15112,4004,2491,829,3071
-5716,-18364,5032,4445,-594,100
-4212,-18136,5328,5726,-747,-3297
-2068,-17848,6924,11647,-4420,-11303
-3756,-14544,6008,12720,-10520,-10603
-10016,-11896,-1812,9124,-7599,-7672
-11488,-14632,-1292,-2748,2632,1888
-6640,-15372,4688,-2032,-13,-2954
-4436,-14524,4492,50,-766,-3863
-4660,-13860,4776,116,761,-1517
-4816,-14172,5236,-323,435,767
-5488,-14440,4984,339,-681,1437
-6100,-14004,4856,475,-189,1314
-6284,-14152,5180,484,253,901
