-2812,-11852,8780,-2042,-1927,-1406
-4152,-12964,8928,2597,-3089,-1545
-5404,-13452,9404,3504,-5586,3193
-6788,-12032,8320,3412,-8245,5617
-5400,-11728,8944,2657,-8987,4505
-3036,-12108,7232,-990,-8896,3994
4604,-11744,8568,-7596,-9415,-774
8520,-12324,11880,-14661,-6700,-6941
11372,-15828,18516,14586,-17917,-5966
3512,-11004,10848,3801,4007,-12032
-2500,-13520,9588,4428,3047,-12090
-7536,-14128,8760,3593,-957,-6920
-7352,-13752,8448,-2992,2491,2100
-6788,-14876,7264,5896,-3046,4957
236,-16152,7084,8187,-7934,6272
5068,-19492,6392,7245,-9159,-3845
828,-15056,-1760,-546,-2694,-7106
7568,-16112,5156,-12337,-2383,611
7596,-14908,8284,-9486,-4235,490
9736,-12324,13548,-4056,-5255,-3845
9680,-8780,11256,-4528,7226,-6415
-1176,-13940,12396,-2794,10302,-5245
-9504,-15156,11480,-5992,7091,-1022
-12384,-14952,9724,-4152,715,4136
-8116,-12716,12152,-6134,-1456,14294
3544,-10308,14544,-245,-3808,13026
10824,-11388,16264,7441,-1924,1692
11424,-12412,12304,402,2131,-7484
10288,-10788,12404,-2884,108,-10690
76,-14196,6632,6069,3130,-8282
-224,-15636,6124,5660,3965,10
-572,-15788,6880,1151,3273,4925
-3952,-17428,7504,7542,307,1495
-3664,-16860,6736,7307,-2211,474
4172,-11700,7520,4482,1050,3428
432,-16360,4928,-4816,10203,6774
