416,-6836,15236,1583,655,-643
1120,-6328,13032,-840,1125,-1352
272,-6980,14780,-1035,688,-1154
832,-6636,14240,-1851,62,-715
984,-6176,13844,-2659,306,-602
1680,-5672,14892,-2922,2649,-1690
2528,-5216,12740,-4422,4753,-3397
4756,-5156,10720,-8355,7110,-7325
3872,-6596,10596,-12364,10678,-10286
1068,-9296,12552,-12736,17122,-17591
164,-10996,9696,-11268,11633,-17216
-7996,-13064,15680,-13645,10512,-9666
-3808,-14624,12032,-9088,7138,-6683
-3752,-13020,8600,-8259,2150,-5923
-4840,-12200,7264,-8942,-2304,-426
-5780,-17356,3992,11139,-4268,3380
-3096,-14856,7544,4833,-17256,9269
-5308,-14836,6680,1660,-12504,14404
-10008,-15256,7156,1279,-17357,21697
-6812,-14688,5740,-650,-22523,26455
-2400,-14052,4148,-5202,-16047,24160
5240,-21084,4368,-6806,-15863,15063
4936,-17592,5640,-7136,-7396,8921
4564,-15972,5664,-5892,4300,8738
10992,-16212,8876,-855,7777,-311
5852,-17736,8068,3476,5831,-16652
5068,-15372,6800,986,18595,-23057
3700,-16316,5924,3416,27067,-27335
-9168,-12068,4964,5761,25107,-28876
-18940,-11524,11524,1580,14897,-16378
-9976,-13016,8964,-1341,5740,-6624
-8128,-12468,9832,-2527,3280,-4425
-8004,-10756,11604,-1952,4110,2317
-5804,-9632,13824,-264,2238,8691
-4164,-8460,21964,-4816,-4038,12073
-2396,-10284,16644,-2260,-8285,22427
-2496,-10008,18656,726,-9244,21021
4,-13104,20380,482,-13092,13044
7284,-12668,12736,-3285,-17478,2815
5180,-13736,10268,-510,-23363,-4192
200,-15108,10380,-3861,-13621,-4553
2152,-12272,8676,-6931,-4885,-9549
-4212,-11780,8588,-4139,2304,-14813
-6548,-14028,8744,-5049,7675,-8245
-7520,-13756,10304,-6188,2228,-1117
-4964,-12496,4548,-2495,-3084,-2036
-6952,-13996,8012,-2054,-1594,1474
-7884,-14872,8764,-806,-8344,277
-10188,-13396,6580,575,-9730,3695
-8328,-13588,6652,5240,-12895,12360
-1332,-17252,4016,2711,-10572,13152
-1440,-19064,4448,-6581,-13808,19311
3824,-19556,4176,-10068,-9939,18888
6896,-21408,8624,-1163,-4061,2718
2796,-20272,10968,4148,1276,-11313
144,-15256,11004,11068,1876,-11232
