44,-10964,11712,-490,-378,-152
-412,-10836,11720,-708,-182,-488
332,-11196,12020,-663,185,-714
-500,-11772,11740,-534,550,-648
376,-11116,11388,-464,-111,-342
-308,-11756,11516,-505,22,34
192,-11592,11604,-236,476,216
304,-10992,11892,138,85,76
-336,-10836,11512,-379,345,-164
-464,-11980,12124,-188,241,-290
-504,-11028,11696,116,-15,-369
344,-10600,13024,-368,-612,159
-1416,-10908,13284,-658,-324,-67
1068,-9840,13976,-2660,-358,1255
-2080,-10432,12548,-1287,-1146,-1501
-264,-9128,12848,582,-4744,-2271
-2720,-14352,16272,-115,-6121,-3618
-572,-8892,10564,-2665,-4190,-15
1696,-8416,6636,-3580,-6084,16
420,-14076,6540,-8246,-4997,-714
6988,-15960,2780,994,-1967,4081
5204,-17000,6800,-1340,-5964,6963
5652,-15868,7644,-7659,74,7907
12228,-12448,8652,-11364,-2429,2152
6452,-11820,9152,-9552,1232,-5774
-824,-13496,8952,-9697,6729,-6242
-7440,-13412,10504,-10280,6511,-1994
-10664,-13128,12064,-1487,2614,1868
-6508,-11544,15468,-466,-3613,6152
4656,-8320,14968,3075,-5881,7282
11988,-8068,18808,9082,-3933,-210
12520,-9048,12900,10298,1578,-8870
8876,-12796,11300,4390,-1000,-11702
-2104,-15636,6236,5895,916,-5841
-7372,-20572,3944,4315,4635,4109
2572,-16652,4272,2124,-4916,4786
7620,-12660,5036,10408,-4079,1527
4480,-13652,8344,-4300,11823,6478
3516,-18000,13488,4814,11274,8580
1000,-9268,10968,5642,2671,2112
-2740,-5828,9396,-333,3000,1599
-5288,-9748,13796,-3998,5360,-2358
-472,-9328,18740,1756,-1226,-3688
1880,-5916,14064,-1106,-671,2570
-1320,-10480,9304,-3205,-230,-1642
-1416,-15004,10160,-714,249,-2341
-436,-12560,10512,178,1050,-107
