1588,11140,11936,513,598,-655
1388,11732,11684,-242,336,-417
1780,10048,11472,576,278,-148
1080,11544,12632,1884,551,-461
1452,10192,11364,2029,661,-2004
-728,11372,12316,2149,-713,-2734
-3968,9556,13576,3498,-6217,-5586
548,10272,11896,357,-10812,-8469
652,9812,10808,7501,-4167,-11075
4228,13332,10684,4443,-8749,-10753
236,10832,11040,6287,-8497,-5691
2716,8260,8952,3884,-3889,-10237
5516,16404,9312,7469,2222,-8474
5508,14272,9124,6008,4202,383
3652,10324,6440,4618,2964,283
4576,13344,2092,7686,8699,-1506
6884,18572,2892,1110,11539,806
1580,20724,7908,3015,3893,-5180
6052,19944,-2344,2469,979,2618
-2636,17540,-480,2598,9550,11033
-8032,15144,1536,1775,18025,10335
-10376,15684,2808,310,16623,-446
-10544,19984,4400,2818,17816,3145
-8268,15752,2992,2493,16577,7289
-2008,11056,4072,2775,10526,1504
4416,14040,8644,626,837,-3088
920,14936,12404,-1889,-2792,498
1360,10032,13348,-2547,-6166,-1610
3408,13528,12484,-1846,-1073,-2414
-32,13004,12748,-3515,5427,4463
-3852,12616,11808,-4563,8836,8116
-10068,9824,9116,-5298,1355,8023
-6484,14328,3744,-1267,-2856,-4805
-13144,16184,6948,3998,-3938,-5981
-14044,14820,5820,3885,-12792,-9474
-588,13840,4060,560,-14846,-8492
7768,24992,8280,1472,-11949,1044
456,11904,6836,-160,-10088,-4539
6312,19636,6744,-2965,-6219,-4608
6484,19468,6400,1029,-1024,1535
5792,11404,9420,4067,-1351,-5032
4056,16236,-148,-231,-5777,-4050
676,16284,4788,-2109,-6861,-4600
-152,16428,4140,-565,-8190,-7733
-528,17796,4976,237,-3562,-1703
872,15372,3644,-1319,-704,4717
-944,14044,4528,-269,5391,1647
-5816,14188,8752,-711,6228,2313
-6952,13072,6872,773,4240,441
-5248,12396,5688,-407,2717,-498
-4076,15544,5932,-1136,219,-734
-2212,15140,7640,-909,-1831,1242
36,14356,6440,463,50,4666
-2292,11156,6624,-1253,1743,-277
-2392,17072,7948,-2225,674,-212
-2052,14692,6820,-582,-1151,353
-2036,14332,6912,-270,-838,357
-1888,14272,6852,-169,-715,637
