-3504,-11928,11556,-2338,1115,-1562
-596,-8768,9148,-2979,-1038,-2342
-6748,-11676,7300,-13245,2279,-3414
-7960,-15520,5700,-12458,-2841,-2049
-7588,-16240,6252,-8986,-6691,4872
-3828,-13684,7180,-8637,-10576,11297
3476,-10468,9708,-127,-9332,7826
7276,-10056,9856,-3192,-6503,-1922
9176,-12472,10584,-8038,-3258,-9887
7296,-15060,15968,426,6722,-8197
2900,-12252,14748,2255,1994,-13913
-5692,-11204,8908,1723,3348,-12248
-5936,-12640,8752,4378,1136,-8617
-7328,-13864,9188,2930,-332,-3432
-6088,-16008,6600,6893,-5037,4299
-784,-19444,5448,9336,-10230,4099
2864,-18232,4360,1115,-8227,6465
9276,-16504,5680,-6281,-3770,3558
11080,-14340,8796,-8487,-3648,-2669
10292,-14112,8396,-6885,-2116,-8596
3040,-12912,9328,-8430,2554,-7346
-3632,-15040,7920,-9000,6729,-3873
-10208,-15100,8268,-6498,5112,-251
-8272,-12976,9868,-1324,2411,9350
-3528,-13332,12616,-230,-570,11060
976,-10528,17368,-1147,973,7083
6376,-9444,15136,4978,-605,3521
9960,-12244,15056,9184,664,-7137
8116,-12356,12044,2586,394,-13893
5124,-9432,11724,-4590,1692,-9614
3400,-12244,11600,3528,782,-6497
-3844,-17468,4200,3815,945,-3922
-6616,-16924,1332,2475,7123,5405
1492,-21300,6420,8954,-1157,3498
6084,-17388,4504,5882,-5147,-2504
1396,-25008,15764,6028,3883,2426
3084,-17448,7988,3967,10917,7577
