-228,-10080,12992,-1070,1430,-1024
-488,-9272,12536,-2366,826,-1041
-484,-9900,13924,-2998,1328,-1269
1912,-9208,11412,-3250,3053,-3561
1896,-7860,10368,-6127,6257,-5681
1804,-8396,11784,-7473,6865,-6749
2720,-8784,10616,-9519,6522,-7331
-1104,-10756,12480,-8894,5230,-5530
-2712,-12280,11372,-8140,6220,-4409
-1804,-13696,10096,-7450,3042,-3996
-5288,-16676,19424,6077,1124,-3179
-4864,-12012,9260,-2563,-3201,-1721
-5036,-11828,10552,-953,-13924,8679
-3324,-15244,7020,2068,-16176,14281
-5044,-18564,2416,-689,-18702,22560
-5908,-17084,5736,-1726,-20470,25478
-1204,-16976,3532,-1716,-13719,19036
2280,-18784,4956,545,-11065,12662
4324,-19516,5932,924,-7730,8113
4676,-17940,7704,-1685,1369,6484
9920,-19476,8112,-4924,7644,-3388
3968,-18540,6820,-7502,13507,-25491
-620,-14044,6724,-4181,19929,-29032
-4616,-11888,9196,-3494,20441,-22490
-6648,-15068,9056,-8905,12836,-16167
-7360,-12520,9316,-9646,12082,-9891
-10120,-12652,12224,-5415,6723,-2141
-7884,-9584,14540,2046,-2029,13160
2524,-11860,13840,7535,-10724,18238
-2212,-14396,16380,3491,-10614,19875
-1628,-9380,12040,4149,-18713,32767
4952,-17528,8280,5547,-15396,13431
2716,-18080,10916,-2823,-7970,-125
9052,-15512,9888,-1719,-1718,-14730
1140,-13264,9172,6403,14085,-26712
-5724,-11888,13516,3045,10609,-16573
-5828,-11364,9128,-2229,268,-6166
-6660,-12888,10688,-1841,-6432,-1517
-7392,-12112,10424,-4351,-6491,-1871
-3308,-13568,7624,-902,-10629,927
-6556,-13652,6136,1580,-5112,2623
-1524,-16956,6244,1009,-4614,4193
-6848,-13928,7860,1593,-7399,18182
-8444,-14816,6008,244,-10714,27096
1188,-17640,3492,-2634,-8515,24298
-1100,-17308,8560,-8267,-7883,10714
2908,-24256,16244,1159,-5288,6341
2512,-20348,10672,16748,-6588,-813
2760,-13872,5120,14655,-2534,-9904
-1148,-9748,9224,10049,3943,-11437
-844,-10252,10184,8324,1334,-9032
1956,-10040,8812,8039,-1997,-12622
-1492,-7732,13068,7784,-1365,-13646
-824,-6096,12440,7333,-1973,-6152
408,-4696,12320,926,-4714,3031
1980,-6344,14136,-1146,1268,-1072
1016,-7148,14312,-1497,-1303,-1863
1072,-8248,14160,-61,-2437,-1616
3700,-9188,14248,182,-959,-1744
2476,-8024,14184,-183,2363,-2686
2276,-8596,13456,-1885,3254,-2933
1096,-8220,14336,1420,2763,-3138
