1440,-9284,13236,165,300,-340
1104,-9040,13788,-1230,-515,-175
2384,-9200,13192,-1719,274,-277
1676,-8168,13120,-1400,1457,-1255
3168,-4740,8048,-6001,3053,-592
4700,-6820,11240,-11468,7328,-2638
2744,-9060,14048,-11679,7729,-5680
2032,-8236,11204,-8667,6904,-6611
3104,-10936,7472,-11975,7772,-11611
-7932,-13332,21784,-5884,8538,-12317
-1244,-15816,14256,-4832,7782,-4249
528,-17180,16804,5908,5633,-759
-292,-12132,8252,6629,350,-3011
-1152,-8568,5476,-8723,814,-3526
-3360,-11612,8516,-10440,3697,1314
-2412,-12268,5836,-10416,-3203,3614
7084,-25480,940,4781,1416,-6409
-10088,-14640,8984,2066,-18282,4885
-7428,-16052,4856,2638,-13536,29820
1280,-17232,4764,4737,-15473,21439
6952,-17364,3724,1860,-18446,4105
-168,-18304,10156,-1674,-19411,5602
2728,-18724,6036,-3483,-11451,16496
11056,-16948,2788,-2402,-1184,13228
11812,-17544,5220,-53,5898,1302
11212,-15968,7552,3719,16437,-9709
4884,-15000,9128,-846,16128,-17799
4372,-14564,7788,-1526,22296,-25235
-6616,-13052,9180,785,25859,-26377
-7016,-14720,8652,-1202,21971,-25694
-7788,-17248,6540,-2689,10379,-15010
-6828,-15908,7980,-7065,8134,-11546
-5440,-13828,10496,-8606,6099,-7570
-12352,-9792,15748,-6049,222,-2487
-980,-10372,11392,5370,244,16156
-1380,-11656,15852,7635,-7936,22162
-4816,-4532,13976,5834,-1241,32767
6708,-10828,19012,202,-7345,17775
7252,-13224,14380,-449,-21445,5944
12272,-13716,10848,-4171,-24849,4606
7088,-13568,8412,2421,-5441,-8399
4644,-13664,7400,2449,7533,-7083
1896,-13820,9780,-2120,14902,-7275
-6448,-12716,11456,-2227,2891,-5771
-7320,-12992,7812,-355,-6597,4775
-7984,-14416,7040,-3376,-2529,277
-5240,-15332,6904,-3663,-5240,-1517
-6292,-13540,6840,-2680,-4604,-3560
-2172,-15124,6680,-2015,-7619,-1876
-4464,-15008,7120,-416,-13316,-1858
-2936,-15920,3344,4518,-18717,9972
8864,-17600,2208,2291,-13890,11960
4668,-17780,8868,-1798,-22021,12415
5924,-16896,2736,-4969,-10639,18512
9744,-18132,4492,-3552,-7205,15280
11152,-19756,-2048,10958,1119,-6345
4472,-16972,6452,8090,-335,-8068
3624,-11932,5796,5126,3060,-4161
1832,-11644,9520,5670,10448,-6648
-1644,-8664,9724,5818,7466,-5353
-728,-8380,11396,-1673,1137,3562
4276,-10240,10708,2840,5381,-3972
136,-9212,10940,5157,1737,-6615
-996,-9336,11204,637,816,-4950
844,-10980,12676,-881,-672,-2807
1788,-13320,14732,552,-1469,-1300
