-1528,-10896,12240,191,-684,314
-464,-11692,12376,963,-1940,671
-624,-10676,11736,282,766,553
-1408,-11044,11688,-870,2087,-131
-1376,-10544,11180,-696,434,-655
-1340,-11080,11668,-73,-1113,-471
-568,-11588,11992,590,-1078,-152
-264,-10948,11644,54,222,-251
-1164,-11228,12144,-1235,1002,-157
-632,-11772,12676,-1282,-1692,2937
-2428,-9972,12368,-5639,-1717,3873
244,-10372,12880,-8443,-3133,5288
-388,-12356,14824,-6665,384,1123
-1224,-9040,9688,-3576,1616,-2738
-3512,-9840,9640,-6842,-89,-7739
-1700,-10992,7660,-4366,-4852,-10728
-4980,-26504,32767,10794,-4617,1463
-2056,-13800,9660,4677,-7070,-1742
-3000,-15680,7320,5155,-5907,-1901
-2380,-14864,8128,848,-4073,271
-3328,-15084,7152,691,-5744,5355
1976,-15952,5980,757,-7404,8302
5692,-17252,5140,-2944,-3268,9449
10796,-15036,5920,-9791,-2708,6440
9296,-14520,9648,-9072,-2866,-1024
11712,-12164,9956,-6336,1063,-7187
2460,-12468,8964,-5742,8997,-8671
-6352,-14340,9616,-387,8387,-9636
-13744,-15736,7176,-4187,4989,-3659
-11876,-15020,10312,-8067,-468,4570
-1304,-9312,15452,-4865,-5012,11531
8656,-9848,17188,6234,-3650,7730
13060,-9204,15792,9641,-169,-3527
9096,-11536,13720,6885,3831,-11317
-1436,-11356,5904,8510,1471,-10866
-4680,-15976,4036,10801,4926,-1929
-2796,-21252,5396,2723,-1336,6373
6684,-17480,5780,2508,-6493,11232
4856,-14528,6048,4702,-1222,5299
