9288,9428,9512,-432,-261,-463
8200,9392,10092,-269,179,-182
8284,9540,10080,-172,-326,-131
7600,10016,10720,-485,-1194,-242
8576,8632,10420,-2093,-3664,-3394
9656,7408,10000,-398,-2551,-4203
6764,9556,11920,-889,-5711,-8581
8740,8724,9796,-5530,-9087,-14329
8544,7032,9020,-1718,-4482,-19544
2684,9776,11272,851,-4791,-28931
7660,14924,10392,-749,-7538,-20516
6768,10412,6896,9780,831,-11348
4424,13096,9144,5608,3744,-18836
3764,12784,7900,7644,-302,-7317
6588,12024,3020,2891,-471,-7650
5040,12580,4360,1281,7671,-7647
1824,17344,6564,4395,8693,-1787
4508,18472,-208,3138,11684,5761
1484,16400,948,5471,17379,1772
-9132,14188,4284,6493,4088,8046
-5784,16780,2940,1337,6899,-2104
-7952,19992,4584,6901,15418,2933
-4220,15104,3120,5541,8050,8552
-848,14692,-1192,5314,16186,2883
4132,15840,8436,975,14651,1690
4572,10932,2176,3273,7242,-3055
6716,13416,9044,-1580,-1581,-3773
5968,14068,9992,-2045,-3909,-5484
1700,14640,11600,-1559,-2853,-2925
556,14996,11764,-3585,3348,10978
-4688,8556,9500,-4677,2722,6231
-9216,14756,10424,-5116,676,4175
-10668,12864,8476,-7302,-5089,3777
-3216,19244,5708,-5318,-3713,-4776
-5524,16872,3560,-3099,-4948,749
-5516,7864,2892,-3972,-6368,-12296
-2700,13176,11376,1433,-5011,-11705
7660,10736,3616,-129,-7341,-4408
5152,10108,5988,522,-6413,-11172
3288,13120,7964,5180,-7266,-5202
6392,11664,6592,3376,-4943,-7082
5500,14216,2584,-1614,952,-4075
-9992,19316,8344,2338,3262,-5375
-3208,18096,3668,184,2605,-2067
4248,21684,956,669,173,-701
1416,18644,2248,3183,2661,8485
-10688,11752,3960,3308,1432,17052
-4908,16224,4164,3461,10478,14283
-3800,18244,5368,3026,-750,19959
1720,17500,2688,-9442,-5281,15183
1896,18400,5564,-15471,7621,7202
3240,14632,4372,-13899,6735,15584
4568,10204,7628,-12862,877,17953
5888,9960,7260,-10900,6104,14045
