-840,-8316,14164,-1097,-177,-419
-48,-8892,14428,-1065,-167,-942
84,-8496,13696,-525,1144,-1581
1224,-7848,12344,-1644,2451,-3108
3528,-6556,10996,-3797,6631,-8796
-760,-7220,8580,-12055,7204,-15990
-2740,-10140,11204,-15364,13812,-15674
-1064,-12728,15296,-9805,4167,-4482
-1740,-10448,13004,-7132,4638,-3548
152,-11176,9536,-8454,4398,-5367
-1328,-12560,10288,-7850,4745,-6990
-2172,-13472,12172,-2905,389,-6611
-1832,-13236,7292,-2511,7,-5299
-2220,-11928,6576,-7050,-2620,-5393
-4288,-12548,8084,-8253,-7043,89
-11948,-13040,14648,13579,-2768,248
-8936,-14408,5672,6848,-17385,4717
-6360,-18200,7988,10521,-22548,20618
1408,-17672,3160,7198,-14355,27206
4008,-19104,3156,4084,-28178,21575
1756,-20636,-1136,-1751,-18439,16186
9776,-18644,-1720,-5366,-6785,20059
15896,-18172,4896,-2974,-2867,6071
11488,-16360,9772,-4465,-613,-14357
10124,-14844,7000,-3546,22428,-19166
7996,-14460,8016,-1493,27821,-25235
-7224,-13296,10508,301,29781,-25893
-7120,-17652,8908,-2208,17253,-15524
-11100,-15800,9764,-6727,8990,-9607
-10616,-13880,10528,-1968,1199,-1575
-5848,-12656,13632,559,-1761,5775
4064,-8236,3876,-1234,9836,16333
-680,-8312,11992,1040,-3015,24635
-7552,-7568,18796,-3379,-5437,29142
4456,-12008,13792,-3753,-12496,32767
812,-13636,17832,-96,-21034,14529
8140,-13608,11732,-4186,-25302,6725
10616,-15672,7304,-2518,-16797,-11569
1364,-13572,8848,1722,-1566,-12136
3600,-12512,5804,-2235,2844,-12317
-6400,-11700,12636,-3161,6480,-16921
-7628,-13396,8492,-5800,3589,-8550
-7260,-14424,8008,-4365,2513,-5442
-4156,-14168,7252,-4059,-5543,-5002
-5716,-14068,8448,-1416,-9466,-2720
-2936,-16364,5380,3669,-12205,6978
-1764,-13992,6544,2052,-12617,6855
232,-16352,6732,3873,-10549,14712
-5312,-16332,8288,1633,-14878,27838
13556,-23504,8648,3945,-7195,14234
7084,-18684,9184,5518,-8088,-6406
4220,-14772,8140,5045,-3525,-7809
3220,-10848,6880,4645,5971,-9853
