2032,11672,10856,-602,71,-142
2056,11844,10772,-544,247,-198
1716,12080,10940,-591,-124,-221
-20,12336,11816,-2051,-1264,-651
-808,13432,12772,-4049,-3994,-2438
-1804,9800,12696,-8518,-7947,-5012
-1792,7664,11928,-5826,-13411,-6606
2092,8028,12056,-7682,-14111,-10536
1880,5732,10792,8184,-9395,-13376
3028,12992,14100,-443,-10167,-15704
5128,10276,10404,6332,-5064,-13248
360,11236,10896,16175,4033,-9625
3740,24620,13904,6657,7242,-9671
3992,16664,8588,8394,7376,-6567
5700,12024,5112,7214,8709,-6225
8932,16816,6948,2730,13678,962
-692,13924,1544,-2064,19958,911
-7864,19768,3888,-14,18814,4606
-9844,21056,6628,1287,2179,-365
-7476,18752,2524,3094,11272,14078
-7524,16152,-1460,2972,18189,11366
-6916,16056,-184,-369,19041,5302
-8872,16040,5496,-2535,17076,9012
-5436,14396,2556,-1971,13680,6308
-3156,14348,8848,1343,10198,-1615
1568,13972,7428,887,235,-2278
4484,14440,11920,-76,-5926,-1509
3168,11372,10732,-1074,-6456,-1249
3116,13980,12392,-2384,-1179,652
2860,13328,12076,-5354,5863,6777
-4928,11412,12056,-9394,7414,10145
-8916,8992,9028,-4392,3312,10688
-7912,6900,424,-1969,-1165,-1228
-11620,18604,8980,-559,-4366,-7222
-10420,14372,5440,2527,-13142,-7103
-6156,14892,2312,3465,-11744,-12055
-2724,14468,2456,2416,-12550,-8675
-2052,15396,6300,1636,-9634,-12071
4876,15400,6200,-242,-10725,-3170
5340,10136,8436,244,-7058,-4786
6684,18364,7392,434,-3779,-2665
2720,15708,5140,-487,-2554,551
1180,15972,5856,-943,-5266,-2400
-1984,15712,4432,-956,-3371,-5716
-4272,16932,5164,755,-6925,-3886
-1636,16560,5084,1663,28,4153
292,12240,6476,-68,2645,3669
-1904,16312,4992,-1079,4380,1403
-6580,14212,7340,348,3381,3029
-6164,12608,9220,751,-901,-1373
-2660,14356,7788,-1325,-2538,3462
-932,14320,7340,-1103,-1200,2817
-12,14148,7656,-1372,-436,1216
140,14076,8248,-1024,-836,-237
-600,14740,7652,-1294,-572,-1052
