2872,11560,11068,-1950,1218,279
424,11260,11420,1080,2902,1599
1080,11812,11940,941,988,-220
1028,9760,11092,1236,1083,-583
-772,10004,12748,4651,-530,-1421
-472,12276,12432,2608,-815,-1997
-1772,12236,11984,321,-3873,-3252
-3644,10932,12404,-268,-5869,-7394
-72,11456,11180,-4038,-11736,-10570
364,8044,10456,3921,-8605,-12101
476,10560,11140,9099,-5136,-11205
936,11552,9636,11161,-6528,-8866
3588,11136,6024,12522,-2167,-7043
8300,18116,6436,7094,-2035,-5726
4984,14344,6472,3746,3737,863
7220,12172,4024,2611,2198,719
3540,17420,4492,95,6153,-229
1828,15032,6528,-157,10759,671
-3616,19596,2520,716,-155,4335
-3700,19876,1932,1161,5887,15617
-9708,15484,2604,-186,18823,3628
-7420,18808,5980,3543,18739,4708
-6616,14072,4508,1331,14110,6787
-4372,15072,6048,-494,13987,3350
-1764,13392,7780,557,10167,1738
684,12196,4928,-1478,-297,-843
4364,11488,11332,-3590,-895,-1785
3032,13352,10492,-1741,-3021,-1334
4072,12556,12004,829,-106,-2634
4880,14164,12616,1396,4727,574
-1976,11852,11436,-947,6736,7102
-4292,12848,10936,-543,4396,4110
-6036,14220,8324,717,-2577,6329
-8764,13236,5936,-488,-2292,4623
-10004,14416,3796,-3721,-8076,-416
-9916,12636,2216,-1569,-12126,-7580
-3316,20580,4188,-2056,-11879,-14237
-3016,9452,3932,-299,-7310,-10425
1336,9008,6364,-2593,-8770,-9717
5688,11092,5720,-1540,-10134,-3728
4732,9220,6272,-755,-6714,-9510
4572,13008,6616,2470,-2122,-8526
2696,15464,6044,3867,-1350,-4571
-928,13476,7188,3366,-2409,-7263
776,16000,3280,1219,-1446,-2553
2064,16652,4696,-176,-2101,-4332
-2112,17756,5296,-1194,-4390,-2297
-4924,14932,4148,672,1332,-378
-3584,16100,2960,2457,6921,4399
-8536,10260,9364,112,3191,1567
-5932,15736,9272,697,-1939,-4385
-4136,15352,7052,208,-1570,4287
-648,14248,5476,-259,-2595,4326
-84,14724,6472,-1632,-946,980
-1036,14492,6376,-1627,112,-728
-1664,14756,6600,-1248,-529,-42
-1148,14520,6724,-1178,-198,219
-1580,14588,7348,-1026,132,-118
-1620,14628,7500,-934,-997,761
-1444,14444,6404,-325,-41,-238
-1116,14748,6540,-513,-553,76
-1312,15460,6508,-426,-693,-1232
-1808,14584,6992,-206,395,33
-732,14860,6820,-198,-391,618
-468,14312,6644,-423,-207,433
-816,14460,6676,-513,716,-735
-1756,14760,6968,-347,206,-121
-1412,14712,6876,-169,-286,506
-736,14412,6704,-441,-104,210
-1100,14488,6724,-306,208,13
-992,14688,7032,-417,-385,485
-720,14184,6616,-633,-129,-124
-904,14540,6496,-509,-70,-352
