3248,-8448,12800,-2373,-24,-518
3576,-9384,13716,134,-984,-241
3708,-9204,13568,446,669,-1797
3552,-8520,13120,-1039,173,-1198
4460,-8676,14140,-627,892,-2049
6784,-6964,11968,1513,2869,-4517
6400,-5496,10576,-2299,6518,-7691
2224,-8800,16412,-1629,9754,-8056
2492,-7132,11368,-5169,14215,-7599
-1688,-8868,9984,-15797,15894,-5357
908,-13232,13380,-14158,12254,-3426
-656,-12392,14336,-11673,5497,-644
1504,-12132,14340,-9455,10216,-3940
-2984,-11860,13300,2526,1109,-680
-2652,-11976,12356,-3003,3596,-5413
-2792,-13980,13324,-1258,2910,-5739
888,-11384,8876,-7461,3134,-8733
-420,-12788,8316,-13011,1200,-9285
-5784,-18184,18320,3059,6594,-4072
-1416,-12144,6936,-2406,-1861,-3350
-9104,-12880,12844,-750,-13789,7007
-1944,-14356,2716,5462,-18748,23398
3460,-17092,6392,-626,-10808,10933
-3528,-14596,7368,-2622,-18766,15753
1988,-17308,2832,-1741,-16213,22317
4256,-17656,2944,-2117,-8789,13587
3248,-17288,5492,470,-9244,4592
1656,-16816,9056,-1817,-3642,5258
6872,-16528,5456,-4489,7208,8840
10124,-16448,9208,-1885,8001,-6629
4236,-14892,8244,-2837,16718,-20943
1188,-13400,8404,4532,22870,-22064
-1668,-13848,6896,11765,23755,-25680
-5712,-15676,9520,4884,17824,-21193
-8044,-13524,8364,-936,15156,-18672
-9280,-12892,10968,-572,8974,-13211
-6828,-13276,11936,-3250,5616,-6439
-4972,-12064,11912,-7915,3599,-1203
-7016,-11964,12484,-10344,5825,7761
-1460,-8808,11412,-4909,14299,22914
-11800,-5720,15208,2102,5084,32767
4528,-14436,16900,-2517,-8262,32767
3388,-14512,16312,1482,-5023,7787
-36,-14172,13348,-4385,-13136,-1084
4700,-11636,15224,-2358,-15345,-4605
5204,-12244,9508,7181,-25155,-10798
-6244,-14356,17216,-1642,-11197,-12359
7608,-15024,6836,-1218,12744,-12564
-9088,-10572,8160,4636,16017,-17769
-4948,-12084,8996,1077,2206,-1051
-2116,-15800,7896,-3720,-2159,3890
-7232,-13256,8284,-6036,-3037,-2313
-6264,-12180,8880,-5038,-9055,587
-3960,-12220,7060,-648,-9656,3384
-6196,-13588,9156,-1419,-2959,7550
-6156,-13228,7072,2342,-7058,20433
-1636,-16988,5264,2473,-4419,16936
-2652,-16908,9088,1407,-6525,4766
-6564,-15008,8224,-565,-16779,1997
-2024,-16796,5772,-2967,-14095,5784
-1884,-16552,3148,-5383,-12152,12630
1808,-16220,7452,-7643,-6146,12577
2556,-16036,9176,-11564,-4683,8961
3352,-14796,11588,-10514,-6380,5428
7060,-18956,9548,9921,1089,-9888
8,-15588,11020,12063,-2007,-13271
236,-12672,12276,11454,1335,-14374
-1028,-10620,9232,12513,1899,-11063
1716,-9920,8552,5353,2645,-5588
292,-9392,10076,3633,3015,-5823
