-1776,-11700,11428,-621,-428,763
-736,-11108,11380,-232,-491,266
-616,-11336,12076,-57,-478,-20
-492,-11620,10984,-384,263,-420
520,-11788,11924,-267,873,651
896,-11884,12080,-1226,2150,2961
-2420,-12180,11580,-2887,4508,5206
-4476,-10380,11408,-2002,2969,3834
-1272,-8216,12792,1442,-3147,-3301
-3972,-9308,10072,1262,-3299,-9281
1416,-10832,13928,1051,-2488,-9380
-884,-12700,13380,1290,-5452,-9435
-1704,-11328,10420,-456,-5503,-3598
-208,-10360,5588,-831,-3771,-996
-892,-13616,6308,-3880,-5013,-525
-1152,-19300,6436,1756,-1445,2754
7604,-15468,7036,-7672,-5301,8464
7432,-14660,9408,-11277,-2304,5777
11948,-13640,9236,-12121,-1995,-5384
5044,-12856,8980,-11372,3510,-7193
-2536,-12388,8348,-11604,7417,-2587
-8948,-13844,11164,-4245,4586,565
-9880,-12532,12696,116,-616,1070
-520,-9092,15056,-1395,-3150,6460
7708,-6408,19272,6769,-4265,4769
8708,-8264,16120,12811,-212,-505
9940,-11748,11432,19589,696,-6802
1520,-17296,5300,11697,-621,-8991
-3088,-18796,3664,-228,3535,-2371
-1296,-17548,5412,847,-3727,2493
5608,-14416,7420,4884,-8272,1821
4008,-10644,10616,5572,750,2261
3876,-10716,11152,1598,6035,4141
3452,-12044,11860,2259,7870,5992
-1676,-20104,21908,9369,-3385,1397
496,-16000,14888,7353,4182,3041
