1388,-10284,12120,-641,43,667
760,-10648,12336,-238,1392,181
1752,-10096,11808,101,2577,-197
3364,-9696,11676,-2157,5459,-2630
2396,-8360,10140,-3453,9979,-7098
2640,-7952,11100,-6694,10339,-6954
-528,-10452,10708,-10823,16302,-6752
-608,-12984,12940,-6291,9503,-6912
-4876,-14636,13760,-1405,7773,-8834
-4712,-13128,9520,-51,2668,-5458
-2284,-11852,11856,-2066,2229,-4059
-548,-10484,6300,-4421,317,-6526
-1896,-11696,6128,-11660,-552,-7585
-3680,-12888,8184,-8969,-1733,-2941
-9420,-17044,15428,5818,-6217,-5161
-7652,-15036,8076,6202,-14339,6572
-3272,-15820,4528,11488,-21847,24352
-2956,-17484,5480,10313,-29804,26463
-3544,-18256,4060,-1481,-16131,32767
2544,-17188,5392,-4454,-14434,32767
5744,-22520,5088,-5620,-18718,13463
8812,-19860,6144,-6658,-5042,-2471
5988,-17288,6136,-7082,4404,-7074
9588,-17356,5856,-6902,13848,-9954
7368,-17628,6444,-6196,23156,-24806
884,-14980,520,-4651,32767,-32768
-7188,-14384,5084,-2502,25672,-28797
-9016,-16604,7348,118,10200,-11450
-9760,-16440,8468,260,1265,-1802
-5636,-14276,8612,1911,3252,3770
-7300,-12916,13748,2004,3679,7713
-5912,-13084,14164,1853,-543,12879
1268,-4120,4616,2339,5550,32767
7888,-11696,18040,-5164,-10256,15339
3588,-12544,18428,-2294,-14138,-5180
672,-9588,14464,-9442,-10599,4954
9600,-12120,10152,-2829,-24327,4767
4132,-13984,9204,3512,-12813,-10166
6236,-17756,13168,-1548,-3117,-15494
5940,-14696,10392,4197,5351,-25065
-7996,-15904,12256,1635,6706,-9453
-6024,-15360,8372,-1547,7768,-4144
-4708,-15612,8832,-315,-4681,-414
-4664,-14836,10288,-4344,-5848,1896
-2468,-14804,5708,851,-14681,6065
-4208,-15500,6880,8646,-16820,8672
-5056,-15220,8512,4587,-16362,2898
440,-12728,2088,21,-13825,6418
756,-16188,9180,5635,-16947,17779
3652,-16112,2252,2054,-11227,24874
10676,-18620,6032,-2443,-12015,22009
6156,-18024,7236,5456,461,389
6944,-15156,7672,-1235,-2263,-7107
4592,-14088,7120,-6243,-1289,-4459
3716,-14532,10276,36,4362,-473
