-5532,-13828,6272,-368,484,-381
-5516,-13800,6476,-541,166,-301
-5328,-13776,6180,-365,-8,-221
-5396,-13880,6200,-385,311,-83
-5664,-13792,6344,-263,149,-254
-5612,-13700,6344,-439,309,-388
-5664,-13760,6552,-354,66,-487
-5780,-13756,5884,-429,623,-865
-5692,-13748,6076,-742,779,-1185
-5084,-12512,7640,-1622,810,-109
-6184,-14016,5468,-1690,-83,2977
-6080,-14328,5968,-2281,1053,4387
-6252,-14064,5420,-2907,699,4651
-5688,-14584,5408,-3342,512,3058
-6048,-14460,4804,-4889,199,3400
-5472,-14648,4704,-6137,-634,2783
-5248,-15020,5068,-5575,-1250,2292
-4888,-15412,5196,-4590,-2474,342
-5628,-15136,5368,-2592,-3297,-2830
-5332,-14584,5480,-832,-894,-2095
-5584,-14664,5620,1658,4,-3703
-5812,-14132,4936,2420,-2470,-6027
-6924,-13852,3712,1197,-855,-5753
-8840,-13200,3472,-490,1799,-4379
-8608,-13532,3236,-2170,2691,-2709
-8176,-13560,3780,-3471,4523,-1503
-7620,-14172,4548,-4501,4225,-579
-7460,-13948,4140,-5122,3623,-435
-7468,-13372,4208,-4711,4428,2638
-6236,-12908,4180,-3814,3023,3664
-6760,-13792,4952,-2075,1153,4192
-6376,-15492,5400,-137,-550,3907
-4980,-15500,4432,2254,-2281,517
-5000,-16264,4948,4095,-4272,-2773
-4504,-16176,4384,2477,-1862,-2543
-2216,-15364,5504,2552,-2220,-2410
-1904,-15664,5740,5439,-3314,-5674
-4256,-14356,4228,4646,-4900,-5571
-4232,-14744,4864,2853,-5860,-3520
-5704,-14200,4300,2666,-3762,-1945
-8144,-14264,3652,1107,-2619,469
-6352,-14740,3544,613,-440,1245
-4884,-14352,4668,-170,796,312
-4248,-14932,5292,117,-45,148
-4356,-14452,4976,-89,562,124
-4208,-14664,5780,-493,1433,-324
-3948,-14460,5856,271,438,337
-4680,-14216,6004,-21,53,809
-4864,-14404,6056,-87,129,775
-4732,-14412,5824,57,116,503
