1904,11324,11288,-831,-287,-120
2072,11072,10912,-690,-289,-261
2040,10976,11144,-58,166,-305
1744,11180,11600,376,423,-289
1276,11992,12076,-867,-464,-264
2192,10916,11856,-1145,-1187,-351
2588,9116,12032,-1318,-1857,-689
500,11944,13996,-3046,-3004,-2338
-1688,8932,11448,-590,-3579,-3930
-1980,12276,13692,-1549,-6269,-6517
108,7920,10936,-2159,-12052,-10216
-1160,11876,14072,692,-7925,-15499
1916,10488,12908,432,-9760,-9959
1236,6284,8712,10440,-8458,-7379
5212,15616,10256,12923,692,-11549
3104,13848,9536,6379,-92,-5694
7040,8880,4224,10561,1850,-5025
8136,17476,5900,5767,10753,-4362
11724,13772,1184,3018,11530,519
9704,20744,1492,-172,10701,41
-5880,21296,5456,-582,1173,-2499
-10388,13032,1764,-1597,15965,3768
-6644,20152,8,3380,19020,4371
-11404,12088,4720,1921,13289,5043
-7832,14296,4068,633,13780,7422
-6944,11084,5544,-306,12123,6578
-184,11732,4892,584,7973,-1544
2000,13196,10500,-2551,-88,170
2316,13556,12976,-3791,-6669,1209
3428,11892,10960,-3622,-5029,-1278
4700,13448,13720,-1635,1101,-380
2008,12392,12552,-3776,8391,11584
-3988,7832,11608,-2466,8915,7638
-6368,7312,8960,-2837,2318,5823
-9576,11316,6976,461,3440,286
-11116,17304,8612,1508,-1137,-995
-8332,13620,6376,2682,-8048,-4699
-4656,19768,5852,3226,-8021,-6288
-3460,7848,3272,1927,-6765,-7825
1296,17112,7460,3073,-8510,-9317
3432,16564,13408,2971,-8089,-3413
13144,14604,3584,1262,-11684,-1949
7440,17476,7884,-3428,-6444,-2177
3984,20480,6232,-74,-2586,-5693
816,15124,6496,-3354,-7344,-1855
-2416,17404,6964,-801,-8165,-3421
428,18004,5092,-472,-5684,-4190
-6036,17532,5684,1848,-75,1459
-6916,14556,6892,1749,2755,5614
-2668,14460,6380,862,998,3466
-5044,14464,7728,-1202,-1845,5058
276,19216,5780,-2444,508,7615
-1580,13000,8448,-4693,-1913,6080
3572,14432,4232,-7211,122,1905
516,15764,7540,-7330,1358,4065
300,13532,7900,-7025,774,6529
-476,13196,7816,-5587,3927,7429
944,13212,10100,-6386,2941,8249
2180,11264,9364,-6909,2244,7878
4396,11408,8572,-5166,1786,5901
3476,10656,9404,-2562,3187,6021
2304,9120,10268,-1307,4839,5138
2756,6888,10864,-352,4623,619
3052,14384,16264,-4304,6577,-1993
-1420,10528,14680,-6977,-2198,453
3020,5764,10668,-2071,-3053,635
4132,8008,12504,3897,2428,-4458
2012,12144,12700,1509,1525,-4267
