1412,12480,10204,-1526,-327,74
1260,11700,9888,-1588,-805,299
400,11520,10904,-650,-763,268
568,11628,11248,-1428,-2382,-247
-4056,13796,14380,-3730,-4366,-2761
-3272,11948,11168,-8138,-12485,-4091
-1944,10048,13344,-9059,-16435,-6668
4264,7012,9024,-6287,-16878,-11616
3588,11512,11712,-1416,-6034,-14725
4348,9880,11992,9365,-2922,-10549
7652,12624,10952,12312,2985,-7765
4116,7744,9368,9149,5694,-4994
6884,12284,6616,12877,8574,-2929
8908,16136,5888,679,6952,1240
7980,13120,4092,-2602,15208,-925
-6360,22272,14932,-1063,1607,-4646
2104,21376,4176,3995,410,6890
1712,18880,-1212,5960,4057,20659
-9016,9008,2468,894,14696,8084
-9084,19256,5404,-2856,22473,2996
-10656,17292,10080,-809,14282,10106
-3940,11740,7468,-2216,12360,5465
-912,14008,10296,-1306,1654,-941
5900,11260,11124,-2884,-4301,-2820
3784,10516,12908,-835,-4320,-5040
2280,13480,13188,-597,-1537,-1867
2648,10840,13160,-1235,2897,2170
3124,9904,12120,-3392,6374,7016
1056,11804,12560,-3948,5538,12966
-8148,8800,12720,-5157,-1416,13547
-3988,11448,8988,-574,3514,1865
-8936,15964,10720,1366,-4105,-3931
-9528,15532,11388,899,-10628,-9678
-12408,17884,10304,-3138,-18376,-16027
1708,16052,10180,-2307,-7129,-3018
7828,11448,6600,1507,-7407,-10296
7768,17260,10440,2003,-9977,-4090
6108,11028,8180,613,-2502,-2595
1940,12460,9692,-846,2397,-4976
3316,14532,6620,3266,5327,-2586
2936,10808,5604,3495,1532,-8489
-3088,15276,8284,573,-2346,-1592
-3120,18680,5536,2181,-549,1868
-900,13496,5504,1071,2397,4224
1620,15812,7100,-195,3646,6024
-2072,15812,9172,-506,1766,7672
1240,11244,8044,-262,5944,2360
496,14232,9432,-1309,4131,3741
176,12428,8236,-856,1741,1139
2552,14748,7284,-451,3268,142
-1304,14592,10052,-743,4245,3588
-4004,14036,10300,-2734,-1992,6021
680,15076,8572,-2794,-1213,-1469
2364,14648,8688,-3899,-1311,-1114
1764,17568,10644,-5942,-2878,980
-768,15504,9848,-12039,-4466,2715
-324,7344,8200,-8562,-1883,-4515
1884,11640,9124,-3040,-2848,-1675
3456,13656,9868,-2079,-1288,796
2296,10668,10356,-2509,968,-588
1204,10588,10528,-629,-294,68
2548,12580,10736,-711,-1582,59
1436,12980,11464,-951,1052,-845
1072,11044,10816,-744,-883,7
