-32,-11928,11280,-94,-580,-1123
364,-11916,10804,-17,110,-531
104,-12092,10812,101,606,-406
188,-11940,10972,-70,-353,-577
176,-11824,10680,-240,91,-49
20,-11836,10992,-420,316,137
-224,-11848,10876,-289,79,-90
-76,-11840,10920,-341,-82,-360
24,-11904,10800,-203,-363,-339
132,-11820,10856,-17,-1046,-420
660,-11764,10980,347,-329,136
1160,-11656,10560,455,1242,1097
1248,-11568,11020,-127,4650,2641
-4240,-12424,13520,-1413,6547,4163
6920,-14864,3052,-870,20238,-13093
2012,-14852,19292,768,-2158,-9667
-1360,-8800,12280,-729,-914,-2386
-5320,-8980,14088,-1168,-5517,-2200
-4324,-12180,13084,969,-6799,974
-2932,-12364,8072,1109,-9130,4908
-1340,-14064,7676,2618,-8953,6613
-1040,-16000,9580,692,-7642,5636
1520,-15964,11388,-404,-5340,4898
2488,-15236,8868,381,-2912,5305
6408,-14172,7828,2111,4430,4898
7732,-13696,9404,1631,12216,2907
3948,-13732,9316,-4492,13608,-4034
-1556,-12868,9836,-6541,4308,-7300
-3392,-12092,11096,-5181,4389,-6002
-4476,-11772,12264,-3985,3714,-4428
-4240,-10936,11312,-4263,4475,-4532
-6088,-10564,13668,-2662,-2394,-4818
-5272,-10736,11432,-3463,-4320,-670
-3676,-10856,12600,-7041,-4424,6154
-792,-10616,13192,-4573,-4172,8569
1312,-8288,16076,3386,885,9159
11000,-11408,6272,5911,-879,198
5892,-16400,7888,2340,1946,-4133
4872,-12524,10772,2825,4082,-5530
-400,-12332,11652,2359,2729,-4540
-4160,-12128,9016,1273,2115,-3240
-6544,-11504,10652,315,656,-1129
-1080,-16420,4800,-16,-3674,-341
-3744,-14172,9820,-3434,-863,-1479
-380,-12668,9616,-911,-1259,-3932
1120,-12524,9600,1709,-685,-3396
1356,-12256,9952,2794,302,-1116
508,-12044,10456,1861,752,1045
