8432,8728,11064,-413,145,-95
7716,8816,11060,-394,20,-200
7856,8776,11136,-338,-651,-309
7452,9312,11732,-1884,-2001,-953
9640,4136,10064,-180,-3321,-1822
8476,3976,11656,3704,-7775,-12860
11344,7464,8476,7537,-3619,-19999
4356,10428,10456,8188,541,-21281
1544,11276,11504,3176,-6189,-23931
7384,14376,8332,3005,-2512,-17424
2276,12600,8736,5712,-3118,-14636
1328,11828,7256,3990,922,-16869
3748,29292,18404,5774,2887,-9170
3724,18224,3588,4036,7720,-12451
3828,16332,4532,9412,9385,-9114
6964,18368,2296,1295,11835,4181
7024,24368,-1280,-947,12589,16523
-2592,20264,-1472,3539,6387,14006
-9212,14608,4684,2932,-561,13960
-10056,15996,4152,1852,15641,5776
-3792,17948,2960,3189,7794,9279
-1064,16768,3832,2566,11335,5726
2588,14184,212,2517,18015,2066
1516,12648,7924,982,10728,926
6608,15204,7764,936,1766,-2123
7192,12072,10432,1202,-3126,-3026
4112,11896,13040,-1851,-7248,-2424
4476,14100,11140,-1228,-2172,-1935
1264,13028,10556,-1502,2531,4178
-3836,13592,11116,-2426,3308,4205
-7816,14024,5648,-2968,-401,-15
-9388,14948,6028,-3423,465,-1499
-4348,18580,2212,-3684,-6394,-3715
6440,15092,-5536,-4573,-11769,-4243
432,18116,6444,-6274,-9168,-2800
5400,19904,11608,-1088,-15308,-9505
12740,10860,2708,-623,-2846,-5375
8220,13196,5184,1644,-5783,-4975
5712,13940,2428,2692,-2211,-10219
3796,16936,2388,169,3179,-9848
-2716,20148,5124,304,-687,-1401
820,20256,4700,1489,-7014,15208
-5788,14608,2268,3553,2313,20491
-4728,19356,2968,3508,7113,12024
-5660,22284,7628,-2308,-4862,9537
644,16336,4152,-11284,17,11308
4392,14444,4008,-13703,3462,13421
3724,12148,5016,-16784,2417,21669
8104,5872,6212,-15655,-1907,17727
