-140,-12084,11672,-612,338,369
-720,-11792,10860,-565,491,52
-216,-12140,11104,-170,147,-441
-448,-11796,11188,-478,60,-680
-1196,-11324,11320,-990,124,-775
-464,-12600,11236,-526,34,-251
-168,-12188,11524,187,-369,521
-804,-11624,10924,-64,422,371
-1048,-13200,11408,-881,1353,763
-3400,-13244,11348,355,117,2246
-1604,-11720,9600,-453,-1129,4466
-5940,-13880,4696,-3853,-551,4947
-5168,-11328,7876,-1162,-7653,6916
6720,-5584,7340,-12346,-11537,2744
5664,-13184,15604,-19968,-7043,-2783
4496,-12680,13148,-9791,8713,854
4376,-10160,15108,-7037,3272,-6789
2644,-9208,13780,5730,2261,-12517
-4076,-12028,12436,5902,815,-8342
-5108,-14476,8908,1355,-1354,-6021
-8156,-15420,7632,-1681,2,-2182
-6620,-17656,5404,3979,-5757,1003
-4748,-18352,3440,2784,-8551,5160
4108,-16744,4780,2190,-6601,10804
12732,-15764,9340,-1170,-4902,3047
10340,-13720,7828,-1162,-1851,-3870
8036,-15672,5424,-8571,4070,-4536
5724,-11828,7108,-12970,3249,-3491
4792,-11568,8908,-3952,5262,-2966
-1004,-14380,8836,-296,8341,-3381
-6332,-13768,11544,-4015,4793,-407
-7884,-12808,9996,-5416,5724,1396
-5800,-10436,12736,-6169,3208,6389
1028,-10608,14220,2256,-4346,9258
6848,-11728,12800,6213,-986,4164
9768,-12536,12592,4063,-402,-3551
7208,-12320,11000,787,966,-10126
2096,-10808,9988,4402,-5,-7924
2436,-13168,7952,7849,290,-5047
-3548,-15504,6400,5757,3891,-2265
-4500,-17232,6540,5759,5186,2138
-5460,-21632,4080,1975,4065,-3348
2608,-10788,8112,3671,-1765,-1918
3300,-10932,9556,6726,-777,439
1520,-14428,14144,4641,2682,2390
1752,-12288,13112,2996,4378,4371
