788,-10892,11756,-450,46,-312
608,-11004,11912,-432,144,-161
652,-11156,11932,-415,-81,-359
796,-10984,11932,-478,-113,-374
836,-11084,11872,-326,-121,-203
892,-11024,11904,-419,-11,-165
792,-11004,11860,-441,-120,-194
852,-10976,11632,-356,36,-82
908,-10972,11700,-88,320,-113
880,-10972,11784,3,678,-308
936,-10868,12044,-300,686,-469
2156,-10488,11584,-870,2105,1193
700,-10276,12308,-1707,3574,4023
60,-10840,12708,-2986,2941,3573
-23460,-5944,26120,-384,13765,-9687
384,-9152,14136,320,-335,-7724
-708,-9920,12964,-1259,-1525,-2469
-2592,-10684,13292,-1284,-4765,-2652
-2780,-9920,11384,-38,-6695,-238
-1464,-11292,11864,1782,-7017,3495
-252,-12860,10316,4671,-7195,7513
1536,-12280,8728,2808,-5271,7596
576,-14420,11000,717,-6390,5584
264,-15808,10512,-918,-3924,5264
748,-15036,11396,-3654,-2003,5364
6080,-12148,12900,-3052,-1113,3354
9564,-12568,9948,-140,7048,-995
8960,-12280,10256,-1692,12583,-2514
4076,-11784,10812,-4803,15089,-4649
1228,-12348,10732,-4022,4926,-7594
-2164,-11084,8844,-3630,4483,-5890
-5704,-10724,10676,-4445,2169,-3397
-3284,-10940,11644,-2394,1209,-3244
-3688,-10228,12656,-624,-2579,-4666
-2108,-10324,13240,-2416,-3527,719
-388,-9688,14724,-2411,-4051,4484
3608,-10528,15068,884,-4905,7549
4200,-8216,12200,3995,-1771,4701
7440,-13104,10708,3373,389,1075
7240,-10832,9800,3416,4240,474
3528,-11680,13108,7661,4735,-4314
-156,-12508,9212,5834,2978,-4379
-4016,-11940,6892,231,5058,-962
-1616,-12716,10196,-3845,1366,513
-2916,-11928,10056,-2469,-732,-1004
-1436,-12488,10596,-2247,-1039,-1928
924,-11164,10748,213,-1949,-2673
972,-11340,11200,1086,-844,-1439
716,-11124,11292,1076,-146,155
852,-11016,11840,781,338,883
48,-11168,11864,690,88,216
400,-11204,11736,334,26,-379
