-2840,-14296,7236,-584,284,155
-2900,-14208,7092,-717,-20,-176
-2784,-14504,7116,-1148,-256,-632
-2908,-14464,7044,-1874,-185,-510
-2824,-14480,7024,-1879,-120,-604
-3056,-14472,6904,-1764,-486,-1348
-3560,-15516,7032,-2498,-2082,-3450
-16272,-15336,20508,-9494,-12438,9167
-8876,-20544,13744,-3586,-9351,4495
8884,-17032,428,-199,-533,-3640
-1944,-16020,8272,405,-916,-803
-3420,-15292,8628,-574,-1155,255
-3092,-12924,4092,1309,73,500
-3248,-11468,1352,827,1223,1116
-832,-18444,10304,658,-230,-2244
-1236,-15400,8616,592,180,-532
-2276,-17796,10236,-710,2638,161
-1400,-18268,11808,622,1617,-817
-2652,-11412,2544,448,1536,47
-2436,-15348,5692,1995,903,-386
-848,-18192,10236,3024,1779,1311
-1704,-16156,10528,2720,195,528
-1860,-16504,9960,394,1383,1153
-2016,-14004,6604,-287,855,101
-1524,-12084,4804,1338,2063,-368
-1920,-14692,10848,2885,4259,1706
-1240,-14520,7088,-4117,50,2146
-1144,-14844,7592,-7508,260,-283
-1420,-14160,8388,-4251,2093,-1163
-2496,-14716,7072,-3550,1955,-1147
-2540,-14804,5676,-2077,1877,-1265
-3628,-15040,5988,-2571,1813,-1898
-3840,-14464,4896,-1102,2012,-547
-5436,-14108,5752,788,2421,-58
-5564,-14116,6536,-777,1122,-1913
-4888,-14512,6408,-1637,785,-1799
-3812,-14432,6060,-2891,945,-1383
-3700,-16380,7920,806,1187,-1155
-3628,-16544,8332,627,1212,-1360
-3880,-15008,5600,-2244,1605,-843
-3776,-15468,6520,-1574,1123,-533
-3592,-16888,9124,-959,-1378,-2116
-4444,-13216,4352,-1006,583,-747
-3544,-14036,5508,-2874,861,863
-3152,-15956,8772,-1916,-421,765
-3116,-13540,4632,-1453,-511,898
-1748,-15676,8292,-1871,-1312,333
-2500,-15620,7412,-825,-1321,106
-2568,-14660,7384,291,-1457,925
-3136,-14432,7116,-508,-650,1614
-1720,-15904,6068,1796,-1059,1617
-1364,-16548,6600,2266,946,2764
-1524,-15856,3476,-236,2383,2495
-3488,-15152,3340,-2877,3332,1297
-776,-14404,4664,7408,-2352,-1006
-3588,-1128,-16856,-13258,7543,2710
-19576,-13276,3404,-20596,13001,11337
-17980,-8,-11348,-13505,11176,10933
-23772,-8816,2764,-13379,7117,11389
-17568,-5220,-2788,-10030,2861,10029
7416,-23724,6308,-600,-264,471
-1368,-17468,7504,-379,2238,-199
-3756,-13624,5736,-703,769,-1228
-2476,-14236,7816,-2036,273,-691
-1748,-18344,12616,-1579,-734,-1563
-4124,-12688,4960,-1358,471,-587
-4016,-12828,5488,-1955,-607,-7
-4372,-18008,8660,-730,-1701,-1634
-6724,-12576,2824,-2174,-865,-377
-4108,-15060,9164,-259,-2757,-146
-4272,-15728,7460,-162,-2090,331
-4056,-14868,7084,1146,-2140,346
-4564,-15616,7440,1228,-1519,297
-5332,-14184,6936,1128,-1323,-1122
-5052,-15096,5904,2172,-730,-1418
-4264,-13108,6760,566,-686,-927
-2524,-15324,3328,1214,-2097,251
-2000,-14612,4664,1509,-1137,568
-1148,-14088,4516,660,-1367,-121
-2992,-15060,8896,-2478,-505,-1528
-2300,-14756,6024,178,797,2160
-2844,-14724,6336,1512,472,1876
-3128,-14744,6628,1713,-170,125
-2644,-14512,6760,1451,-116,-125
-2848,-14276,7128,283,163,339
-3032,-14472,7060,-467,103,-90
-2788,-14500,6748,-591,171,-32
-3080,-14544,7144,-356,70,-643
-2984,-14592,6660,256,-6,-830
-2700,-14268,7024,1372,131,-296
-2892,-14396,7084,1280,138,-280
-2600,-14456,7184,1412,216,-264
-2724,-14044,7320,875,442,-51
-3040,-14208,7536,547,307,-317
-2460,-14096,7388,258,270,-103
