-1332,-13660,8592,-538,303,-386
-884,-13540,8732,-525,466,-405
-1176,-13440,8848,-365,225,-454
-1132,-13724,8876,-351,266,-228
-1100,-13680,8756,-256,83,-287
-1044,-13588,8892,-315,174,-214
-1168,-13648,8912,-308,-2,-87
-1248,-13656,8668,-445,14,-123
-1288,-13620,8860,-400,168,-243
-980,-13520,8792,-433,-90,-256
-1076,-13604,8804,-470,-56,-297
-1168,-13648,8860,-365,-320,-142
-1296,-13504,8588,-314,-49,67
-1184,-13664,8556,-367,-127,228
-552,-13512,8504,-100,554,807
-468,-13968,8288,30,1794,1740
-1176,-13792,8616,36,2385,2294
-3580,-30080,4248,-3895,-5703,-5884
-1696,-11288,7316,-4772,5134,-1992
-1536,-16732,12184,-3879,1266,-4363
-900,-10260,6960,-888,920,-3369
-672,-16540,16144,-417,-1088,-4760
-5524,-10288,13620,1308,-3716,-2579
-2296,-18048,20852,3149,-4030,-2861
1508,-14184,3348,3981,-4226,-1011
-1744,-16700,8436,4586,-3838,-1866
-4600,-10956,3828,1061,-4356,907
-2456,-13800,4952,3078,-6073,1549
120,-13708,7600,1715,-5436,286
-3020,-12436,10128,1209,-4519,-419
-832,-11984,7280,1879,-3121,-56
1940,-10196,7692,1979,1003,2134
548,-13848,9140,2282,-5615,3638
-32,-14084,6856,2006,-1620,4604
2752,-14968,9012,425,263,4641
724,-14308,9292,-1108,1124,4002
1560,-13956,8348,-4165,2689,3899
904,-14080,8740,-3714,4422,2913
1584,-13208,10204,-4454,5370,717
-228,-14636,9304,-4886,8012,-411
1784,-13284,7288,-6352,9578,-1073
-912,-12772,8596,-5517,10080,-801
-1524,-9076,8108,-9929,6448,-824
2556,-13548,10240,-10834,-877,-4889
5180,-14560,48,-9419,5474,-6407
3100,-10140,-448,-10116,4939,-4203
-9588,-17024,10828,-8665,3700,-1266
-6396,-6400,-4560,-7356,9163,3826
2704,-17716,-6420,-7656,1058,903
1524,-22552,11284,-5132,441,378
-3504,-10924,13864,-7416,-3926,2155
-4852,-7244,-1880,-5248,-659,4078
-2396,-9072,12764,189,-4209,1713
-3488,-20400,5356,5622,-5032,2333
-3764,-12916,13780,6787,-8547,1518
-6652,-18212,12904,9185,-11219,2022
-508,-16736,10060,12253,-7997,-18
19864,-16612,-5576,8204,-2661,-2874
-4112,-17128,3936,9849,-597,-7191
-3572,-14416,-1484,1789,5646,-5515
5128,-10212,6844,4284,4947,-3963
-696,-12456,2288,3059,5914,-4496
-656,-14696,11372,2607,724,-6523
-14772,-18556,6356,-659,2088,-500
4080,-14784,3556,-102,2802,254
-1868,-14396,8460,-180,208,-270
-1140,-14200,8060,-39,-338,-773
-808,-14000,8056,248,-515,-1427
-476,-13964,8104,-158,50,-631
-556,-13980,8052,-61,104,7
-808,-13872,8448,-430,418,301
-680,-14084,8000,-240,-145,446
