-1324,-9348,13056,2052,1041,-297
-1664,-8476,13596,1843,597,-355
-1556,-8552,13420,277,753,-125
-1628,-8856,13168,-419,-504,-394
-1360,-9128,12824,211,225,-179
-1460,-9088,13272,517,13,-280
-1816,-8668,13468,18,-50,-280
-1920,-8768,13600,273,-366,-212
-1684,-8704,13876,354,-1621,-533
-2172,-9076,13976,1211,-4953,-1515
-5196,-8568,13548,103,-6927,257
2716,-7536,7448,-3073,-4391,7504
-2536,-9968,15464,-1802,-3075,4380
-160,-10356,11848,-952,-3482,4087
-3372,-8072,11568,-1731,-26,4449
-3712,-7608,9616,-2076,1013,5298
-1384,-9420,11984,-1063,-166,3540
52,-11056,13600,-1722,1045,4348
-224,-10384,15828,-2375,1491,2727
1956,-8232,11556,-3192,6371,2317
-200,-9384,14076,-4258,11642,-3115
-488,-11068,10032,-4195,9767,-6824
-6464,-8964,12972,-3508,8096,-6315
-7512,-9000,12088,-2348,4802,-6681
-5688,-8288,12516,858,2013,-4270
-5556,-8088,12812,-665,-843,-4498
-5044,-8528,11500,-1973,-2539,-4386
-5384,-8904,14872,-2381,-3835,-2697
-4312,-9004,21628,-9510,-6617,-1290
-572,-9996,13176,-6649,-3714,1488
-1760,-11152,18676,-5589,-1951,-1021
-4188,-11208,12828,-5854,3442,5334
-1792,-13880,9984,-3898,-395,5253
-956,-15504,8548,-990,587,6499
5104,-17976,11328,-21006,-858,4135
12444,-32768,4296,32767,12489,20700
12864,-10572,2340,-21880,18159,3640
-12548,-8696,14628,-32768,9093,9169
-24832,-25252,32767,-32768,22892,10195
23440,-20904,6232,22735,-17527,-18306
-1668,-11932,11636,1592,2842,-1340
-8264,-6712,6568,-3020,4102,1858
-8140,-11068,13048,-6108,1482,2034
-6960,-9848,5628,-5500,4094,1023
9856,-2692,-3808,7372,-6435,-7828
-32768,2880,12648,-32768,32767,22315
-30888,-32768,32767,-32768,7506,-16229
-6960,-32768,32767,-24924,24523,-20626
4828,-30896,25064,-18459,15029,-21465
32767,-32768,-18088,-17374,557,-18037
32767,-32768,-32768,-25900,-32768,-22538
236,-14148,4928,-790,1145,-9
-688,-13720,9736,3256,-1066,203
-96,-12864,11076,4821,-505,-653
-1044,-11192,11396,1924,923,-687
-1336,-10788,10568,29,1358,113
-1760,-11956,10536,-1329,1584,597
-1756,-11852,10928,-1414,949,156
-1572,-12680,11056,-1393,698,-283
-992,-12184,10552,273,962,388
