732,-10712,11988,-1000,319,119
240,-10948,12116,-798,548,-239
440,-10672,12096,-282,-215,-683
472,-10880,12096,246,-198,-831
724,-10500,12004,396,-112,-514
948,-10568,11884,434,-250,-67
672,-10796,12364,374,-328,-40
828,-10664,12436,143,-827,-255
212,-10616,12596,-53,-1369,-288
-688,-10908,11648,-2310,3369,2263
560,-10396,10440,-1343,1255,1183
552,-10480,10680,-612,-395,112
1764,-10452,10584,-1127,298,1043
3704,-10432,11032,141,2635,486
1796,-10024,12268,522,4196,1568
304,-9916,11732,-1244,7103,1914
-1340,-10816,13668,-1639,4855,1287
4404,-10868,9404,1226,-1843,-5621
-1856,-8764,11388,755,1519,-2558
-68,-9488,12560,-201,-85,-1153
-1056,-9092,11716,-1440,-1766,-1612
-1728,-9696,12764,-2945,-2143,-822
-4448,-9680,12288,-1377,-6874,1542
-4148,-11892,11716,500,-9138,4537
-1644,-13120,9324,2059,-6632,7714
2304,-16784,9672,526,-8543,6775
-820,-16248,14676,-719,-6040,2819
2908,-13244,6640,-3354,4602,6440
4716,-13544,8208,-3549,8126,2466
4392,-13192,10024,-4011,8734,-2457
1436,-12844,11100,-4193,12708,-5082
108,-10868,10820,-4013,4764,-6935
-1460,-9600,10860,-3329,3562,-4792
-3956,-11908,11288,-1573,3881,-4214
-4344,-11028,11816,-854,3154,-3418
-3632,-10708,11048,777,2148,-1573
-4292,-9876,13672,2228,-1018,-1893
-3116,-10472,12336,1988,-3993,-1868
-1148,-9356,12180,-1867,-2144,1147
-1724,-8636,13064,-3510,-3510,6246
6100,-10160,15100,-666,-2119,4773
2932,-11008,11348,-666,-672,414
4048,-11468,10380,-1533,3029,2683
3952,-10392,12600,2341,1130,2584
2116,-12656,12744,6394,-848,-1760
-616,-13924,10988,1031,1424,-2830
-252,-14204,16512,-40,977,-3414
-52,-15664,12008,2508,2308,-2802
-7388,-15296,8592,-1542,1856,-692
-1624,-6368,6464,-1221,441,173
-600,-15112,6416,-623,761,749
-2456,-12296,10604,-1361,-1784,272
-740,-11584,11184,-897,-806,-936
256,-11248,10964,309,-883,-1273
-228,-11316,11220,1081,-1029,-1247
-316,-11432,12008,1268,-1115,-1176
-684,-11140,12600,329,-4480,-2378
