1436,-9396,13028,-151,106,-225
2112,-9596,12600,-1131,-583,-291
1704,-10408,14368,276,378,-537
2696,-9772,12280,265,1027,-707
2628,-9520,12324,-898,781,-856
3108,-9796,13040,-979,1954,-2249
3016,-8820,11984,-880,2774,-2336
4840,-8408,12068,-2745,5237,-3436
6752,-8080,11592,-4757,9784,-7158
668,-7060,10928,-13503,10825,-11316
2448,-7988,6464,-14358,10341,-12230
208,-14296,14932,-14671,11437,-11448
-3264,-13544,17492,-10630,10076,-4177
-1144,-14264,13828,-3679,5088,-1838
-2076,-11756,9976,-2439,628,471
-3208,-10996,7812,-3730,-8349,7371
-7784,-12964,7816,-3604,-3849,14739
-13604,-16952,10492,-980,-12853,1413
-8132,-15820,11056,-3026,-11498,8681
-3572,-15208,6712,13,-14332,18429
-7392,-13752,8456,4,-18233,19553
9120,-18204,1768,1343,-13106,6905
1900,-16172,3864,-873,-14421,3855
1276,-17104,2732,-7010,-7116,9486
8260,-17104,60,-5782,1108,17264
12108,-18512,4352,-3834,6472,4075
6132,-15112,5584,541,11355,-8127
5840,-15472,7868,5675,16470,-14808
2064,-15260,8108,5714,22284,-28557
-4980,-15212,9132,1170,21624,-24532
-7788,-14308,8828,-3082,18358,-18535
-9040,-14604,8952,-7069,10795,-10137
-8532,-13736,6608,-7759,7926,-8466
-6800,-13488,9516,-3726,4624,-7401
-4696,-12560,11044,-267,2934,-1222
-3660,-10944,13940,3898,169,8257
160,-7796,12100,1080,-5550,19759
11644,-10664,9124,1654,-8395,17737
3044,-10316,14724,1542,-7799,264
676,-8304,16292,871,-18965,13295
8928,-12976,9068,8844,-25291,16426
4008,-14020,9440,5068,-11356,6018
6344,-15440,8368,1414,1787,1087
10708,-14696,5184,1471,5531,-10458
-1792,-11492,11628,2848,6248,-8643
-2960,-14236,10660,2029,3128,-1768
-7816,-13864,9404,-518,-1848,-7347
-7168,-13884,9040,-5426,-870,-2640
-6852,-14016,9796,-4646,-3549,-574
-6036,-13224,9660,698,-4246,417
-2884,-13984,7904,3939,-7089,4895
-2092,-15332,7892,3561,-4096,5014
-3608,-14372,7760,2463,-4179,8732
-408,-15112,6724,3024,-4923,16868
-2808,-16292,10264,-2142,-7451,21258
636,-19068,9276,-9161,-5290,24026
3456,-20120,9084,-10955,-7243,6432
1092,-21412,13920,4720,-9699,-8961
2136,-15436,9404,8863,-8652,-7954
3064,-13348,7876,10175,-675,-6410
1456,-12724,11216,11939,2427,-6223
-1036,-7920,8284,10568,3366,-8442
-796,-8140,11920,6534,2197,-8686
