-2968,-13928,7908,-461,72,538
-3260,-14028,7896,-657,313,130
-2812,-14164,7768,-1968,-283,-640
-2976,-14152,7612,-3263,-462,-1264
-2900,-14576,7284,-4016,-948,-2521
-2772,-14592,6776,-2586,-709,-3471
-2824,-14592,6964,-533,-3770,-4789
968,-23656,16916,3492,-7720,-11057
-4576,-9472,-196,5635,-1396,-883
-3352,-11864,1300,-1282,-514,1377
192,-17476,8536,-7839,3585,2944
-356,-16292,7692,-10751,4057,2438
-420,-14208,4620,-6020,1734,2049
772,-16792,5936,2098,2162,4502
604,-16592,5980,-1486,2096,346
-84,-15252,5804,-859,3329,-1056
-576,-14876,3200,880,6198,-3054
-4744,-14776,5420,4109,4596,-887
-7236,-13564,4788,3716,1260,-2204
-7860,-13936,6280,3705,272,-2770
-6024,-14152,6552,1815,-709,-5177
-5548,-15900,10112,339,-2665,-6266
-4820,-12664,5172,-10583,2144,-2602
-4120,-14856,9612,-12133,163,79
-4212,-13704,6328,-2225,-3317,-550
-4200,-13852,7216,2378,-4350,-1354
-2584,-15100,8912,803,-3660,655
-2380,-12952,7268,5074,-1784,2287
-2748,-13836,8276,6508,-2069,2313
3848,-14992,6968,71,-1465,-73
5216,-12548,5932,-11197,5400,3689
648,-20648,14276,13701,-1306,3069
2308,2000,900,19550,-8235,-5871
15620,-4136,5604,32767,-1095,-32768
32767,-32768,32767,32767,-15829,-32768
-11020,-12348,10408,1005,8017,1027
-3020,-17396,11160,1837,-238,611
-5524,-13876,7920,597,1299,-141
224,-14020,6932,4466,-3366,-6025
-2628,-14848,6984,1673,845,-4623
-4004,-12880,6684,1594,1529,-3306
-3204,-13920,5600,-31,2357,-1191
-5124,-13368,5204,-401,1091,-1747
-6688,-11324,4100,-2128,621,-641
-1736,-15064,4124,-2472,1783,2368
-3376,-14640,6988,730,-1204,-2594
-2504,-13812,7632,1894,-641,-2549
-2264,-13876,7896,234,-282,-1035
-2688,-14128,7628,428,86,-140
-2828,-14248,7896,-192,-238,-445
-2448,-14168,7488,162,-166,-475
-2612,-13896,7952,149,-187,-886
-2260,-14168,7736,393,-344,-789
-2456,-14016,7912,-311,-155,-341
-2512,-14076,7916,-672,121,-252
-2012,-14168,7668,-533,-293,-840
