8220,9020,10556,-1103,-109,-305
8164,8604,10168,-315,162,-362
7608,9452,11092,-746,-292,-402
8068,9100,10652,-1290,-1465,-262
8740,8716,10616,-624,-1015,-47
6432,9592,12444,-1844,-2112,-321
7736,7752,11100,-2771,-4908,-1679
9460,6036,10120,-2006,-7135,-6496
10636,5668,8980,-795,-5295,-14157
10088,8588,10844,2539,-2268,-18947
9324,11896,9900,2334,2688,-22166
1636,9616,10148,3000,1194,-21384
4460,13004,10448,7380,5844,-22658
1544,17040,11768,5644,2233,-9841
3260,12428,8548,4566,626,-7679
44,10176,8352,4415,4371,-11526
1108,13224,5820,-1484,-2965,-5944
5500,19644,5444,2492,6685,-5527
8180,19140,2252,3249,15544,7933
7252,18148,1464,5692,12968,9858
-11232,14044,5684,3541,9680,7245
-5700,16560,4652,3204,10224,1029
-8880,18092,5160,4235,14413,4942
-4760,16012,3048,4387,8261,7935
-1264,16280,5572,1708,12580,3051
3192,14504,3032,540,10229,5013
3204,13348,5880,759,3561,-772
4260,12852,9532,-382,-1060,-5068
6728,12504,9164,152,-3958,-6789
4624,16068,11540,2251,-1420,-3087
3108,13968,10204,-899,2372,5326
-1796,12080,10868,-1672,6053,5692
-3156,13164,8540,-3134,5393,7378
-6132,13292,8260,-5055,-356,6760
-10724,14384,7772,-2436,1005,2871
-8788,14436,4072,-3961,-6988,-4773
-2152,25664,13732,-749,-9164,-17045
5912,18620,7376,2512,-4028,-5794
-3164,9048,13616,3023,-62,-6494
1124,5328,7808,-2735,-5628,-10183
8780,9052,3248,452,-2710,-8708
4536,13896,5452,848,-1433,-5904
3544,15288,5036,-3512,-3044,-1725
-32,17988,5496,-2093,-6898,-5725
1024,16816,2844,575,643,133
676,22620,7044,2187,-3679,8814
-2760,16100,1068,1152,6953,15112
-4648,17656,6844,2328,8383,13316
-8420,21716,10828,3294,3312,14796
-8400,19176,7664,-18855,-10442,16322
1452,15004,4628,-17996,-151,14189
3388,9956,6284,-16955,-807,18513
6828,8300,7372,-19595,-4124,14811
