-3672,-14492,6928,-498,-526,-432
-2952,-13904,7184,-570,-238,-650
-2356,-14440,7188,-630,71,-118
-2992,-14336,7620,190,-226,66
-3284,-14236,7428,-686,113,141
-3292,-14616,7344,-622,-1226,-1448
-3460,-14764,7100,403,-2168,-3067
-2104,-15216,6296,2770,-5268,-2798
528,2696,-16048,-4281,-422,4893
-4440,-13844,3092,-5058,1550,1498
864,-17704,10528,4005,-745,-1062
-964,-14160,5232,3208,4195,386
2016,-16220,6744,1709,7993,2424
-1156,-16084,7688,-4776,4284,858
-1192,-15484,6960,-1819,2334,282
-332,-15928,5700,-778,3912,-645
-1508,-15420,5388,148,5350,-1975
-4368,-14840,7532,-1522,6710,-3482
-7836,-13368,4324,847,6103,-1565
-8520,-12876,5968,150,1149,-2875
-8736,-12008,5216,748,9,-5806
-7232,-14872,10300,4214,-4246,-7761
-6172,-12284,6088,-4552,2871,-1024
-6844,-10208,6064,-268,2971,3384
-4072,-12176,8676,15036,-6443,-4060
-1552,-13176,7896,25408,-3077,-2623
2452,-11684,10060,5659,-716,2662
2648,-12180,12836,445,-5440,-389
2188,-10236,12604,-825,-6661,2451
4040,-10452,8340,-8934,-5922,5167
10416,-9948,2584,6173,-12854,3727
18704,-32768,32767,32767,15804,27178
-17952,-15884,13172,-32768,-11785,14353
22940,-32768,32767,13622,-26695,-12243
-15824,-11096,16520,-2242,9472,2923
-3024,-14168,11256,130,-5432,-3337
-8272,-11220,9712,-3895,-1569,-155
-7956,-13232,9760,-5760,-7735,-338
-5996,-6268,2100,-10934,-5016,-761
-8928,-32592,32767,-32768,-908,-8220
-12636,-32768,7944,32767,17849,32767
-22712,-3876,16848,7628,-987,5176
-6116,-13008,6136,6815,13,-201
1212,-13984,2588,2064,-889,-560
860,-12472,5792,2893,3152,-670
13340,-15200,-196,3715,-966,-8247
1088,-12040,10392,3623,1262,1450
-472,-13372,10008,3657,2366,2643
-1296,-12340,10840,478,1594,-665
-632,-12656,9888,-1366,1194,-655
-516,-13056,9944,178,1486,631
-1212,-12676,10356,2591,1907,377
-768,-12320,10468,1118,828,-152
-220,-12168,10408,-193,1173,504
-1176,-12612,10732,-344,1430,469
-660,-12124,10188,-374,1040,224
-776,-12068,10072,353,1479,666
-1272,-12136,10864,-419,773,84
-1380,-12396,10424,-968,377,-187
-952,-12588,10516,-359,-114,-282
