-3376,-14044,7952,-946,-399,-790
-3080,-13812,7756,-2341,-572,-1697
-3232,-14744,7568,-3062,-986,-2829
-3464,-14312,7604,-3047,-1536,-2697
-25128,-8148,23724,22609,25155,23952
-3128,-14016,6484,2262,-2368,-248
-2224,-15012,5844,1451,-3927,-530
-4200,-13012,4508,-515,-3201,3186
-584,-15016,7132,-2437,-2820,1482
-136,-15644,7976,-2102,-922,-1131
-712,-14664,4308,-3945,760,501
-60,-15268,6032,-5279,2879,121
-696,-16144,7324,-1839,1436,-237
-740,-15404,7092,-364,1954,1564
-1176,-14272,7916,-1448,72,1194
136,-15208,6800,-924,2056,1289
-1760,-14268,7024,236,4353,-106
-1716,-14580,4968,-1134,5731,-1970
-4292,-14332,5464,308,5884,-510
-6148,-13440,5724,1337,4901,-350
-6392,-15292,6524,1008,2636,-1738
-6516,-14240,7720,-604,1322,-2769
-5488,-13292,6000,-2314,-163,-3379
-4348,-14900,8344,-3203,991,-2129
-4148,-13268,4396,-4147,209,-917
-4924,-14220,9468,-1881,-2406,-1450
-3780,-14120,7712,-2103,-3403,340
-3512,-13104,7276,-465,-2053,2128
-2348,-14616,8424,1892,-3520,1818
-888,-14360,6740,755,-3217,1079
-1280,-14300,6996,1541,-1882,1611
1784,-14096,5912,-2721,-1430,2639
1756,-15620,5132,-2991,-150,3627
-1116,-16604,8312,-1568,281,2267
968,-18604,11172,3604,-454,-961
-6632,-14776,2792,188,3091,1139
-3408,-10500,1896,-1625,3137,2043
-4488,-12520,2136,-1321,305,58
-5736,-13352,8108,828,474,-1033
-2324,-14532,6888,2546,-1165,-2299
28,-18828,13132,1715,-3002,-3430
-5740,-13124,3052,1319,384,-1683
-6852,-11948,3520,-1461,2262,1414
-5200,-14772,5732,-12341,-2698,968
-3420,-15764,4404,-5806,-1284,-674
-3412,-15348,5572,-1822,-816,-2276
-2512,-14500,5532,637,-206,-916
-2880,-14876,5856,1923,497,816
-3452,-14908,6028,3580,-76,696
-3272,-14696,6352,4157,-122,98
-3336,-14456,6612,3189,-280,-352
-3296,-14296,7128,2669,-239,-106
-3396,-13920,7312,1292,341,601
-3768,-14356,7396,-243,105,-54
-3176,-14204,6920,-885,-133,-450
-3276,-14176,7192,-1028,-163,-609
-3256,-14284,7200,-638,-331,-633
-3332,-14236,7216,-140,-132,-28
