-3212,-14096,7520,-1708,-61,-975
-3348,-14328,7176,-2516,29,-1122
-3300,-14744,7544,-3437,-1601,-3543
-3820,-13860,7248,-1567,-2989,-1995
-10876,-7308,7044,1194,-1383,3222
-3528,-14504,6812,-1418,-4923,-463
-3112,-14472,3792,1172,-2449,768
-2076,-15492,7072,218,-8,-390
-604,-17076,7920,237,-722,-1157
-2408,-15640,5744,96,2464,-196
-1232,-11248,2228,-2124,2540,487
1220,-15468,7044,-421,4140,4251
168,-15860,6992,-6611,5166,3051
-264,-16740,7072,-4328,3800,-1620
-3928,-16244,7880,-144,5845,-2653
-5984,-14196,3884,1856,5557,-2370
-4256,-14472,4640,-1214,4226,-3435
-6852,-15164,6572,-2609,4483,-3568
-6252,-14764,4772,-4192,3012,-3462
-6080,-15444,6076,-1722,2236,-3106
-6844,-14656,7244,6703,-2150,-5846
-5548,-10516,5732,-4110,-5265,-5357
-5308,-14136,6248,-8534,-445,2616
-3392,-17044,9264,-2243,-3178,2382
-2692,-14600,4724,1906,-3764,1142
-2600,-14456,8320,6475,-3728,2220
-1164,-13468,6576,7620,-2221,695
1156,-14324,7548,1314,9,1039
1464,-15048,6124,-300,1631,2019
696,-16108,6256,1842,1652,2362
-380,-13848,-12,-4514,3169,4065
28,-21620,15312,5107,525,1409
-1388,-12012,1180,-335,1152,202
-3404,-13080,3108,451,2166,552
-1536,-15844,9928,1190,345,435
-2196,-16916,8744,-90,1665,489
-6404,-12396,1096,-455,1610,-578
-3332,-15460,9288,-88,694,-1731
-3628,-17020,11640,1816,-1252,-1391
-4296,-14008,7764,-1193,-2626,-727
-3540,-15748,7592,-1747,-2271,-856
-6820,-8772,-524,-1620,-862,-176
-3136,-12964,5148,-950,-2892,-1773
-3128,-21940,14132,713,-4039,161
-4040,-12248,1836,-2814,-2647,-544
-3060,-14644,6656,273,-1548,-1498
-2572,-14276,7044,2391,475,204
-1420,-13072,5756,-2977,-1171,-3157
-2400,-14688,6164,-53,-1145,-1447
-2580,-14600,9264,-836,-1420,-1203
-1840,-13572,3192,886,-130,1167
-1488,-15320,6520,53,-2609,-1029
-3544,-15468,9096,182,-1009,-4430
-392,-14096,6764,148,577,1589
-1540,-14944,6964,755,518,3154
-2284,-15044,7100,1172,159,2055
-2448,-14508,7420,1096,94,359
-2156,-14456,7320,2278,337,-635
-1856,-13928,8080,697,112,-330
-1864,-13972,7596,-602,215,424
-2276,-14324,7676,-974,369,467
-2044,-14488,7292,-996,142,-120
-1996,-14160,7524,-712,306,-246
-1928,-14280,7312,-970,300,-147
-2156,-14408,7476,-214,164,159
-2256,-14144,7420,263,1,157
-1940,-14404,7164,488,-159,107
