756,-13600,8960,-221,-47,-451
672,-13596,8864,-359,218,-83
636,-13564,8880,-393,139,-110
628,-13548,8924,-343,186,-90
384,-13644,8816,-327,204,-164
600,-13560,9004,-324,89,-177
608,-13612,8956,-310,168,-98
740,-13560,8956,-384,169,-34
576,-13608,9020,-486,38,-5
456,-13592,8816,-574,142,99
620,-13532,8780,-538,190,164
372,-13576,9076,-519,263,113
212,-13644,9104,-459,186,-108
644,-13544,8980,-499,-70,-321
652,-13560,9164,-748,-28,-319
508,-13704,8900,-813,154,-60
800,-13624,8772,-869,-13,220
348,-13596,8888,-917,104,167
464,-13788,8760,-724,-17,-346
448,-13736,8748,-522,-14,-294
428,-13692,8640,-463,127,-36
396,-13676,8564,-551,300,279
788,-13572,8744,-622,511,700
644,-13796,8884,-907,1991,1549
344,-13836,8472,-975,1965,1424
-340,-13740,8588,-660,1345,868
204,-13596,8480,-590,1484,1524
4876,-6456,8752,-1267,-4255,-4152
-1264,-15144,12136,-1403,2129,-3771
3376,-19728,16476,768,-849,-4207
2656,-22720,16080,442,-1586,-5000
-5124,-12944,8516,-1302,1796,-1354
-988,-12688,9036,-668,-101,-1809
-716,-14732,12304,638,-1906,-2370
-1744,-15068,9136,555,-2154,-3479
-136,-13324,7692,-2681,-2561,-1533
772,-13308,10940,-283,-2651,-1639
760,-13664,8692,1231,-3328,-209
1344,-14308,9828,3376,-3120,-1134
1852,-13884,8080,3235,-2238,-186
256,-13276,9664,4395,-2679,134
1016,-14000,8924,5979,-5429,693
1892,-14224,9212,5280,-8083,1848
976,-13156,9372,4615,-5026,1973
1312,-12684,9144,4901,-6041,2912
3324,-13524,6320,5783,-4756,4993
2088,-13388,10328,4122,-2785,6536
3284,-13048,7896,1026,-894,4109
2764,-12888,7876,-1162,787,5121
3540,-13756,10276,-3847,3357,5611
2752,-12208,8700,-3683,2885,3107
2684,-13164,11124,-3723,3887,3319
2540,-12916,9576,-6117,6968,3471
4064,-13204,10228,-7097,7383,1970
816,-13224,10380,-4153,8622,-526
40,-13624,10180,-2959,6030,-2428
-1800,-14540,9096,-5451,2701,-4170
644,-14632,7100,-9518,7160,-5549
-1248,-14268,8268,-11845,12234,-5134
788,-14644,6840,-7880,8481,-7167
-4748,-15736,6712,-5113,4183,-2215
-2076,-14580,6964,-5983,1482,322
-68,-13232,4072,-5212,-325,2144
-3884,-15800,-1168,-8723,-769,4963
-4836,-14420,-116,-8647,-4733,5206
-468,-20460,6056,-5691,-6648,8569
-3104,-20992,15616,834,-5630,4203
-4240,-28504,25060,7776,-4055,3423
2448,-32172,9652,9512,-3443,2869
1220,-18640,3616,9067,-8239,-1077
-1332,-13464,9120,7071,-2813,-5801
-1372,-9452,6284,6675,-1571,-5486
2640,-14292,5672,5782,360,-4886
1624,-20292,1844,3395,6203,-3062
7612,-23788,13616,4779,2201,-8472
1000,-13908,12040,4058,909,-4651
1620,-20612,11716,2901,-1127,-3510
1248,-17648,9216,1937,-123,-1981
-16,-14872,11416,603,942,-2528
1928,-13880,6588,1567,1775,-2150
-8896,-12180,8552,2412,-1212,-730
-2504,-14792,7860,-291,805,409
-468,-13556,8908,-218,-17,80
-872,-13544,9144,141,94,-841
-544,-13412,9408,-24,-27,-1417
400,-13324,8908,-198,-330,-844
-124,-13348,9096,-363,341,-103
8,-13352,9204,-357,-472,68
48,-13424,9200,-463,-10,251
-268,-13572,9168,52,497,438
-624,-13340,9488,-108,269,125
-516,-13360,9224,-417,-301,-335
-308,-13288,9272,-592,261,-715
-8,-13308,9088,-700,85,-878
-108,-13384,9020,-766,132,-439
-316,-13396,9392,-406,-268,-394
-336,-13404,9192,-600,259,-212
180,-13480,8692,-496,28,-181
-308,-13460,9224,-380,352,-136
-500,-13444,9024,-238,74,-176
-516,-13476,9192,-214,7,-206
-344,-13456,9096,-170,-116,-202
-428,-13284,9100,-493,143,-160
