-96,-11812,11128,-93,157,-96
-224,-11832,10868,-63,180,-130
-128,-11716,11096,-22,6,-153
-72,-11788,11160,-29,205,20
-60,-11620,11012,-153,227,6
-56,-11736,10952,-173,172,18
-200,-11744,11216,-475,408,262
-24,-11544,11096,-984,849,946
68,-11668,11192,-1685,1620,1478
-164,-11568,11220,-3108,1778,1894
32767,9036,-10840,3071,-6777,-12908
-512,-8824,5332,-2051,-2013,-2784
10164,-18272,14032,-2466,-2420,-4728
-1752,-13100,10716,-3394,-2690,-1251
-44,-16832,17504,-772,-3966,-2462
-11624,-9424,1972,-2767,-207,5307
-9764,-14676,14096,1013,-2739,3208
5844,-16264,8920,-1355,-14087,6212
964,-20500,19116,-3351,-10228,7524
736,-13912,8576,2482,-2917,2736
-5960,-6436,3080,-1635,-884,2150
4468,-17176,7912,-3784,887,2380
260,-12588,3144,-4585,8993,3628
-3252,-1604,936,-8650,8805,922
-512,-17652,18456,-2529,14352,-6426
744,-13392,14000,-805,3479,-6765
-3804,-9812,6800,-2754,2829,-3102
5688,-20376,9240,-17,-2472,-1693
-13204,-4220,13292,-3046,-4740,232
-2216,-15164,12576,1171,1029,443
-6016,-10180,9536,-1363,-212,4463
-5720,-3376,260,-1907,3832,6098
-4324,8364,4104,1594,-356,6859
4220,-5384,9948,2541,-4795,-704
16844,-10552,-320,2403,-1267,-5036
-5244,-12828,4380,-2726,1950,-568
-572,-5332,13472,2241,4511,-3206
-4468,-14804,9560,3197,1842,-3572
4820,-21740,16884,1700,547,-1258
-28380,-17748,-26784,-10910,8689,12004
2248,-13008,6916,-992,-598,-1492
-72,-13060,9472,-720,-1697,-2287
896,-12536,9588,998,-1136,-1796
724,-12340,10432,2157,723,53
84,-12420,10300,1370,681,1017
-280,-12448,10828,799,140,889
-248,-12412,10140,677,390,-182
-264,-12228,10704,516,326,-621
