232,-10744,12116,-256,105,-168
336,-10684,11880,-250,153,-36
128,-10792,12000,-183,223,21
280,-10748,11844,-68,310,-53
108,-10660,11944,-21,249,-85
-8,-10780,11988,-13,173,-105
32,-10668,12064,-13,110,-50
-28,-10668,12084,-55,122,-35
152,-10548,12324,-131,130,-62
-28,-10760,12444,-97,-11,-200
132,-10644,12340,-245,-45,-224
-16,-10632,12260,-239,-17,-244
48,-10588,12312,-201,-287,-337
192,-10632,12124,-63,-606,-398
268,-10656,12228,145,-923,-280
76,-10776,11956,418,-771,-650
436,-10744,12104,817,-997,-2180
1664,-10244,12220,927,446,-2413
1668,-10160,12580,374,2588,-133
712,-9992,12572,-1197,4778,4067
-256,-9980,13428,-3506,3051,5457
-16496,-9628,25416,-2946,17166,-12139
472,-9032,12488,-2351,1449,-7129
-1440,-10128,10704,-4986,1029,14
-3472,-11008,15116,-2190,-4347,-3879
-3128,-9392,12008,995,-9391,403
-2360,-11876,10296,3388,-7484,4854
1528,-13652,8828,2822,-5314,5674
2080,-14088,7912,-601,-4809,1716
236,-14252,10496,-2437,-7174,4464
-36,-12692,10032,-2317,-3080,6818
5724,-13696,9396,260,-198,2731
6928,-12540,9780,581,4685,-606
3944,-12636,11080,-2335,8425,-2743
1788,-12044,12152,-6960,8273,-4783
-1132,-11264,12456,-7167,5758,-4444
-4220,-10476,12264,-2223,2516,-3756
-4184,-9868,13768,-704,-2441,-3186
-540,-9228,14000,183,-5093,-2110
-248,-9832,12944,-1354,-2944,2454
1860,-9452,11572,-1267,-2645,7974
10464,-11344,9964,-52,1932,3033
5320,-9696,12532,374,5626,2296
2300,-10932,10908,6901,4680,-2956
2060,-11608,9832,8468,4681,-5227
-2988,-13884,9572,673,2762,-3061
-4200,-13388,10592,-1591,1865,-1858
-1780,-14040,10404,-3488,-2053,-2401
968,-12704,9508,-3607,-1440,-2263
636,-12076,10104,-298,-1700,-2509
1016,-11588,11156,1340,-515,-846
