-1600,-10508,11568,-521,-1053,-396
-1440,-11500,11784,-758,-396,-483
-1196,-11884,11064,-90,386,158
-1952,-11896,10732,-478,753,247
-2352,-11636,10680,-416,-585,-628
-1936,-11320,12000,-496,-482,-364
-1260,-11300,12060,-316,314,-83
-1820,-11376,11416,-336,-86,-474
-1120,-12316,11192,-87,25,-107
-1712,-11944,11540,-198,725,-9
-1368,-10864,12008,-150,273,-715
-2512,-8476,12580,-1598,901,274
1204,-9532,15244,-3447,962,-2633
-2004,-9172,10664,-800,1571,-6579
-3940,-12224,8232,278,1383,-5290
-7252,-15356,8980,3110,-5075,-1352
-1288,-9940,7284,1654,-8286,5857
1252,-9896,5528,-1690,-11766,1729
-15552,-15324,21192,13747,-23590,2161
7036,-12656,8920,-8672,-2912,6365
3248,-17412,10860,-12679,213,-1350
5884,-14988,7420,-11038,-5289,-7435
1736,-13404,8660,-10467,-289,-9088
-4052,-12960,7916,-7362,1059,-3733
-8860,-13772,8904,-4841,3748,2846
-6832,-11536,10848,-3428,1318,11349
1276,-9704,14972,-540,-901,16103
8760,-11552,17352,6228,278,7418
10096,-13068,15248,14145,7440,-14331
4480,-12352,10392,3114,1573,-16779
-3004,-10732,9096,-3155,371,-10704
-6940,-15776,5280,10259,1012,-4994
-6644,-16476,6568,4147,547,2774
-3912,-18688,6812,5549,-7454,7021
2008,-17452,5456,6319,-6774,7841
4488,-14972,7080,-3837,-4070,8644
9948,-13896,9268,-6855,-5916,4381
9388,-13468,9784,-5349,-3680,278
2856,-11924,8464,-5687,-860,-1112
