9280,7628,10248,-934,157,-341
8504,8376,10788,-491,51,-400
7896,8648,11128,-684,-503,-320
6404,7556,11564,-2074,-2966,-1809
8220,3300,12480,-2013,-7146,-5805
7436,5896,11892,-15,-7088,-12270
9624,8380,9888,-1287,-6805,-21240
8384,8792,8748,-1603,-3633,-28100
3304,10828,10240,2217,1124,-27155
6680,12692,7028,8811,4043,-22565
2100,9652,8748,8851,3512,-22380
5196,13316,6828,11498,10732,-23926
-8104,32767,32767,997,7779,-12592
6128,15440,2536,-191,10269,-338
1420,19084,6388,1273,10145,2235
-2820,18568,5420,-166,12874,10156
-208,19708,2072,3313,3816,7369
-4776,15508,-3708,2964,8420,14827
-5304,18128,996,3272,9337,10567
-8268,17196,4484,1808,11727,4662
-5844,16196,4116,2787,10276,3822
-1196,16984,7884,1431,10895,1738
4748,15776,5012,944,6435,-332
5200,12840,7016,313,-226,-2380
6244,13848,10196,2008,-3236,-9188
3924,14764,12212,963,-4946,-4409
3092,13240,12236,-2326,-2444,1564
2388,12080,9388,-3638,5589,6138
-3496,11944,10060,-2385,7499,6860
-8144,11896,7696,-3383,1588,4758
-9572,13688,5864,-1647,2275,1317
-10304,15324,4996,-2381,-4545,35
-7236,13420,1960,-4835,-9680,-7400
1648,17052,796,-1557,-6412,-2146
8860,16120,-308,-2591,-8172,2193
8640,16448,6344,-551,-6939,-10087
7208,14632,10004,2106,-6653,-8109
7500,11064,6720,1530,-8451,-7599
4576,13000,7000,1335,-3842,-9270
2216,16004,4672,1695,-3151,-8437
1640,18660,6400,505,-1148,-3386
2244,15088,2076,-853,-1826,4443
-5880,14100,3160,1276,1925,8763
-3136,18908,1472,5431,-985,13147
-6016,21176,5504,11542,6583,18046
-3732,21136,7432,-7310,-2622,16833
-2892,17568,5568,-12647,1672,7512
4088,15816,2464,-16116,4976,14284
4740,10200,5536,-16276,3266,19624
