28,-13124,9704,-64,-102,-446
-148,-13028,9684,-217,192,-411
-248,-13120,9680,-386,360,-372
-16,-13136,9588,-444,66,-295
20,-13124,9540,-496,34,-25
92,-13040,9840,-548,323,-3
-144,-13100,9488,-579,304,105
-364,-13104,9540,-493,535,203
120,-12988,9544,-412,447,365
-380,-13080,9628,-364,332,484
-224,-13120,9596,-315,579,697
-748,-13104,9832,-475,691,332
-724,-13188,9736,-370,258,-37
-596,-13004,9600,-613,32,-347
-592,-13136,9648,-476,354,-270
-344,-13132,9616,-534,717,23
-112,-12996,9552,-733,1904,689
1144,-13988,9772,-1098,1803,-49
6832,-16124,10648,-2200,1763,-6487
1820,-11824,10640,-2397,1061,-9039
-2148,-17088,11248,-736,2316,-4965
-4968,-12408,10332,3073,1150,884
152,-11984,-556,4527,1331,1907
252,-12532,7072,3817,-1646,281
-1504,-16180,11776,3729,-2459,-2696
-696,-13168,8196,2143,-2603,-735
500,-12076,8688,1545,-2590,-754
-196,-12336,10324,2108,-3440,-727
2672,-13336,10656,628,-2112,68
-316,-11524,12204,-2177,-1708,84
-1124,-10616,8444,2304,-2556,317
68,-11764,9984,2104,-2725,1720
476,-12880,11408,2106,-5126,1067
1740,-13960,10596,2685,-5265,2790
-1140,-12260,10540,3868,-4535,4350
2240,-12500,10548,2621,-3094,4261
3060,-13328,10840,1808,-2320,3158
2996,-12572,7168,-31,-1288,4996
1228,-13412,9964,-1497,1899,4593
3444,-12356,9092,-3683,4724,4085
4896,-12468,9116,-5562,7279,1874
2192,-12676,10776,-6726,7639,-360
448,-13140,11000,-7733,9225,-377
700,-13108,10072,-8777,8385,-1735
-1840,-12700,8724,-9850,5080,-4321
-3064,-13708,5612,-12064,8899,-5614
2788,-7344,3564,-18347,7307,-6442
-3504,-11836,4152,-11703,6746,-2923
-11768,-17172,9304,-5454,-70,3066
3604,-23280,10116,-7261,224,2271
-2104,-15012,2040,-6611,-1066,2814
-6316,432,-6372,-8557,-654,2687
1476,-25940,8972,-3838,-1665,2759
-1072,-13232,5232,497,-3474,3767
-4472,-4088,9232,729,-6010,4985
1316,-25600,-1200,-451,-2953,1987
216,-16368,6452,8415,-6616,922
4012,-10432,5384,9051,-8756,-2830
3624,-23548,15292,12246,-6914,-4288
4432,-12556,9452,11583,-1616,-7570
244,-15100,6560,8520,2321,-7597
180,-13600,5724,7593,2590,-5140
-1244,-14808,6376,8335,3782,-755
-6236,-17524,5744,5402,-748,-3576
1340,-12240,6808,2192,3298,-848
-1872,-10724,6724,2541,-2411,-1846
-7504,-14664,6296,-305,1714,575
-532,-12904,9608,-136,311,-570
116,-12916,9644,-320,52,-777
0,-12784,9308,-195,-911,-902
288,-12872,9864,188,-135,-296
-404,-12856,9832,-132,-112,-326
120,-12772,10324,-300,222,428
-128,-12800,9708,-77,396,337
-640,-13056,9656,236,216,-211
28,-12760,10320,249,45,-592
