-348,-12236,10744,147,223,-75
-480,-12184,10784,303,-78,-78
-236,-12144,10704,321,213,120
-364,-11872,10924,57,568,413
-492,-11916,10740,-379,1000,499
-28,-11976,10848,-1203,916,948
528,-12224,10580,-2250,2238,1728
31036,-31328,32767,28,-10354,-17686
5564,-19304,17072,-378,-2851,-8396
-19672,-5776,-48,-2178,3107,-309
-2680,-5988,15136,-1404,-1423,-2143
1108,-10052,15820,-170,-4176,-3684
-7544,-5032,1660,-1657,-1790,2767
-1832,-7464,8264,-1289,-6590,3946
-1460,-10696,10208,-651,-10643,4441
-4220,-8144,9420,-1389,-7312,5019
-2132,-11076,6380,-458,-4482,4340
1012,-13044,7624,1276,-2567,293
528,-14432,10144,2249,699,4039
1664,-13556,8228,603,476,4872
3140,-13364,8500,-192,2571,4295
3848,-12560,8440,447,5524,1361
3492,-13336,10044,-1144,9667,-2307
1220,-13332,10296,-2763,7478,-4763
2988,-15660,10916,-8249,3563,-8048
8264,-15908,7200,-11457,7593,-8776
-4068,-12056,11844,-9124,7791,-3907
-5652,-10720,5964,-4488,3787,277
-3512,-18884,13020,-603,-1501,147
-1576,-14120,7660,-3289,-2127,6027
-3892,-6892,5700,-1976,-4695,4490
-10148,-8204,16588,25,-8741,5179
-4080,-5272,14272,-892,-8386,5681
9040,-7132,26808,9717,-4075,-4672
11356,-20444,7992,3664,-3349,-10138
-4428,-9856,4056,2264,3781,-4299
10844,-12124,14088,2191,589,-5124
-768,-22380,25936,2364,-1775,-5647
-10096,-10532,6760,1776,-1615,3139
-1876,-11552,8340,-1625,-1668,487
-1840,-13180,11268,-1558,-840,-1229
480,-13220,9116,929,-1397,-2020
264,-12824,10360,1986,-114,-788
568,-12528,10224,1988,-270,39
336,-12416,10432,1045,339,735
