-2320,-13120,9216,-1294,350,9
-2304,-13364,8944,-934,305,16
-2660,-13152,9296,-520,126,-97
-2692,-13216,9412,-615,296,24
-2728,-13396,8904,-642,261,-183
-2764,-13292,9048,-442,-26,-541
-3000,-13204,9152,-802,-100,-755
-3000,-13564,9216,-731,-788,-1687
-3388,-12864,9644,-372,-4181,-2613
-6952,-12744,11308,2864,-6885,183
-2912,-11264,7928,3002,-7074,3072
-2360,-12732,7120,-33,-6816,5907
-1584,-13180,8092,-926,-6449,3116
-112,-12104,6996,-1955,-1788,2273
404,-15296,9368,-2485,-795,2028
-984,-20100,15980,-6063,-626,3087
184,-13728,9520,-4212,-421,2511
-344,-13616,7936,-3584,-356,-85
-644,-13468,8844,-6218,1168,336
-316,-13912,8432,-4489,3756,1624
-752,-13440,8120,-1654,1665,1189
-1680,-12828,6820,-1397,1676,581
-1672,-14716,7796,-52,519,-3259
-2860,-13312,8476,-275,2238,-2957
-3236,-13208,6580,-1001,3202,-2797
-4596,-13548,9272,-1884,1920,-2809
-3752,-13680,6076,-1057,3782,-2639
-4104,-14448,7456,-1458,7193,-4302
-4312,-15464,6956,-5398,4563,-5297
-4888,-14396,6976,-8058,4720,-6661
-5536,-13808,8212,-5432,3382,-3894
-4228,-13752,7220,-595,75,-2114
-4688,-15808,7996,-2501,-737,1076
-3524,-15100,7516,-1944,-1510,1625
-924,-11512,6700,2073,-1179,4296
-264,-16108,7408,4134,-3127,-1020
1956,-14128,6316,4055,-4675,1194
612,-13924,8160,669,41,3899
-472,-14972,7160,-104,1147,2571
-1164,-15092,8120,2164,345,602
-856,-15300,6472,3426,-5173,820
-744,-17476,8044,2039,-3003,2359
-36,-14344,6964,-93,-1348,-898
-924,-14056,8860,-953,95,-1156
1008,-13556,7740,300,215,-2084
-2088,-14592,10508,-678,-313,-3136
-2596,-14208,8728,420,2138,-1668
-4760,-13492,7276,1573,-833,-2073
-3920,-14872,8080,1923,-785,-558
-3112,-14288,8880,2885,-2407,-1048
-2360,-8420,4664,559,-2343,-1060
-2156,-12892,6696,15,-2870,-611
-2188,-13616,6004,-719,-1786,-357
-1208,-16320,7400,-3843,-513,-499
-1540,-14308,7460,-174,128,-32
-1580,-14212,8028,1712,315,71
-1468,-14068,7804,2476,373,256
-1652,-13560,8552,1992,454,541
