544,-7816,14584,-645,-90,-111
1180,-8008,13160,-582,292,-629
608,-7380,13596,-546,-295,327
812,-7824,14696,-1038,284,-383
792,-8228,13688,-881,-803,137
272,-8652,15280,-321,395,-382
600,-7924,14676,491,386,1
1592,-7640,12856,-640,1060,-813
2244,-7496,13788,-1077,1383,-747
1224,-6044,12500,-2634,2768,-1751
3576,-5732,11400,-4523,4596,-3740
7344,-4848,8816,-7899,10774,-7421
4424,-6216,9516,-15468,19272,-10184
-160,-11084,11884,-15052,16064,-13040
-2700,-12396,13260,-9795,8157,-11623
316,-14644,13140,-6967,10782,-7757
-1784,-15588,18092,-878,8398,-12665
-4556,-13192,9404,-1797,3914,-8215
-2560,-12292,6284,-6391,723,-3142
-4900,-12556,8740,-8076,-170,2152
-8240,-11352,9096,-3820,-9392,10000
584,-23316,13304,12009,-12319,9709
-7432,-15888,2508,1215,-16300,8511
-8780,-17608,6324,1888,-17973,26252
436,-16412,4288,-2142,-19740,28041
1764,-16456,1596,-6892,-15101,23716
2872,-17640,3048,-7095,-11267,15478
7112,-17632,6544,-4052,-7766,6703
5744,-18416,5292,-7053,4408,1467
5484,-15456,5880,-3479,12274,507
8528,-16852,8976,5470,13746,-13139
912,-16484,9556,2735,19422,-28361
-6688,-12752,5456,3090,24233,-28754
-16372,-12656,7440,2888,15231,-21243
-13164,-13884,9960,-4042,6512,-11380
-11416,-14036,10008,-7608,-339,-6104
-10964,-11384,11260,-3524,541,4137
-5788,-9856,13756,-1950,-4020,21357
8780,-9628,18964,3361,-15394,15853
-2428,-10136,20508,3003,-8365,7583
5912,-10540,15484,-941,-17658,11857
11996,-11824,7968,2912,-19961,6488
3176,-15864,10880,5535,-11534,-2952
10884,-7688,308,-1982,315,-4671
-324,-15144,6216,1058,5509,-14390
-8416,-11752,7920,1248,14589,-7676
-5208,-13644,5832,-1166,5057,-3851
-3820,-12600,2868,-4325,3276,-135
-5680,-13012,7208,-3996,-3252,1751
-6208,-14800,6288,-527,-9530,3163
-6800,-15148,6672,-2083,-11661,4802
-952,-15112,5024,-463,-16285,9447
1472,-16368,5664,-4387,-16835,10783
-1232,-17924,5088,-4460,-9590,16219
1988,-16320,7792,-4869,-9677,16144
4616,-19148,5872,-8058,-7271,8230
2692,-20976,10848,1315,-1966,-2490
