-924,-13568,8836,150,-99,-305
-496,-13532,8768,28,292,-84
-780,-13344,8872,-522,-8,159
-844,-13396,8916,-509,96,-149
-828,-13520,8872,-272,25,-384
-956,-13476,9076,-206,61,-328
-696,-13460,9168,-356,-156,-256
-828,-13500,8836,-449,-289,-88
-288,-13460,8632,-307,-167,-122
-828,-13572,9016,-376,-169,-78
-628,-13684,8804,-456,73,67
-524,-13480,8748,-483,779,593
-172,-13224,8908,-530,2014,2351
-952,-13440,9288,-1850,3036,3129
-17888,-672,13244,-9146,4522,-1981
6000,-10500,10232,-4283,-708,-9713
332,-18924,15276,671,-216,-7019
-4520,-8628,12624,3716,-1659,-2346
-4412,-12660,8860,4652,-2831,3108
3240,-18164,4540,8039,-5539,2081
-1492,-17440,10808,6927,-3413,1113
204,-14808,7608,2755,-5740,2030
-1292,-12096,8716,2303,-4974,2130
-312,-13512,7516,3523,-5021,761
-44,-11448,8724,2299,-4343,291
180,-12492,12776,3482,-5970,1757
344,-13488,10480,5187,-4159,3412
2064,-13124,10144,2491,-3735,2139
-1436,-12472,9772,1742,-2783,3641
-1404,-11280,9488,95,-926,6252
1432,-13328,11804,-1046,1185,5678
168,-12884,10208,-385,1345,2748
268,-11852,8988,-4298,3444,3674
-820,-14628,12784,-9126,4415,2618
944,-12800,9376,-8743,6360,1647
684,-12504,8564,-5761,8897,-403
-1060,-13904,11408,-5161,7780,-1633
-1868,-12576,8652,-7045,3506,-1762
-900,-12996,7920,-7891,486,-2153
-2748,-12852,6112,-8341,4493,-2201
-3408,-10860,6968,-10411,8888,-2445
-8284,-7956,5476,-12941,7670,-2673
-2600,-32768,22844,-9818,10062,-4229
3856,-23272,21328,-1712,96,-6880
-56,-6592,-2800,-2242,1164,173
-12392,-8540,-4364,-8251,-5630,3594
3368,-32768,14300,-810,-1514,3057
-3048,-10656,-2504,814,-3714,7077
-6652,7704,-6520,165,-3680,7068
-10676,-19680,-2568,9769,-1213,7208
-1516,-16800,2820,11489,-1266,1688
6432,-22076,6928,10059,-6411,-4135
676,-17144,5504,7304,-3973,-4901
-4280,-12124,7404,4411,-2057,-2119
2380,-19596,10528,3870,2897,-3294
4340,-18828,12128,2846,3826,-4166
-3444,-13648,8644,2079,3741,-3354
-6184,-14612,9212,236,1666,-295
-2812,-13752,9088,182,-929,-349
-1288,-13824,8044,-357,-293,-571
-1320,-13768,8416,-108,-472,-1079
-712,-13588,8416,72,248,-348
-1388,-13640,8896,-36,160,-197
-1572,-13844,8684,-750,727,-302
-1036,-13728,8456,-369,28,-251
