-1796,-12736,9572,-422,-65,-193
-2032,-13104,9688,-449,-478,-321
-1808,-12764,9444,-554,-272,-260
-1948,-12936,9380,-350,-231,-226
-1824,-12776,9812,-266,-427,-431
-1952,-12980,9700,-645,-298,-328
-1008,-12624,9048,-616,-710,-824
-2052,-13080,9992,121,-1496,-821
-1680,-12804,9196,83,-1460,-1171
-1552,-12808,9680,19,-1676,-410
-572,-11392,9144,675,-2221,-620
-2048,-12456,10944,2013,-3106,-1882
8284,-22888,24412,-2512,-16541,-1
-17204,-15512,29824,-4834,250,8807
-5976,-11112,11764,1424,-2054,424
304,-9280,2040,2430,-1499,1969
-3128,-8576,4616,33,364,2625
1044,-12852,11132,870,-3237,515
1272,-19948,19872,4146,-6057,562
-648,-14344,11380,1081,-2612,2065
-2192,-6012,5128,-1070,-2279,1569
-12,-13684,12508,-788,395,2968
-464,-14456,12984,-3016,3034,4053
-1224,-13092,10992,-5851,4773,2907
-1476,-11408,9356,-4887,5719,809
-1652,-12944,8844,-2366,5365,309
-2228,-13760,10132,-101,3864,-1950
-3156,-13696,9488,-735,2737,-4077
-3732,-13092,8868,741,4022,-2553
-4052,-11924,8092,-87,4063,-1753
-4148,-12776,9640,-1492,3926,-2495
-5060,-12324,8020,698,4389,-1956
-3612,-13612,10156,-1434,918,-4733
-5024,-12848,9604,-1618,1292,-4071
-3640,-13608,9100,-2327,2154,-2230
-2752,-11616,8532,-4952,340,-3451
-4148,-14060,7836,-2026,1704,-2326
-3340,-14028,9872,-278,-109,-3135
-4208,-12368,6928,-1471,518,-2809
-3852,-11312,4440,-1987,-541,-2738
-2636,-15204,13032,-354,-1101,-2292
-3396,-8732,4328,-3040,-2003,-2352
-3788,-13140,10828,-2174,-746,-554
-3300,-11396,7732,-2233,-1836,351
-4956,-11156,5188,-1269,596,3381
-2400,-13080,9204,-2389,-2205,1649
-1124,-13572,9056,-234,-2470,1572
-92,-14624,9888,-434,-3149,-282
-736,-13696,9452,-1,-151,1255
-760,-13872,9820,1461,1272,2501
-1428,-14492,9000,-562,712,1246
860,-13664,8420,-10563,1565,730
-4308,-12760,7972,-32768,-835,2219
-8388,-15984,18512,-32768,22319,11555
-16796,-27488,31496,-32059,22722,10471
-32420,-32768,32767,-31581,1128,3229
-7124,-7944,8244,-31619,-12515,3273
32767,-32768,32767,32767,-29236,-20987
-32768,-22040,31904,-3507,-278,4671
5912,-5500,-6936,2009,8288,538
-11800,-19872,22100,-1109,-1056,364
-5036,-13644,10528,1109,2118,-1167
-2884,-14280,12996,1669,-2481,-3554
-4912,-13520,12932,-980,476,-763
-5992,-12352,8328,-1984,-2111,-1456
-3716,-6416,1172,-247,-1873,-2680
-8476,32767,-19376,-1820,-4740,-4428
-12256,6700,-4136,-8471,-21208,1773
-26664,32767,6036,9659,-21119,-6398
-18844,-32768,24872,32767,15821,20459
-10720,-12556,20052,-23812,1588,-3944
8956,-15632,-900,-10860,-514,-8729
11396,-26828,-684,-9676,-27240,8023
-1012,-16912,6540,-4102,-1114,-7575
22016,-25444,8516,-1179,-9380,-6014
-1908,-13572,9940,1837,-2134,-1560
-848,-12940,8372,2779,14,1085
-1496,-12888,9240,2497,-96,351
-1620,-13104,9928,2484,-177,-504
-1704,-12348,9976,1636,148,-425
-1720,-12740,10128,224,-477,-998
-1748,-12692,9924,250,-41,-526
-1568,-12852,9912,-252,370,146
-1372,-12664,9900,-156,248,-117
-1464,-12940,9956,-392,96,-432
-1260,-12776,9628,797,276,-146
