-3132,-13908,7776,-770,145,-237
-3176,-13828,7972,-573,-45,-447
-3028,-13860,7856,-753,-6,-564
-3384,-13556,7812,-1854,-442,-1362
-3612,-14056,7480,-3020,-1455,-3384
-3492,-14008,7560,-3509,-395,-6099
-4056,-14196,7104,-573,-4173,-5022
572,-12440,5544,1609,-7244,-16580
4108,-23544,10152,4968,-9682,-4091
-640,-16128,8620,1719,-3220,1319
-1240,-11876,1840,-2428,1793,3142
-236,-15616,6388,1635,1199,3939
3116,-11276,2872,-88,-614,3805
3092,-15824,7148,-3871,8202,6058
28,-14908,7128,-9823,5532,1229
-384,-14760,8220,-8651,5360,-1159
-1108,-13676,4520,-2952,8798,-3324
-7336,-12316,3836,1666,7415,-1610
-6904,-14420,5788,-223,3370,-3307
-5696,-14584,4588,439,2767,-4673
-8884,-14176,6636,-2464,3230,-7274
-8784,-11784,5388,-2082,-1829,-7801
-5840,-16296,9036,-5168,718,-2918
-6156,-13080,6816,-5948,-68,1785
-3608,-15844,8696,2434,-5766,-227
-3488,-11864,8176,5290,-4222,2421
416,-13472,8328,5659,-3819,2840
3360,-15580,10536,1299,-3246,-562
3280,-15196,7148,-2189,1691,523
1552,-16976,7172,-2928,2643,3300
108,-29392,15396,-12500,8593,9954
4696,-32768,32288,5558,-1205,612
4292,-14204,996,-5299,6905,1944
-3436,-17008,8064,-11561,-1035,-1156
-1652,-12616,2428,-4788,5772,-250
-6728,-18756,10228,3257,448,-496
-8716,-16584,7544,388,-692,883
-8460,-15264,3608,1266,-2223,143
-8816,-13380,5020,5041,-4772,-2321
-3376,-11876,460,-351,-6142,-4758
-4604,-15024,4956,5078,-6721,-3050
-256,-16980,4656,1065,-5855,-1838
2200,-17552,6896,-6344,-4699,-5495
-1300,-12652,8504,-4569,7648,-2760
-592,-14668,6248,168,-181,1880
-1412,-14988,5584,4065,1538,3726
-2128,-14624,7048,5667,768,2038
-3428,-14712,8084,4300,677,580
-2316,-14056,7708,2814,304,-624
-2200,-14184,7876,1481,209,-439
-2416,-14040,7572,17,630,-459
-2196,-14020,7976,-1200,346,-641
