-1092,-10508,13308,-393,-131,-82
-1128,-10156,12424,-272,62,-197
-1668,-10112,12828,-157,-312,107
-1012,-10056,13080,-528,-144,136
-816,-9048,12260,-1480,642,-732
1300,-9088,12440,-2549,1976,-2389
816,-8820,12336,-2430,2752,-5270
4288,-8728,9916,-4349,5505,-8248
308,-8948,10712,-2896,11483,-14938
-4480,-9292,13344,-7465,9884,-9975
-1132,-11064,13216,-9442,7311,-6276
-192,-12464,11168,-9885,5574,-8263
-5816,-12944,14616,-7468,-589,-6465
-4312,-13236,10616,-5371,-1618,-4393
-1376,-24744,22256,1944,-7211,-1257
-5596,-14204,10096,5465,-16029,9228
-9412,-14348,8832,4860,-19042,21188
-4332,-16544,5904,1669,-16794,21487
-4756,-17012,7216,-972,-18521,20400
-2128,-18056,3184,-5136,-17294,19211
728,-16596,1836,-7400,-11310,18657
5088,-18940,1712,-5257,-9938,9778
9772,-20312,6940,1966,5611,-2253
6860,-14156,8400,-1834,5384,-14767
3964,-15756,3268,-2579,20555,-21911
2168,-16764,6632,-3381,25006,-28575
-7184,-14020,9584,-7886,24306,-25646
-9492,-12508,9144,-5147,18885,-19468
-9196,-13488,9492,146,7174,-6853
-7892,-12484,13628,-2397,2259,1455
-6924,-11248,13088,-3526,503,10858
-4536,-9164,12132,2741,-377,21624
4308,-9200,15192,3181,-2143,21350
3172,-11024,19084,191,-9512,13631
6432,-12720,13960,736,-15871,10817
1372,-14924,12252,3926,-14684,467
2036,-14052,11428,-764,-6848,-4833
9516,-13712,7912,-2495,-693,-11453
-780,-11972,12456,-516,11443,-13067
-2528,-13988,11996,-2686,6838,-12449
-5156,-12124,8180,-3769,1564,-9143
-7828,-13660,11332,-1992,-5808,-3423
-4136,-15384,7624,957,-6139,1200
-5048,-15716,7524,218,-7613,871
-3616,-15092,8032,2738,-10365,4942
-4672,-16204,7500,7186,-11677,10925
-7000,-15732,8432,9192,-11658,13946
160,-17184,7008,5391,-8773,16778
804,-19052,8832,-3196,-10425,21856
3948,-18088,6392,-5970,-8712,18975
4008,-14836,9668,3918,-6984,5105
3772,-14400,7144,1023,-2602,-3587
80,-14800,12004,2279,-6988,-791
3828,-13572,7652,3554,-1979,-952
3188,-11096,6728,632,2248,-3876
2656,-12880,11852,2357,5959,-5451
1288,-10520,11356,5002,5493,-6332
4760,-9408,7216,4847,6562,-9305
-132,-8988,12412,5163,6467,-10495
-1428,-8508,13076,2738,3545,-6739
