-52,-12104,10560,-199,200,-84
20,-12196,10812,-196,273,-88
4,-12088,10804,-132,120,-282
-112,-12068,10852,-6,126,-301
60,-11964,10948,-15,188,-43
20,-12184,10716,88,168,-62
-76,-11960,10804,59,270,12
156,-12024,10660,-70,401,321
84,-11960,11024,-461,707,885
232,-11888,10504,-1049,1498,1410
992,-12140,10824,-2241,2132,2163
30472,-32768,32767,-4315,-8248,-21393
-3820,-16652,15612,-1459,-1872,-4523
-424,-8764,3100,-3171,2445,-249
3548,-17380,16220,-1275,-4618,-5772
2440,-12428,17548,-1486,-4126,-3670
-1372,-20860,22132,460,-3589,-2510
-1692,-13412,11392,-1241,-6885,3704
676,-13436,7400,3042,-6245,5143
-3320,-9212,11616,-402,-5508,4730
84,-14928,9924,-1673,-6535,5413
-600,-14420,8680,-2847,-2777,4188
-764,-13404,8384,-2948,-266,4575
372,-9936,3440,-2864,3518,3064
8252,-17352,7224,-2855,7133,-546
6336,-14728,12188,-4507,9699,-5972
960,-15612,11680,-1809,4265,-8698
-1500,-15424,14440,-3393,374,-5351
2176,-8948,2168,-3328,3320,-250
-6952,-12636,14456,-1286,915,1512
-4140,-13852,11736,-810,-646,1421
-1520,-19224,13432,-750,-2585,5480
-6864,-7288,16176,2992,-4120,5017
-7036,-6388,5628,467,-5051,3187
12700,-11364,14572,6693,496,-3192
16456,-19376,9676,2344,-3451,-2572
5120,-16004,12736,669,199,-8261
1316,-9644,424,1209,3046,-4968
-880,-16120,12996,3916,-929,-4530
-32768,-2772,-12272,-4444,11041,8223
-22272,-7632,1124,-3537,3813,6302
632,-12284,2144,-1559,-649,-588
-196,-12688,8796,-309,-1548,-2150
704,-12472,9856,1379,-744,-2078
852,-12168,10192,2115,267,-584
416,-12164,10516,1329,256,1003
-124,-12348,10588,883,652,1005
