628,-10940,12096,-146,106,-297
652,-10860,12068,-187,47,-182
456,-10832,12044,-203,263,-112
628,-10792,11984,-165,45,-167
716,-10688,11900,-91,207,-96
352,-10916,11960,138,-1,-405
456,-10788,11928,152,-316,-709
1052,-10596,11968,64,102,-504
1020,-10472,12192,-174,1002,176
560,-10500,12300,-689,1723,1538
432,-10620,12392,-1473,2731,2835
-432,-10704,12864,-3254,3450,2504
-19788,-8904,16668,1228,21075,-12489
-780,-7352,13848,266,-536,-6808
1568,-9252,12628,-792,-511,-2101
472,-8680,12504,-765,-2589,-1856
-1304,-10736,11500,1467,-5017,-583
-2816,-10896,11716,-1585,-7386,1922
-5676,-10804,12372,2486,-10888,8251
-720,-13072,7680,4122,-6198,11688
2744,-15212,7988,3175,-9305,7747
1860,-16452,8360,221,-6207,3749
3928,-14728,8872,-5206,206,6910
6492,-11948,10080,-4103,4849,1637
8820,-11148,9920,1062,13104,-2803
5520,-11724,10932,829,15053,-4113
2620,-11812,11080,-2242,8754,-6945
-2156,-11020,11640,-2847,2973,-6228
-4728,-10588,11560,-4095,3868,-4245
-4892,-9760,11320,-3379,-260,-3501
-5360,-9764,13004,-1228,-2278,-3984
-4268,-8180,13632,-1517,-6198,-2445
-2448,-9492,15396,-2862,-3029,5904
1368,-8420,14948,18,-5329,8049
7172,-8700,13160,3602,-1709,2902
8384,-10848,11896,1868,3374,431
6008,-10612,10284,548,6193,103
4336,-11180,10972,1740,5593,-2424
388,-10100,9096,3837,5033,-5502
-2636,-13404,10432,316,5374,-1721
-8468,-10144,4072,-2520,3011,676
-1844,-12500,9096,-1729,-1333,51
-1892,-13296,9444,-4125,-2173,-1661
724,-11440,11008,-482,-3999,-3715
1236,-11404,11616,1293,-2404,-1871
1688,-11000,11816,2055,-166,870
912,-10888,12192,1855,797,1941
-144,-10836,12220,1058,877,780
