-644,-11596,11608,-640,596,49
212,-11564,11096,-997,-76,-771
8,-11532,11600,-1085,51,-746
196,-11744,11400,-863,-169,-475
528,-11508,11128,-653,85,-232
388,-11612,11376,-347,-11,127
676,-11464,11220,-216,1054,566
2044,-11144,10840,-147,3323,2484
796,-11044,11684,-723,7522,5119
-1672,-9168,13112,-1562,9457,3995
-4404,-15908,14560,375,1312,-10074
-12164,-7260,7088,-506,5332,-3214
-2104,-4304,8800,-436,-1492,-1366
-2956,-9672,12552,-792,-6538,-2026
-3384,-11180,9408,1321,-8741,-213
-3036,-12732,10564,308,-6730,2684
-3240,-11912,11520,2151,-7425,7081
2180,-15724,12924,3180,-9689,7851
5260,-16180,9180,764,-5203,3079
-616,-13352,9636,-1986,-3004,5837
1400,-13496,9384,-5890,1618,12549
6652,-13872,10124,-289,6431,3933
1464,-13784,11360,627,7407,-1635
424,-13308,9908,-3631,11066,-3794
616,-11208,9164,-6447,7880,-7704
-5324,-11344,11684,-4146,3726,-6309
-4448,-11744,12268,-3112,2087,-4079
-5420,-12004,11216,-2846,1514,-4653
-4516,-10144,11552,-2658,-1268,-3327
-3832,-11164,12168,544,-4989,-3378
-2528,-10120,10464,-2547,-2397,2727
948,-10016,12796,-5031,-2691,6090
6236,-11064,11868,-1362,-1849,3488
5536,-13864,12180,1038,511,977
3688,-11720,11724,5215,854,2065
4004,-13140,13324,6747,3141,-1071
5476,-11468,11440,6686,3966,-5562
2860,-11080,5096,3211,2183,-3464
-3684,-14648,10432,1586,3531,-3256
-24036,-21048,10372,-3552,3236,1600
-13496,-16112,13232,-3519,1296,1941
-1464,-12364,10992,-750,-1534,-3340
384,-11832,10780,1054,-2094,-3803
1568,-11348,10892,1716,-804,-810
