-460,-13856,8464,-10,200,-238
-424,-13736,8544,-68,82,-220
-376,-13872,8492,70,99,-174
-288,-13764,8812,92,-184,-182
-564,-13692,8684,-155,121,-52
-516,-13848,8656,-99,-139,-142
-532,-13744,8572,54,4,-217
-708,-13700,8764,-51,160,-270
-816,-13956,8884,-62,80,-255
-532,-13672,8644,-125,-101,-185
-692,-13736,8888,-155,138,-190
-568,-13756,8732,-195,-85,-212
-736,-13656,8624,-269,178,-35
-676,-13816,8748,-338,132,-72
-660,-13724,8720,-354,239,82
-708,-13700,8800,-393,352,79
-388,-13540,8756,-475,619,298
-296,-13632,8764,-705,1573,871
-848,-13592,8776,-893,2145,1136
-152,-13280,8700,-1135,2328,1197
36,-12484,9896,-660,-902,-2589
-3612,-8296,3404,-610,301,22
-4232,-16164,7000,-1543,2916,-1460
1252,-17088,10564,-511,1641,-3690
-2404,-12432,9292,621,-1380,-2980
-4500,-15468,8132,1296,-246,1201
488,-13384,13044,2079,-1594,-1063
2108,-12944,10972,3906,-2866,-3557
36,-15420,11632,3969,-3392,-1496
912,-8976,6616,1729,-2572,885
-860,-15876,9308,3697,-2179,75
180,-13024,10256,2609,-3771,-1183
468,-11388,10832,1981,-3785,-650
364,-13064,10124,2798,-3741,-524
-704,-12120,10576,4825,-4157,369
1152,-11708,8664,5420,-5721,1704
2312,-12560,10052,5270,-5054,1548
568,-12032,9748,2472,-3134,615
-164,-11224,9584,1262,-3130,2766
772,-11520,11864,1331,-3374,4652
2452,-12844,9988,201,-2772,4517
3336,-13952,11352,-824,-1722,2474
2124,-13116,9316,-2448,843,3213
2088,-11956,10176,-3939,2447,2993
3220,-13016,9488,-5405,6336,2907
3156,-12584,10032,-5387,6752,1647
2400,-12204,11580,-6148,6474,-213
1424,-12772,11000,-3440,7853,-2145
-1108,-13336,9024,-2384,5366,-2470
-896,-13900,9736,-4748,4476,-3092
164,-13724,8996,-7937,7975,-3242
-1928,-14252,8536,-10807,8214,-4838
-3732,-13676,8708,-12025,6502,-3752
-7664,-13708,4488,-13757,5748,-2342
-4660,-18532,12716,-11998,-1469,-2685
-4988,-15536,8928,-10371,1871,1109
-3684,-11008,-3080,-6822,-2096,-508
-6820,-5112,-13492,-7400,23,6306
-3816,-7832,-7608,-4211,-1774,6298
-5152,-6232,2072,-672,-3517,6451
4364,-32768,5928,9158,-1052,3767
3952,-10988,12844,8404,-8779,2448
11308,-9376,30864,12464,-7479,-3701
3116,-11432,5492,13178,-9500,207
3500,-12644,5712,11342,-3879,-3645
2824,-16032,5420,7078,-628,-1911
-568,-14132,3684,4746,2104,-3021
876,-12300,10080,3659,2227,-5666
1984,-18268,13708,4718,-44,-6321
-1644,-10620,7992,2957,-102,-2859
-4864,-16808,11332,596,2808,-1072
-5432,-11296,9012,1844,131,-934
-2820,-14928,10748,29,-1930,127
-812,-12848,10044,-64,549,267
-616,-12772,9964,-353,44,-680
-912,-12744,9848,-290,-268,-1010
-100,-12756,9972,-218,-194,-895
-444,-12800,9864,-339,332,-891
-164,-12704,10080,-172,-66,-400
-428,-12660,9964,-615,-283,-433
-180,-12792,9912,-438,42,-545
-184,-12760,9936,33,104,-688
