256,-11900,10744,-69,236,-107
136,-11756,11100,-144,79,-112
328,-11856,11056,-179,225,-43
36,-12000,10876,-437,252,54
372,-11856,10848,-480,93,-133
260,-11956,10988,-478,262,8
148,-11892,10968,-591,738,105
232,-11888,11168,-1055,882,69
-416,-11700,11480,-1767,2432,1049
-128,-11884,11224,-3475,1305,1656
14792,-7816,11652,677,3304,-10162
-1960,-11660,14940,1598,-5392,-4831
-1864,-11804,13820,-385,-1915,-445
-1648,-10324,18852,-1983,-4552,-1680
-4196,-11752,10428,-940,-5036,2963
-1948,-14908,9480,2177,-8331,5573
-5412,-13064,13436,-309,-11633,4520
-3220,-14292,7244,-54,-5981,3529
1432,-10760,5596,-578,700,4026
1380,-15176,8024,-850,-1404,4769
2896,-13148,9976,80,1382,4666
3132,-12468,8552,1661,3801,2961
3944,-13516,8500,2139,9788,-674
1088,-13140,11736,-1684,10369,-3152
1216,-9076,6744,-4202,8644,-5513
-648,-16836,12384,-8804,2888,-10657
-3024,-14040,15628,-9480,7201,-6877
-12096,-10584,12332,-6169,2087,-53
-9920,-9644,-168,-3717,2588,3551
-8468,-9224,9080,-2120,426,4284
-9756,-10984,18272,-2603,-953,4882
-300,-18552,14960,2304,-3430,3759
5152,-16740,13364,2577,-4780,3100
3952,-4872,15224,3550,-6597,906
-5836,-16300,8756,1509,3694,1037
9136,-14140,8244,2368,136,-3863
14960,-13336,5612,4290,889,-3648
7484,-9548,11988,4056,-1689,-3602
6644,-18328,4504,3616,5337,-5049
1540,-20968,14408,20,-783,-2331
-596,-24780,11852,686,16,-1822
-3188,-13104,9900,-1227,-3506,-1237
-756,-14024,8992,-2436,-1027,-1800
120,-12636,10004,-477,-1147,-2028
356,-12536,10140,702,-573,-629
456,-12536,9872,1607,256,506
