1416,-12480,10548,-605,485,-720
1804,-12464,10580,-351,216,-468
1568,-12044,10596,-157,49,-201
1988,-11768,9832,-1008,882,-478
1520,-12032,10448,-1672,1724,-1096
2220,-11132,8936,-2826,3676,-1056
3360,-11904,9896,-5015,5104,-3495
4484,-12216,10728,-5340,10385,-8779
5112,-10904,10016,-2895,13953,-14097
2820,-9268,8244,-2915,17905,-14940
-372,-11140,10848,-6807,13971,-10030
-3196,-14032,11912,-3225,10250,-7264
180,-15696,9240,-133,8955,-5375
-1512,-15700,9860,-854,3547,-6545
-4936,-12152,8896,-1703,3005,-1185
-116,-11552,6968,-10686,1753,-159
3452,-19872,3928,6693,3354,-7451
-7196,-13348,10000,2814,-13304,1898
-6292,-17264,6284,4940,-24176,19963
-10964,-17224,5204,6395,-27949,29219
-1520,-18976,4228,2843,-20770,16796
-384,-21492,5424,776,-22652,15889
9604,-19016,-1692,-6577,-16754,10434
14708,-18172,-4456,-5882,-3808,-2634
16992,-10176,6028,-5791,7536,-9330
13364,-16180,956,-7157,25948,-15872
3716,-16040,5492,-10128,30723,-30316
-5232,-16948,7220,-14238,25016,-28322
-4356,-14560,7668,-3148,13256,-7735
-5368,-14632,11044,5437,10153,-1612
-4368,-14088,14016,2626,-164,2697
-8516,-14048,14156,212,-54,8824
2760,-7648,8496,3171,-402,23594
3072,-9300,11824,6582,-365,27733
188,-9516,25136,1665,-646,10585
4820,-9868,15068,2750,-19737,24744
11184,-14712,11932,265,-22383,19015
7124,-13880,9872,-2231,-23410,-544
684,-11928,14444,-3623,-12625,-13171
1960,-13772,11936,-1558,11580,-15720
-8732,-15136,13364,-313,13717,-6074
-9480,-14592,11512,-1711,-420,-1244
-6728,-14740,9632,-3301,-6506,2235
-6720,-13020,7012,-1219,-9292,3915
-4892,-17672,4580,-1537,-8974,1041
-5264,-16512,4748,-911,-14747,1600
-7540,-16536,6812,3428,-19162,9912
-292,-16652,6420,4771,-12849,19868
11220,-19528,264,-2362,-6090,17406
6208,-16912,9264,-2265,-833,17046
5356,-18500,9704,8656,68,5947
7652,-14856,4624,9304,339,-7473
384,-11180,8304,5739,-1639,-10672
-412,-12864,10392,7290,1881,-8237
552,-11076,9800,6035,4311,-7125
332,-8300,6672,3591,6085,-6653
568,-10508,11800,817,931,-6128
984,-11044,12376,1458,-119,-3649
1232,-10548,11404,2693,-571,-3379
3960,-12740,12376,2353,1656,-5167
2016,-9272,11456,1199,2155,-2828
884,-9512,12912,483,-1383,-1945
1940,-9364,11652,-306,-5,-2869
1688,-9440,11860,-580,-34,-1412
-488,-10180,13700,-176,-2864,-306
2144,-10420,11788,81,179,-1189
1752,-10444,12012,-278,471,-711
2356,-10364,12368,516,821,-37
2492,-9688,11264,388,624,-259
2588,-10452,12280,-143,307,-491
2440,-10704,12720,-719,12,-121
1712,-10268,12144,-398,104,-500
1928,-10400,12020,-871,499,40
2724,-10036,11636,-721,474,-162
2244,-10784,12456,-1449,44,-760
2372,-10784,12256,-1163,836,-719
668,-10276,12056,-1296,13,-322
2232,-11364,12760,-969,-747,746
