976,-7092,14588,-240,1,-1083
1984,-7548,14616,-352,1502,-973
3016,-7224,12660,-1169,2677,-3457
4460,-6048,12568,-3360,4603,-4692
5396,-4880,11668,-6566,11393,-5121
6112,-6828,9920,-9742,15108,-10207
-76,-7596,11312,-9627,14409,-15102
-1092,-8716,11420,-14470,14946,-12903
-2788,-10336,13720,-13805,12116,-8273
-3028,-11856,11612,-12219,10332,-6309
-5696,-13676,11992,-8550,5084,-4772
-4328,-14524,10488,-6021,2011,-4799
-4540,-13580,8380,-7384,-598,-4374
4,-32768,32767,15017,-4209,-5607
-7704,-12784,7624,4006,-11537,1651
-6372,-14856,6788,4159,-21859,17635
-8240,-12792,6948,1280,-15140,20877
-1392,-17404,4868,209,-19480,27530
-3004,-14544,5992,-840,-13852,19910
4464,-20908,5508,799,-12540,9835
820,-18000,8776,-2741,-11853,11857
1276,-17096,6280,-8338,-7975,16354
6836,-17804,5536,-6538,2039,11575
7648,-17908,8476,753,12948,-4833
5732,-14004,9588,4907,19154,-10205
4288,-14824,10120,5816,19552,-16696
-6248,-14620,7012,3991,20002,-21607
-14524,-12572,6420,-828,15756,-15267
-12148,-11456,5748,-4512,7245,-8665
-14384,-10516,9132,-4726,2343,213
-11272,-9848,10036,-488,-2763,13
-6684,-8180,12544,3307,1977,6843
-5808,-9784,14132,-1596,-1047,12631
4456,-9024,8744,-2563,4635,20124
-2004,-10092,13240,-6090,-8484,14524
-1948,-11872,14832,-5767,-13462,11523
4760,-14716,11864,-2897,-15689,4258
4072,-14056,7240,-4427,-19040,-208
5676,-16200,8432,-2010,-13033,-3817
3188,-15776,8472,1847,4134,-12156
-4348,-15916,15212,2609,2327,-16996
-4720,-11876,3540,3007,12223,-15705
-8680,-14764,8120,993,14739,-9929
-8820,-13704,10292,-1127,2671,-10626
-6120,-13300,7720,-1074,-1033,-8174
-3408,-13120,7804,1000,347,-7563
-3840,-12920,5156,-423,-3193,-5114
-1088,-15184,8288,-351,-9872,195
-7020,-13672,11512,2261,-14891,11253
696,-16572,3768,6085,-11228,14382
-960,-19184,8676,-391,-9963,5208
-1336,-16812,6904,-9654,-18213,10115
924,-16568,5780,-12811,-9334,21596
4532,-16996,5384,-8327,-3673,17516
5896,-23996,16980,7320,-618,-4096
896,-19764,13864,14856,-4024,-15942
-2096,-13292,8864,19328,305,-9130
1640,-12544,9764,23257,2038,-717
916,-8952,7668,17791,7897,-2198
364,-9024,12320,12677,5009,-3987
-428,-4748,10520,12468,-1926,-3410
