-872,-10412,12096,2767,685,-1788
128,-10828,12276,490,387,-54
-332,-11080,12104,-723,744,408
-1164,-11104,11760,-1517,726,-79
-592,-11244,11460,-1652,-110,-681
272,-11352,11216,-1042,-485,-796
-184,-11432,11516,-621,-229,-385
124,-11284,11404,-390,-10,-87
188,-11344,11488,-211,355,18
92,-11240,11700,-501,671,527
612,-10972,11920,-902,2056,1844
1008,-10684,12580,-1457,6000,5230
32767,-3188,19396,9689,-18454,-21966
4396,-7152,9020,2593,-1707,-8215
-3876,-10052,12052,1402,-1316,-2506
-3468,-10552,13800,45,-2296,-1126
-3100,-12480,12016,-1214,-3211,-1035
-3636,-11020,12216,-3934,-7604,-426
-6056,-10548,12760,1019,-10445,5362
-808,-12116,9252,4605,-7844,7754
1708,-13224,7480,2315,-6820,6268
5428,-12144,2832,-1124,-4029,2008
5404,-13028,6784,-4292,3444,3820
7176,-13924,8620,-4861,10230,-330
2712,-13016,9500,-4902,11692,-6293
-2360,-13440,10024,-5350,9231,-6244
-2472,-12736,11212,-7801,1704,-5744
-5164,-12384,11928,-5618,3408,-3719
-5340,-11416,12036,-1835,1511,-3610
-4632,-11084,12152,-366,154,-3657
-3188,-10568,11352,-2220,-653,-1464
-2284,-10452,11488,-3296,-2557,1818
-892,-11676,13292,-2750,-2973,3691
-532,-10024,11340,-919,-3014,5113
604,-9608,14084,2024,-4963,6109
4820,-11720,7516,3855,-1004,4435
5340,-11368,10092,2632,-844,2622
7400,-12244,12992,4436,1517,-1593
4676,-13168,9016,5445,2295,-2782
-1484,-14328,6176,4438,7470,-5198
-4160,-21808,16700,3245,4257,-6205
-9452,-13792,7080,-1453,1430,-344
-3088,-16948,7100,-2504,72,-112
-1112,-12760,10092,-2319,-1326,-2512
428,-11772,10268,123,-2200,-2901
472,-11888,10748,990,-249,-984
92,-11744,11092,1096,730,524
188,-11736,11144,1834,19,1365
