-56,-13668,8640,-245,-88,-394
68,-13836,8644,-356,162,-290
20,-14040,8624,-389,248,-95
24,-13932,8588,-389,75,-110
-144,-13860,8552,-410,122,-222
124,-13936,8516,-186,-116,-396
212,-14068,9628,-150,135,-439
80,-13796,8592,-318,230,-233
352,-13764,8584,-261,298,-77
172,-13728,8848,-562,852,726
236,-13856,8484,-735,1412,1175
684,-13724,8400,-1436,2963,1134
23776,-1992,-17652,-1925,16013,-8112
-512,-12644,4608,-1252,103,-3917
4308,-11864,11016,-270,-142,-3382
-1004,-12368,6784,-49,3451,-1635
-2044,-13952,17560,1389,-1010,-3086
-2700,-9900,4724,2198,1846,1493
-1020,-13256,12572,3543,-2359,444
-208,-15892,15052,4026,-4803,-764
1016,-11940,8584,3921,-5439,2082
1252,-12908,8904,3887,-6131,1500
-776,-13308,8212,4153,-5436,1873
-716,-12136,10772,6135,-6383,2583
1164,-14352,9284,7477,-6681,2426
-364,-11096,11248,4559,-4335,3420
184,-11816,7980,4664,-2977,5221
-192,-13076,11124,4231,-3493,6113
3980,-11260,10780,661,397,7175
3976,-13332,11640,-754,-11,4664
796,-13056,7272,-2448,4192,2532
1128,-12132,10980,-6526,6360,1154
496,-12144,10716,-9597,7113,-720
1000,-12252,10792,-10605,8767,-2728
-520,-12052,10812,-6384,9415,-3322
-1912,-13188,9356,-3353,5666,-2308
-60,-14048,7792,-6361,4427,-2557
-412,-14304,8596,-10925,8429,-5225
-2080,-13972,7496,-10981,8041,-6028
-3312,-13768,8588,-7493,5401,-3671
964,-14692,5016,-7730,5223,-1522
5020,-19724,6800,-10943,-89,-4829
-3468,-6788,-3900,-11352,3515,289
-9000,-10620,5476,-6449,-4619,1401
-7272,-6380,-4116,-5310,-4939,4531
-6732,-16936,-812,-3351,-2299,4968
-10088,-1264,-2384,-1974,-7168,6076
5124,-24564,-1092,4726,-4948,4401
4544,-31456,10408,5078,-3173,2761
-176,-14584,3560,7520,-878,3673
2412,-9400,-1664,11238,-8811,-4094
-5484,-11948,2956,12363,-4042,-2074
1080,-12852,6420,7852,-1112,-1543
-784,-16980,8060,3787,913,-1921
3392,-18980,10052,3485,1039,-3859
1028,-11632,3196,1620,2524,-1462
-2896,-19492,8848,290,1600,-4199
-3048,-17088,8724,-276,718,-2531
-2516,-14092,8428,-840,-4365,-533
-1168,-13712,8576,-74,-267,-984
-988,-13720,8836,-250,-285,-853
-1760,-12872,9632,-75,299,-1001
-1024,-13552,8872,-21,-146,-576
-1084,-13680,8752,-242,-117,-363
-980,-13572,8988,-497,131,64
-1108,-13716,8744,-549,51,-110
