3236,-11068,15416,2253,-338,125
1340,-8964,13448,1000,1772,-1601
440,-7964,14060,-864,1569,-1214
1416,-8188,13944,535,2026,-2146
1664,-6668,11812,-1764,2470,-3479
5376,-7724,12440,-3741,3640,-5611
2144,-6152,12876,-4713,6340,-6576
3780,-9016,13276,-627,4246,-3610
3636,-6816,10624,-2941,7330,-7842
744,-5736,7848,-12523,5517,-6792
2736,-10308,9208,-15616,11782,-4998
-2308,-14768,13960,-10013,9925,-3443
-2660,-14360,13848,-11486,5473,-4578
-4720,-15096,12448,2481,7451,-2625
-3240,-12668,3460,-9165,340,-4060
-4008,-13180,12316,-11551,972,-2034
-2292,-12464,8036,3843,-5834,1302
-88,-13760,5928,-3055,-7699,-4093
-3572,-15092,6444,-3553,-7593,-1214
-7292,-15540,5760,1854,-17653,18185
-4680,-16864,6304,2684,-19120,27208
-2456,-16296,1800,735,-16010,20386
3892,-18492,2964,-416,-13857,12938
5552,-20288,4168,-4597,-17175,6763
6276,-17576,3756,-7024,-5298,6981
920,-17304,9328,-3132,2130,5073
6208,-15220,7448,-3074,4612,-814
7704,-16208,7188,-2139,10922,-7009
9552,-17212,6848,1794,19542,-18234
64,-14608,7340,6557,28479,-32768
-11064,-14772,10224,6982,22801,-17268
-13412,-14292,7740,4814,12577,-10994
-13480,-14256,8236,1995,8679,-8738
-8832,-14112,9676,-2688,5028,-7784
-6104,-12824,10128,-2191,6120,-6738
-7000,-11040,11592,-2087,6261,-285
-5800,-10660,13936,-3273,-1349,12789
904,-7984,10296,-3500,-12799,23401
108,-7716,10952,-806,-3766,30448
500,-11552,17432,-2582,-2752,14761
6900,-14900,15564,-1333,-18120,2099
4956,-13472,11364,-6512,-23801,-47
6248,-14884,7916,280,-15343,-9063
8564,-12876,8616,2163,-6855,-12047
-4376,-15988,13376,1973,4922,-11828
-2512,-12920,5668,492,12131,-9974
-6788,-14976,9536,-2382,5864,-2953
-5320,-13044,8328,-2918,-3350,1883
-3720,-13696,8768,-3727,-1893,2490
-3920,-12884,6820,-1259,-3459,5494
-1408,-15800,5584,2301,-3007,5764
-6884,-14248,8316,1750,-1112,5146
-5820,-14536,7968,-2034,-7089,2208
-6448,-14356,3868,-2012,-16225,6330
-12500,-15264,8572,813,-15047,17415
-276,-16324,3576,139,-14482,18212
4964,-20280,7044,-6734,-18521,6726
3136,-18808,6544,-15680,-11158,4595
6908,-23964,16932,3215,-8507,2567
8464,-18392,7788,13917,-1208,-9458
848,-13132,6028,13383,7330,-16105
-1936,-11460,9468,13180,6788,-11453
-160,-10012,8600,13622,6736,-5982
