-2448,-14784,6348,-2213,-664,-73
-2160,-14832,6052,215,-84,-471
-2444,-14788,6640,432,265,10
-2548,-14636,6648,-140,77,-119
-2464,-14836,6468,-104,-545,-966
-2956,-14700,6816,102,-1262,-1993
-3360,-15292,8188,173,-6160,-1526
-20,-12136,5640,-1498,-3494,-4082
-4316,-10408,3716,5992,-3217,-126
-5412,-12504,6652,3908,-3237,3276
996,-13000,5964,1753,-3421,2717
-2488,-11744,3320,-715,875,2864
-1420,-13972,6064,-4094,997,2548
976,-16604,8380,-888,930,3292
-440,-14688,6544,-1095,1351,3065
-652,-13944,6944,228,3007,2835
-856,-14648,7900,-1801,3083,1678
-56,-15004,7812,-2475,2720,-842
-2492,-14316,8116,-1419,4435,-2016
-2820,-14824,7012,503,13988,-354
-2508,-14000,4620,-36,4077,-767
-4264,-14004,7972,-985,3326,-2089
-5820,-15180,8108,-1010,3706,-2184
-3596,-16036,6648,-65,1674,-2735
-3568,-17312,2784,-1752,2257,-3154
-1292,-17736,1644,-2275,8280,-4216
-4396,-12908,6972,-1691,6467,-4510
-5440,-12920,5212,-4056,3462,-4122
-6160,-12500,5492,-4639,1488,-3052
-4448,-12676,6212,-708,1141,-1322
-3936,-14224,6168,2184,-2931,-1397
-4732,-14108,7848,-205,-1613,1426
-2976,-13984,7356,907,-4436,586
4132,-15704,7824,1357,337,1674
-4988,-16532,11300,5081,2106,1996
-940,-13996,8352,1595,-881,1495
-304,-14552,8276,1090,-1126,708
-72,-13920,6624,4487,-757,1790
-960,-13472,6580,882,163,296
-1044,-14460,6668,1578,611,1129
-1584,-15888,9336,1721,898,2174
-3484,-15044,6628,2045,634,1914
-2744,-12812,5788,153,-179,-1105
520,-19400,16432,-1133,-1165,-1338
-1740,-16240,7748,-1998,1069,-1329
-2920,-13564,7296,-664,2035,-838
-2796,-14536,8680,-686,870,-962
-3620,-14020,7636,-1169,135,-2249
-3732,-13184,9404,-166,-1565,-2422
-2572,-14864,10664,726,-3094,-2244
-5604,-14868,7824,176,-3567,-810
-1916,-17652,5680,749,-4345,-2863
-4944,-12272,7256,-3686,-10406,-796
-3768,-13076,6332,-2920,-10608,673
-2292,-15072,5188,-1839,-7419,481
-1948,-14480,6516,-4999,-2749,-191
-3180,-16180,6932,-11293,549,-1494
-1100,-15068,5852,-4392,-284,370
-940,-14824,5572,-3115,649,3111
-2276,-15400,5324,-1761,916,3273
-2128,-15688,4992,2092,870,1386
