-564,-12116,10940,-328,214,-195
-536,-12148,10804,-245,256,-301
-460,-12104,10720,-13,114,-470
-488,-12048,10884,-87,221,-304
-420,-11948,10672,47,213,-89
-416,-12024,10948,158,87,-131
-292,-11976,10916,-46,125,-152
-512,-12028,10916,-255,135,30
-532,-11964,10948,-348,82,-71
-380,-11884,10936,-502,44,-250
-348,-12128,10968,-517,128,-80
-524,-11908,10820,-362,94,258
-148,-11908,10772,-234,320,818
-24,-11912,10816,-616,853,1773
-84,-11904,10888,-1300,1952,2626
32767,-56,6504,5791,-13401,-16850
-4004,-5972,5388,-696,-966,-4810
-4752,-12724,11976,-4167,-150,-3265
6880,-13824,11264,-3275,-3804,-5321
-4448,-9172,10648,-2342,-4543,-1634
-1740,-13012,11728,343,-8909,2056
-1116,-13592,5804,2510,-7074,5210
528,-17968,7448,342,-8083,4858
6452,-17220,5612,-2847,-10272,-424
972,-14204,7868,311,-1538,-2499
4424,-13056,6308,1084,-911,2733
3708,-13204,8084,1733,2864,4523
3240,-12688,8936,2658,6073,2812
3352,-13304,8848,917,10712,114
1160,-13572,10796,-1303,10990,-3175
-1304,-13612,11772,-2099,4805,-4225
-1816,-12012,10572,-4689,3274,-3530
-4160,-11836,12476,-3322,485,-3127
-2228,-11412,11748,-2352,260,-2688
-800,-10924,10508,-2814,-1730,-1715
4,-11792,13020,-3203,-1974,-1070
-6432,-12776,12836,-5695,-1735,6352
-4236,-6912,9428,-8523,-3118,13689
4428,-2976,9064,1574,-4553,3833
3196,-13052,13072,2910,-3990,-5370
6152,-12488,6472,1398,2469,693
13324,-16188,12372,2767,1611,-4351
4872,-14368,12380,2113,105,-7908
4728,-22604,24584,235,-3290,-5231
-3308,-16064,15188,1489,3590,-736
8276,-9520,1412,227,-3495,-982
-868,-12256,9936,-1106,-3046,-1957
216,-12916,9676,59,-1577,-3595
1024,-12664,9428,1537,-330,-2939
1504,-12260,10076,1949,427,-627
476,-12196,10792,1497,911,1131
84,-12384,10688,717,665,1296
