444,-12776,10060,-475,215,-98
716,-12740,10024,-477,81,-144
552,-12780,10064,-603,14,-244
772,-12712,9780,-725,-59,-240
724,-12796,9928,-666,136,-61
608,-12800,9808,-536,125,-102
584,-12828,9936,-417,316,-248
708,-12760,10168,-509,-54,-404
720,-12848,10072,-627,-142,-362
592,-13012,10400,-1064,-333,-482
684,-13056,11056,-2002,-854,-657
672,-13296,9712,-2598,-1463,-34
672,-13696,10072,-1016,-1550,-128
2056,-12284,5040,2681,-1380,1896
536,-12320,8796,330,-1731,2083
-1124,-12168,10104,-338,-1727,2379
1604,-12200,7276,-480,-1919,3660
1532,-11688,6876,-4372,779,2326
1248,-15376,9364,2208,-790,-1160
1112,-12656,9180,-369,1652,867
1192,-13104,9460,-221,2568,2079
2724,-13884,10372,-2779,2162,-2846
1620,-13320,10256,-4333,3858,-6779
584,-12636,10568,-2887,2467,-6032
-1708,-13180,10436,-81,1829,-3790
-2700,-12000,9664,653,-443,-854
-552,-10360,10732,1217,-2867,394
1788,-13336,9936,3463,-1794,229
184,-12928,8336,4077,-1827,-937
1056,-13720,11060,2086,-457,-1423
1200,-11948,10664,1921,-63,-1121
752,-12464,9648,1309,290,-1301
728,-13172,9000,760,-710,-1054
552,-13452,9812,1837,-3000,25
1360,-12760,9616,1471,-3104,594
1432,-13092,9412,2263,-2796,1257
-548,-12332,9392,5193,-4370,2684
-40,-11572,10396,4707,-3776,3149
2220,-12692,9800,3104,-1264,4854
620,-12356,10744,2255,-5247,7231
4580,-11440,10296,-87,-813,7042
3576,-13120,8112,-1914,-355,3475
2536,-12272,9084,-3743,2014,3514
2104,-12144,8172,-5947,4618,4096
1784,-12032,9508,-6630,4978,1205
692,-13164,12480,-6137,4898,-573
2156,-12048,10396,-6453,4544,-465
864,-12652,8856,-6206,4014,-1840
-240,-13528,9008,-7125,5221,-3407
-1152,-14192,9588,-7447,7729,-3909
140,-13416,7152,-6952,7322,-2965
-2044,-13316,8756,-7397,7084,-2006
-2700,-14128,9348,-5009,1956,-1895
-2104,-14280,7328,-2478,694,-1701
-2204,-13896,6568,-3048,136,-401
-1500,-15020,8880,-4786,-1257,-396
-776,-15744,6884,-4305,-1669,349
-624,-15040,6280,-1829,-2696,-338
-1868,-15664,6436,-2918,-2848,-321
-1196,-14784,6284,-1788,-2970,825
-904,-14848,8084,-763,-3128,1353
-2960,-14596,11784,3415,-5251,6060
3472,-10468,3736,5752,-3595,4228
752,-12332,6752,6241,-2442,1344
3068,-16916,1828,6179,-388,-1250
908,-12008,3164,5415,-1626,-59
3076,-12064,11208,3574,220,-1695
2564,-12640,9956,6631,2350,-5560
360,-13248,9356,5567,4157,-3041
-412,-15880,11792,3331,5147,-3135
2016,-12932,10264,2756,3620,-4811
-4168,-16800,11332,3956,-489,-4956
-2264,-14120,10048,571,1064,478
-792,-11708,6984,-485,781,937
-1188,-13480,9468,-617,-1440,159
-404,-13220,9724,-576,-353,-539
-380,-13004,10044,-197,-407,-1063
-56,-12988,9536,163,-293,-1109
684,-12708,10180,-167,-209,-167
172,-12784,10008,-294,-217,193
464,-12848,9828,-655,347,273
36,-12920,9928,-505,15,-336
224,-12900,10148,-470,-78,-272
-284,-12988,9504,-604,273,-213
276,-12964,9776,-359,8,-315
-112,-13048,9688,-169,226,-402
84,-12916,9640,-45,163,-384
216,-12888,10056,-2,-130,-475
340,-12744,9816,-94,-207,-626
236,-12800,9928,-233,-251,-442
