-1712,-8332,13644,377,266,-185
-1808,-8308,13676,-36,-91,-188
-1892,-8300,13848,-304,271,-194
-2056,-8392,13556,-298,364,-167
-1944,-8464,13564,-225,124,-232
-1928,-8308,13592,-876,-363,-254
-2052,-8308,13628,-563,-503,-253
-2244,-8308,13872,-1340,-1316,-280
-2240,-8352,14004,-2549,-3754,-363
-1880,-8912,13524,-1877,-3781,-540
-2612,-9960,14320,-641,-4366,-1972
-20,-6220,12324,761,-3263,1861
2948,-6916,11220,260,-1171,2924
-1872,-10064,15228,511,606,2124
-2636,-7608,11080,2338,1572,2818
1640,-8108,11316,13,-2775,2402
-1228,-8120,14604,-2077,-4829,5706
-576,-6848,13884,-1647,-3618,3919
-620,-10008,11228,-1717,-805,2613
-620,-6492,10576,-3202,-236,3410
-968,-5604,11772,-2588,-2233,3588
-504,-7860,12780,767,-3088,2246
-3496,-15700,14252,-2414,1974,4951
-1548,-9992,14212,141,-213,3391
-1336,-9784,15284,51,-2208,5038
-556,-7956,11780,-598,-1862,3993
-208,-9872,15848,1245,1055,3245
-284,-6756,11952,-473,1348,3353
-796,-9452,13072,-1082,2979,2657
-52,-8432,14116,-692,3007,1996
-856,-9208,14080,-1111,1782,-1103
-1216,-9960,14048,233,3956,-2957
-3104,-7728,12832,897,6280,-5664
-3272,-9124,9256,457,8122,-7193
-6048,-7884,12984,1195,1863,-6405
-5920,-8528,14056,417,3523,-5281
-4980,-6832,12436,-1795,1829,-3651
-5464,-8152,13096,-3432,-1117,-5354
-3864,-7996,13084,-4568,-865,-5643
-2864,-9036,12496,-3755,686,-4762
-3104,-9444,13500,-5089,-62,-4855
-5256,-8616,10192,-5615,640,-3282
-3228,-8200,11688,-7204,-2284,-1979
-4220,-8176,11860,-15941,-3991,3866
-144,-12096,11328,-12860,-1002,6343
2340,-12624,11904,-2461,-6319,-3176
112,-12620,10640,-1468,-1093,972
-748,-13104,11104,-1448,776,914
-152,-11772,10868,2718,293,2149
-15976,-11460,19972,24687,9800,14151
-780,-6452,4448,-5775,7581,-197
-28600,32216,32767,32767,-15900,-6092
-12556,-17116,20848,-30942,-565,3983
-1576,1072,-7084,-14757,28442,9796
-1572,-5828,-20236,499,-14413,-3258
-1268,5604,-17740,5361,-15011,-3181
-13116,-4864,11844,3115,-2303,2575
-2172,-11272,16400,3863,-2108,-881
-2008,-10228,15856,3178,770,-2151
-5508,-6652,9880,1263,2873,-790
-5576,-8908,17240,1578,50,-1322
-3956,-7308,13880,-403,482,-1404
-4868,-6380,13800,-624,-1006,-2332
-5464,-9968,16964,-386,-3001,-1882
-5164,-10188,15328,-908,-1778,-1366
-4800,-8440,12892,-2531,-2871,-2616
-2412,-10716,12020,-1045,-3647,-1223
-3820,-9036,13484,-123,-3102,-948
-3192,-9888,14852,-2170,-4599,-2487
-3488,-9000,12164,2082,-1484,1755
-2312,-9860,13304,-269,-1289,2234
-2164,-10204,18024,-599,-3688,-1374
-80,-9968,15056,-770,-1258,-1307
964,-8616,12720,-1549,87,-963
-1488,-8984,13160,1426,3019,1400
-2512,-8856,13992,2777,438,299
-2068,-8160,14008,1852,-1588,-921
-1148,-8196,13680,572,-978,-778
-1428,-7952,13808,1216,149,-65
-1328,-8076,13880,-114,475,-66
-1544,-8560,13664,132,625,-91
-1788,-7932,13880,-257,903,-109
