1760,11312,11192,-507,14,-153
1928,11036,10348,-446,-75,-320
1688,12312,11692,-392,-293,-189
2256,11492,11784,-365,-1251,63
1316,11472,11600,-80,-2628,-166
228,11892,13944,-1511,-4985,-413
1084,8836,13896,-883,-6846,-7282
1044,11952,15400,-7448,-9336,-4839
-1952,8112,13980,-4065,-13484,-8061
1020,12784,13044,-4274,-14201,-9298
3336,6200,8808,3490,-5426,-8693
3164,11028,8912,7866,-6441,-8598
5944,12060,7476,5066,-5032,-7258
5328,12176,6008,5461,1200,-9831
4820,11508,5028,10989,6069,-10196
3992,15068,7068,9991,7657,-8452
7700,15196,5392,3323,9935,-8790
3136,17392,6160,486,3722,-7422
220,16652,6076,-960,2040,-6675
1404,18344,4048,94,4515,2105
-3232,19984,1424,3474,14969,11006
-10824,14076,7080,1030,11142,13557
-4808,19576,3536,1515,12591,8788
-11284,12892,8748,-2347,12247,14056
-10120,13276,6092,-3826,8548,8796
-3864,12836,4536,337,9297,6021
2920,11020,6024,43,14222,4462
2964,13928,10160,2295,9924,-1687
3772,13076,11252,1089,5088,1197
7552,13448,8824,-409,6975,398
-540,13076,11572,-430,-736,-5642
1516,15668,11784,-1935,-10425,1151
6460,10916,5484,-6872,-11945,8923
392,11516,11692,-3229,10374,5592
-4872,9104,14340,-2354,8159,5209
-4312,14116,13208,-3078,3130,5697
-1552,11368,3092,-166,5018,1011
-8716,14160,11064,134,715,912
-6768,14668,7644,-2793,-11113,-570
-6000,16524,8740,1333,-11463,-8025
-6132,12896,6772,-148,-10542,-7986
-2040,15820,6064,237,-9618,-8437
-3240,5040,6252,873,-8632,-9820
-416,7924,512,-2921,-3316,-6516
3156,13044,4756,1207,-10435,-6390
8808,20056,15072,5965,-2186,-1683
16164,32767,4284,-419,-7868,8385
6636,18988,-1924,-1136,-5515,-1736
1012,32767,9104,2568,-7445,-4577
-1912,32660,4228,8223,-8603,-11682
2760,18128,7436,499,-3957,-6068
-4104,13636,-280,2338,-3918,-3413
-4044,16056,5952,-398,5177,-6451
-6084,16608,6344,2073,5436,333
-2052,14376,4468,1343,4398,5459
-1652,13088,5108,-869,2892,3171
-5688,14208,8248,-1644,4901,4429
-3636,12700,8124,-923,2611,4515
-1860,13568,8992,-476,-234,-525
-1912,14584,8536,-496,-1358,1552
-180,14172,7428,366,177,1266
-712,13980,7504,900,559,460
-836,14228,6716,919,538,-546
-1984,14492,7192,724,421,-862
-1708,14828,7308,-59,-659,24
-1876,14828,7248,-120,-743,641
