-2452,-15068,6064,-474,404,241
-2472,-15092,6060,-612,143,-162
-2484,-15408,6084,-837,-19,-466
-2460,-15184,5720,-1293,171,-694
-2608,-15296,6240,-2183,-803,-2368
-3768,-15064,5708,-1589,-3876,-2543
-7196,-12844,9180,2460,-1761,-2230
-5360,-13648,3960,3874,-2691,-1346
-2256,-15328,5660,3819,-3785,18
-2528,-12748,1408,3030,-2867,1121
268,-16616,8156,-22,-1074,-519
1164,-14884,7700,639,-1024,567
492,-14904,5460,2160,2722,1682
1568,-15048,5716,-838,7173,2156
404,-14848,5516,-8787,6007,3276
-888,-14844,5368,-8103,2156,1783
400,-14272,5548,-3341,2816,1335
-1444,-15956,5948,29,3524,387
-696,-14084,4568,611,5984,-2379
-5808,-14120,6304,-115,7564,-2798
-5420,-14648,6256,-778,7066,-1654
-5244,-14352,5328,-137,5902,-1993
-5872,-15012,3756,3103,3057,-3313
-3544,-14868,5040,-1600,4376,-3875
-4740,-14328,4820,-1829,2615,-3677
-3744,-15204,7760,-978,2468,-2797
-5628,-15672,6960,-636,1493,-2456
-3736,-15204,4900,-1636,-541,-2696
-3580,-15820,4764,-15089,2943,3616
-5120,-15484,8180,-4837,-1124,2357
-4212,-10988,788,5288,-4543,-1566
-2708,-15500,4732,-949,-1902,710
-3464,-12884,5080,828,-2578,2205
-1280,-16568,6836,5450,-3613,812
-3332,-12036,7856,8678,-2654,2388
-856,-15612,6608,8515,-4301,112
1320,-14784,5184,2748,-1491,40
992,-13120,5596,-1724,1032,3438
-464,-7048,1244,4630,-78,2223
-1096,-14068,5176,-1738,2569,1918
-3088,-14592,4528,-2628,1609,685
-1224,-14620,6088,-3181,946,1271
-2400,-17232,7996,-2190,601,-95
-2856,-19420,13724,1762,-1874,-3304
-4260,-15344,9776,-651,1611,-516
-3068,-13368,6396,1284,-156,-972
-7868,-9428,2512,-1869,-1007,-640
-4796,-10824,1156,-952,-212,-642
-7540,-15276,5824,265,-3152,-2104
-6388,-2860,-5580,-7504,-5396,-976
-6364,-16796,17328,10028,-5672,1976
-324,-17204,4788,1623,-3362,-1186
-2712,-13804,5320,154,-3025,-2845
-1432,-15304,4204,1275,-1538,-201
-420,-15336,4800,7,-2745,-377
4704,-15392,1908,-3729,4368,-4686
-804,-14536,6156,-2040,-769,1376
-1296,-14868,5604,1322,-1022,3867
-1808,-14780,6384,3659,391,4417
-3104,-14672,7192,4452,-619,1511
-2860,-14496,7684,2443,-281,-1106
-2492,-13616,7744,125,-109,-1833
