84,-12572,10084,-470,13,-282
8,-12764,10200,-376,-62,-319
328,-12688,10060,-477,81,-203
20,-12756,10100,-255,-2,-365
36,-12708,10116,-266,-11,-402
416,-12600,10300,-304,-49,-375
296,-12584,10180,-393,-51,-323
336,-12660,9932,-460,12,-197
260,-12704,10076,-460,-28,-184
116,-12448,10076,-450,55,-284
320,-12712,10104,-438,-137,-376
244,-12636,10044,-352,-55,-247
372,-12588,10060,-241,78,-228
420,-12484,10100,-222,-20,-1
416,-12600,10188,-391,124,156
184,-12692,10352,-481,34,190
496,-12432,10080,-620,267,667
732,-12492,10112,-727,1773,1741
128,-12636,10284,-834,2499,2677
-108,-12480,10188,-1238,3551,3803
-1400,-12556,10316,-2309,4548,4335
6012,-29136,18036,-5496,-211,-9174
116,-13296,10800,-3949,1159,-9494
-3620,-10324,7968,-740,1377,-3577
-3364,-13004,11108,1948,-576,-1709
-3804,-7900,608,374,667,1182
680,-7640,6424,1159,-1377,-861
-796,-9508,12492,1210,-3871,-2602
-1880,-11556,11872,1920,-3399,-35
20,-10424,10460,3384,-3536,939
1144,-14204,7700,1969,-3913,1537
908,-16184,10196,1441,-5626,170
-944,-12592,9076,4377,-7738,2268
548,-12928,9820,4495,-6144,1514
2976,-13860,10076,4043,-5579,2190
2056,-13096,11680,3739,-4800,3393
3060,-13080,9256,3155,-2856,4504
1248,-12472,9504,113,341,4412
2500,-13408,10916,-2759,1855,4383
1292,-11872,8500,-5891,4185,6628
2184,-12012,9896,-7308,7716,6173
1776,-12164,9964,-6143,6830,2883
1192,-13804,10276,-7663,6715,535
-28,-12932,9088,-8856,6437,-1104
-2228,-13948,10048,-8282,5002,-1833
-864,-13984,9448,-6525,5111,-2576
-2084,-15748,10120,-9516,4571,-3096
-2956,-15156,6908,-19383,5219,-3369
-4500,-11888,-1204,-12747,9906,-3224
-13012,-15344,12648,-4024,447,-1
-3648,-23244,4772,324,4797,3247
528,-17904,2108,-2663,-1684,1624
1464,-24060,5084,1127,-3438,2280
-7740,-7968,-6064,-2566,-4649,3819
-1824,-11028,1256,2685,-2795,3590
3392,-27840,7128,7522,-5749,-1214
1932,-10472,5336,13769,-7720,1608
-1748,-15960,13300,12562,-5536,-5918
-3212,-15764,1268,4713,750,-3168
-1696,-14916,5508,1237,938,-2767
2760,-12776,7256,2552,6135,-6078
-1360,-27600,14964,1805,1946,-9293
-1248,-10308,6900,1564,-4504,-4620
-12668,-10888,3452,1778,832,1874
-2896,-15176,456,249,1721,2157
-656,-13560,8572,-417,-161,-34
-600,-13652,9024,-233,-337,-1059
-272,-13464,8880,19,-493,-1217
-184,-13536,9044,-229,-292,-711
100,-13452,9248,-63,156,64
-616,-13536,9028,-361,197,24
