-2328,-13132,9184,-385,132,-258
-2352,-13168,8900,-844,118,-81
-2532,-13372,8668,-935,25,-173
-2564,-13564,8696,-733,-6,-272
-2140,-13336,8888,-594,-46,-383
-2332,-13396,8784,-571,-82,-170
-2340,-13284,8924,-424,-29,-212
-2456,-13248,8940,-1066,-737,-450
-2608,-13664,8696,-816,-654,-662
-2668,-13120,8580,-1528,-473,-1653
-2736,-13800,8548,-1795,-928,-2865
-2924,-13440,8968,-2279,-1631,-2794
-1968,-13444,7592,-4864,-4292,-634
6028,-9344,7356,6358,-854,-447
-2632,-16212,7076,3047,-4608,1136
-3700,-13852,8580,-1006,-2254,1732
-2148,-13184,9136,-241,-1359,717
-1864,-14308,9252,-453,-2622,1056
-1980,-12832,8480,-1399,-4346,2221
360,-14784,6896,-115,-1635,1101
-1300,-12672,6952,-1612,730,1827
-664,-15392,8884,-2637,513,2224
-800,-15136,9232,-2173,-652,1119
-568,-13348,6904,-3427,266,1255
-804,-15128,9376,-1966,-137,1391
-1616,-14520,8700,-1652,-1180,1284
-948,-13228,8056,-2893,1425,1194
-1976,-13876,8400,-461,3086,205
-2688,-14348,10128,545,5689,-815
-2500,-14764,8676,395,1881,-2617
-3072,-12240,10220,1825,2922,-198
-2360,-14172,8128,120,-562,374
-1596,-14288,8332,203,2574,-1328
-1956,-14008,9396,796,3092,-1925
-2652,-12380,6128,2255,5771,-3039
-1736,-12780,8252,152,5730,-3267
-4852,-13904,8496,38,4860,-3846
-4232,-13360,9888,1215,3658,-2502
-2408,-13120,6668,-770,1035,57
-3268,-13868,8040,-752,361,-1677
-2904,-13080,7644,-985,3045,-2620
-3168,-14324,8168,-729,2197,-2587
-2824,-14372,7324,-1746,3205,-3880
-3348,-14152,7720,-3063,2576,-4264
-3616,-12492,7548,-130,1281,-4489
-2976,-15260,9856,-626,1274,-4122
-3240,-14652,9280,-3205,611,-2806
-2724,-15120,8672,-4656,482,-263
-2408,-13964,7108,-4210,421,22
-2756,-12948,5984,-2299,-1490,967
-2788,-13224,8640,-175,-1181,1269
-2636,-15068,9532,195,85,766
-80,-15448,7880,1019,-1876,2413
-632,-14256,10288,2196,-4755,682
-264,-14120,7564,2575,-5099,2211
-108,-13612,7832,1055,-1564,2126
984,-15000,8196,459,-2738,1706
944,-14436,8120,-1458,-2974,1762
1032,-14192,7064,-1953,-1874,2815
1112,-14212,7788,-83,-710,3388
536,-15840,8392,1912,-1461,1522
504,-15492,7676,747,460,-16
-120,-15676,9036,1378,1269,-1693
-52,-14168,8124,1182,629,-2863
-1912,-10844,4312,1656,1459,-1485
-2668,-12840,7408,215,1113,-1307
-3936,-13792,8500,-1014,719,-1458
-5108,-14052,10836,473,1285,116
-3280,-13704,7596,165,397,574
-3412,-12436,6384,-1385,-487,285
-3988,-14052,8712,-676,-2933,-962
-240,-12592,5860,-53,604,581
-3152,-14668,8264,504,-1780,-142
-2796,-13568,6132,-1063,-1544,294
-1040,-14996,7044,-2225,-998,-265
-1220,-15024,6864,-4168,-29,-29
-1280,-14524,7344,712,360,413
-1504,-14100,7768,3064,558,600
-1864,-14048,8024,3862,555,177
