-860,-11936,11332,-1037,946,600
-996,-12484,10900,-901,-269,-558
-664,-12300,10328,-447,-843,-1382
0,-12268,10660,94,-340,-1408
376,-12160,10568,634,-109,-1078
-148,-11908,10796,1195,514,-235
116,-11880,11116,1137,704,-122
20,-11668,11124,922,367,-226
-348,-11948,11268,1025,-116,-115
-176,-11564,11428,580,421,-123
12,-11680,11184,471,388,-89
456,-11508,11232,242,230,79
1128,-11232,11208,-183,2041,1633
960,-11364,11116,-1264,5045,3741
-1448,-15344,13264,-3049,5134,637
1568,-10292,16096,688,-1903,-10309
-5164,-12020,15192,1105,-1512,-4763
-3792,-8220,13084,-1811,-5612,-1883
-4284,-10376,11296,483,-9066,408
-3824,-11872,10108,3235,-8800,2428
-2372,-12196,11208,4513,-7952,5159
392,-14916,9268,4242,-8277,7412
1164,-15680,7980,-191,-5718,4898
3100,-15280,7344,-3370,-2442,5106
4852,-14052,8004,-4553,4194,5019
9140,-12940,7816,-2478,7620,428
3100,-13596,10316,-1987,10630,-4959
-1812,-12380,11120,-2210,8310,-4323
-2120,-12628,12244,-3907,2832,-4087
-4416,-11744,10932,-4565,3260,-3470
-2848,-11032,11896,-4054,1867,-2361
-5252,-9968,11892,-2790,24,-3065
-3748,-11332,11356,-2068,-3494,-1877
-2632,-9576,12196,-1300,-2886,619
-3688,-9532,11516,-1143,-5120,4135
640,-9968,12300,1100,-2908,7764
8088,-13740,12348,3933,-3421,3264
6560,-11236,10788,3470,1816,1779
4080,-13748,10852,1135,1477,2144
3188,-11124,11116,4683,3283,-3202
-2636,-11532,6240,7609,6629,-3993
-4232,-6436,7944,2112,3027,-1769
-752,-10532,11668,-390,-1408,-870
-2400,-13052,10828,-2917,-5882,-1557
-252,-11768,10396,-2965,-2108,-2964
768,-11472,10732,-255,-1277,-1542
