772,-12736,10124,-1759,73,-1029
1008,-12712,10116,-1556,-212,-955
848,-12760,9820,-1777,-71,-601
764,-12776,9848,-1656,-168,-326
712,-12860,9916,-1390,-205,-117
844,-12948,9664,-1075,-204,-231
868,-13124,9596,-638,-312,-345
1084,-12860,9764,-198,-435,-39
1256,-12916,9504,504,334,383
1492,-12492,9580,1110,600,757
1392,-12620,9972,745,2352,2045
776,-12332,10748,354,3278,2730
-520,-13240,11800,-2251,-122,2132
7528,-12176,12084,-5134,-6341,-6095
-436,-9788,10460,-2914,1933,-1578
1192,-12460,12328,-3173,-745,-1478
-1124,-9272,9888,-642,-2106,-373
-3004,-12472,11780,-39,-4377,-897
-3968,-14512,9848,-3386,-2225,1707
-1052,-11948,8532,-3479,-3114,4219
-2228,-15096,9780,1753,-5485,5458
-1380,-13856,5580,1510,-5976,6700
-588,-15436,3276,-1838,-8186,8773
9644,-23548,8584,-955,-7116,7898
-2324,-10180,3060,-1911,-6964,4401
3116,-14288,6440,-1464,-6626,2705
2440,-9588,-848,-4663,2256,1607
4808,-11668,8524,-613,4199,-5385
4880,-12952,10112,-3114,9874,-8011
3260,-16148,6716,-1013,10930,-8025
296,-12332,3900,-2343,6240,-4831
-1364,-12156,5324,-3471,1704,-5210
-5444,-14308,11988,-3191,3792,-1500
368,-12932,9956,-2026,2680,592
-192,-16400,8464,-283,2814,1266
-1568,-16272,10184,721,2097,1759
1080,-16660,9036,-2181,-4310,3616
-2960,-10688,12892,979,-2106,7016
-196,-9852,8164,3327,-3619,4546
-3280,-3776,13200,4846,-6385,-846
11272,-13640,12916,8010,466,-5668
6076,-18168,7388,5365,-2314,-3964
6260,-8588,440,2075,2694,-5627
-1028,-16172,16160,1718,5599,-5844
-1320,-20108,7532,2387,4199,-3868
-9448,-18512,12532,-2007,4359,1892
