7460,9648,11896,-14,-738,13
8532,8652,10092,24,-1084,-365
8744,7828,11444,262,-1009,-1048
7164,7248,11204,1622,-303,-2138
7352,8176,12744,-1629,-6161,-6950
10696,5968,10248,-1220,-5700,-20279
10496,7276,8544,-2926,-1589,-26496
5252,11188,10280,334,-2627,-28411
5136,14304,10304,-77,93,-22049
-232,12184,12004,3902,2870,-12802
-1084,11912,10788,4013,-3743,-12939
2576,8964,4800,13428,2658,-10640
-1128,12208,6744,13929,3682,-8843
11372,17960,-620,46,5643,-4555
7816,18508,4536,3088,14849,1998
3676,18588,5132,6030,8204,2886
-864,16028,2424,4072,-1369,7037
-4456,17052,1176,215,3013,121
-7404,18604,4812,2188,20429,-2696
-10028,17488,7052,6175,8503,11468
-4304,14956,3772,2596,10251,10548
-2152,17472,6576,533,13240,4883
1452,11852,1576,814,9054,3544
5516,19416,16364,-1263,1365,601
8228,13108,6976,-250,-2732,-1126
7296,12528,8612,1444,-7360,-6687
6856,13340,10352,3232,-6454,-9182
3316,13532,9960,1802,207,-7009
752,16804,10428,-126,4472,3031
-3796,14064,8952,-1917,5110,8305
-8448,15564,9724,-1963,-1766,6950
-9808,13868,5492,-2522,-1047,6358
-8376,16576,4668,-4603,-5091,277
720,19452,4092,-3745,895,-9409
-1808,10524,660,-358,-3333,-6007
-636,6832,6008,2236,-4003,-10991
7480,19132,7244,1382,-4637,-3572
5224,13472,8008,1365,-2410,-4136
7320,11464,4768,1904,-3627,-7456
3324,14576,4708,-2714,687,-9485
1304,16916,5996,-7900,-2574,-2273
-620,17832,-5012,119,1126,2188
1924,22256,1740,973,-338,1005
-3492,14044,-324,3156,2478,12802
-1716,16044,2412,4760,1874,14114
-5988,18240,6848,6064,7587,14240
-3232,21300,8144,7105,-590,17963
804,17256,1676,-17806,-6487,12593
-504,14312,3504,-17200,-6547,1822
6728,12376,1464,-15471,-2096,12036
6128,7764,4028,-7025,3630,13001
5472,9040,8192,-7745,2493,10397
7016,7512,9148,-9472,-980,5583
7172,8960,9740,-5758,-1613,1609
11248,15072,12492,-6518,611,2763
