8612,6848,11252,-471,-77,-689
9216,7120,10972,-961,-876,-507
8956,6376,11352,123,-1197,-149
7696,5776,12900,833,-2782,-2105
7764,6588,12320,549,-4353,-3576
8156,4888,11908,-705,-8286,-9487
9956,6392,10380,2684,-6366,-13559
11836,9184,9500,2341,-5521,-19626
9356,9980,10824,-830,-3215,-21437
6488,7740,7364,1118,-2311,-22181
5248,12108,8988,2119,2166,-24066
7124,12892,9068,3473,4750,-21802
2684,13164,9132,7366,1002,-14439
1528,13140,8984,8222,4623,-14675
1900,14060,8184,5724,5014,-10812
-2324,23292,17068,6561,7512,-6937
2984,17024,2864,3027,8640,-4103
4344,19244,3368,2666,17502,7930
-744,18512,5452,4105,10939,5325
-68,16604,300,7313,8082,10061
-2668,18048,3524,7785,8406,8878
-10484,12964,6516,3243,11101,10902
-7532,15812,5380,-2684,14242,3799
-8120,18212,7252,-1273,8594,6183
-1144,15344,2768,-1068,8874,3849
5648,15768,1616,3371,9490,-1976
5784,15232,8988,5590,1097,-2885
9084,16432,11680,3909,-523,-5964
9940,15020,10472,2540,-5207,-6354
8300,14716,9068,2770,-2619,-7110
2420,15596,9432,-1741,-630,-971
-5208,14156,11832,-3362,6051,5897
-6844,13196,9800,-4241,1387,8505
-7404,12368,6760,-6246,-2952,5833
-7664,17448,6252,-4344,-1976,-199
-7256,18516,4692,-1608,-6026,148
-8856,15636,4124,-3963,-8156,-9357
-1100,10932,-3824,-3517,-1882,-5364
14932,19796,4140,-1607,-8571,-629
6148,17212,14388,1101,-10799,-4364
12144,17988,7548,901,-4296,-7358
7108,18088,5708,-1763,969,-8161
388,17092,4460,-1593,1587,-6886
-7972,19596,8512,-962,-3952,2550
-3108,18076,944,1162,-4618,10542
-5392,19008,5384,5047,7122,6090
-1740,21476,5312,10061,-1527,18201
-4700,16636,5972,-11940,-12648,15155
-260,18792,5876,-9363,5656,6713
388,15876,4984,-11345,-4238,15103
4700,9632,3432,-8552,2113,13471
6108,10244,6032,-7719,2927,8508
6440,11396,7196,-7982,1468,7982
8220,10048,7032,-11083,1037,8866
8488,7500,8088,-9398,-1236,5509
8872,9168,9360,-7740,-111,6355
8252,6796,11108,-6009,1799,8064
