-672,-11688,11084,-232,170,-211
-696,-11692,11044,-130,259,-170
-900,-11812,11340,-163,53,-616
-560,-11776,11212,-406,-82,-345
-580,-11844,11296,-385,11,-83
-428,-11692,10844,-321,35,-43
-320,-11660,10996,-320,505,295
-208,-11620,11252,-559,1562,709
1832,-12480,10212,-963,3522,1964
32767,-32768,32767,-2122,-12078,-25126
5124,-20536,25116,-1102,-2654,-10837
-36,-6912,14544,-487,-3697,-5167
-7208,-9444,10436,-1464,-1982,-1512
-2512,-7996,11268,-1446,-5373,13
-5952,-10160,9288,195,-5121,2940
-4176,-9204,10952,-592,-4735,5859
-6016,-19304,16600,214,-4530,8914
2076,-18276,15752,-38,-7790,9710
-6428,-10184,7560,-555,-1816,8632
2020,-18228,11948,-425,-2549,4253
332,-11320,5860,627,1300,1991
-96,-14184,10540,-1754,4557,2782
104,-15104,6200,-6377,8757,5260
-2396,-4648,10424,-7562,7583,-4237
1708,-17264,14180,-2225,2622,-13889
6144,-13260,11868,-3003,3111,-9116
-13212,120,-1868,-10414,10210,1871
-6268,-18136,8904,-752,9043,-1299
-8824,-11328,19416,-2964,-2419,-771
-4740,-13768,15656,-3891,-680,3890
-6996,-6220,11776,-3454,-2736,3178
-6452,-8432,7788,-1691,-2086,3975
-4664,-8356,7924,1287,-3016,1707
-6904,-600,-5684,-2374,2357,4017
16852,-21304,13588,1437,-6124,-1886
2972,-10160,7588,3030,84,-3374
1080,-10692,9000,5575,2430,-8505
1184,-14796,12280,6561,1838,-4187
-1932,-13548,6352,6332,310,-1625
-3956,-12656,2804,172,656,1745
-5252,-13592,5384,-599,2015,1150
892,-12440,12096,168,-4026,-3147
-3996,-13120,9296,-1049,-3576,-658
-1412,-13240,9812,232,-1551,-1949
-584,-12196,10316,2192,-1012,-1779
-904,-12020,11072,2292,-91,-980
-808,-11844,11132,1921,236,-376
-728,-11872,10920,530,13,-198
