204,-11736,11112,-411,154,-64
424,-11644,11328,-130,-25,-251
60,-11344,11072,6,-44,-393
460,-11636,11368,331,241,-371
496,-11808,10780,846,718,-613
144,-11684,11272,1473,768,-1090
700,-11648,11068,1858,432,-1805
1032,-10880,11932,1225,2745,-763
256,-10276,12572,-671,4033,1025
-324,-10568,12588,-3052,2812,1187
1564,-9780,14540,-4833,-1447,-1325
-356,-10212,14600,2289,-2343,-7610
-4132,-8960,15124,2944,-4351,-662
-1124,-10776,13980,1672,-5281,1915
-3948,-11024,11608,4368,-7733,4304
-4224,-12692,9284,4569,-10357,9436
3236,-15504,10024,1831,-10053,7154
-1508,-13600,11248,-991,-5932,9216
2992,-13668,8908,-4757,-1090,7367
4708,-13404,9304,-6644,2724,3932
7540,-13220,8588,-6212,9446,-557
6376,-13036,10256,-5752,16892,-4020
-1824,-12020,12184,-2287,8223,-8776
-3132,-12464,10020,-1602,5360,-7115
-5944,-11296,10852,-1092,3811,-4227
-6668,-11172,13332,-1278,491,-3857
-3932,-11032,12176,-3180,-2853,-3691
-3720,-10172,11760,-4561,-3932,-350
-2104,-9340,14476,-3826,-3750,6552
1764,-10100,14192,-1154,-5407,8689
5096,-9388,10432,1155,1047,5719
10900,-11800,12868,4021,1666,-1521
5252,-10196,9812,4416,3150,-6277
756,-11896,10032,2179,5701,-6033
-2864,-12520,8684,1615,2887,-4445
-3964,-13844,8768,-2664,2443,-1726
-11360,-12068,12584,-2901,-2375,-679
-2968,-16388,9092,-2796,-1320,-1743
332,-12848,9820,-1220,-1461,-2816
992,-12456,10684,530,-1056,-1925
1380,-12424,10184,1555,152,-49
1020,-12228,10464,1955,814,1131
