12,-12628,9656,-3036,464,950
1592,-11364,11100,-1050,-724,-175
1092,-11380,11532,-64,307,-529
676,-11772,10996,-246,960,225
1008,-11556,10904,-328,947,658
1020,-11512,11112,-245,1786,1011
1828,-11452,10600,-26,3539,2158
1120,-11128,11072,-180,7418,4189
3376,-13088,11840,-626,5199,1603
456,-14512,12628,1042,308,-7300
1416,-6100,9272,-495,1593,-5245
676,-5568,10608,-2991,-2122,-1860
-2484,-9328,14460,-26,-5761,-2590
-3852,-10804,11000,2172,-11274,897
-1656,-12312,9480,3936,-8749,6062
-2692,-13720,9772,3258,-8826,7470
-2192,-14448,12928,2691,-11721,7317
3044,-15812,7868,-1063,-5418,6650
3248,-15144,7752,-3447,-1001,8029
8840,-12916,5216,-4750,5878,5392
7468,-13164,8860,-2657,11200,-2094
5904,-12944,9956,-2876,16113,-6656
-2576,-12360,10604,-3643,5950,-6633
-5280,-11440,13448,-4705,2772,-5281
-7732,-11872,11992,-4002,3395,-4412
-6548,-10608,13116,-3439,-443,-4073
-4448,-9708,12680,-5032,-1544,-1241
-5476,-9496,13616,-3954,-4843,4847
7692,-19088,15052,293,-8443,14056
12624,-15236,13264,6968,-7027,5066
5824,-17172,15912,4157,-2194,-3361
6616,-13016,14280,1781,3201,-5666
4324,-11476,7888,3079,6548,-8719
-3404,-15336,13788,2660,5714,-4894
-5148,-11900,6568,170,7554,-1611
-3812,-11636,6440,-724,647,-514
-9324,-18632,6892,-2867,-3451,1044
184,-13276,7992,-3934,-464,-2064
408,-12756,9724,-758,-1824,-3665
