-2880,-9656,16860,-584,-1283,-361
-1652,-8696,14712,-198,1526,-724
-1704,-8088,13740,-907,1587,-464
-1572,-8612,14012,-728,973,-720
-2276,-8136,13280,-921,522,-677
-1436,-7724,12644,-2730,587,-1627
-232,-7876,12844,-3491,1452,-3274
284,-6288,11648,-6487,3533,-5708
1560,-6820,11532,-9731,5605,-8308
1556,-7600,10804,-13642,9784,-9871
-2796,-11024,12400,-11678,9727,-9095
-2808,-13440,15256,-6622,6147,-8861
-3960,-13648,13048,-2877,4247,-6646
-5416,-13204,12176,-3469,4089,-6411
-2644,-12148,8596,-3924,2565,-3264
-4736,-10984,8828,1347,2452,-2875
-5232,-12036,7016,-3238,-5615,1591
-8572,-12684,4352,-11202,-13818,3846
-20488,-15412,16736,17786,-22549,25611
-2140,-17848,-1484,5611,-25296,25263
-1340,-19124,6404,-5094,-12969,14529
-3352,-18252,7584,-5774,-14644,15877
-1984,-16844,3072,-7343,-18287,20939
3440,-18120,5824,-7978,-13640,19279
7988,-19252,7664,-1489,-12722,-5212
11076,-18264,4068,328,6679,-3406
11044,-17516,9580,1259,10985,-20616
4796,-15384,4904,2983,23809,-32768
716,-16528,3684,-762,31365,-32768
-14504,-12288,12464,2943,20349,-20311
-8336,-15656,8552,-2064,13275,-6481
-8664,-14760,10200,-5328,7724,-826
-7924,-12056,8552,-3312,4944,3356
-7872,-10756,11784,2488,285,11571
-6972,-9580,12816,1100,58,18644
-14960,-9560,21824,-5492,3088,25588
-5672,-9180,19836,-6899,3552,28771
5252,-12028,19856,-5142,-11457,26103
716,-12160,15332,-6129,-8518,6811
624,-12200,13264,-4614,-17904,1921
964,-14792,13064,-4237,-17469,-2997
3040,-13200,11672,-6083,-4437,-11199
7404,-15364,8932,-4190,154,-19845
964,-12532,4964,-3204,2171,-18514
-7684,-13716,10432,-3358,7794,-9613
-4852,-14700,6316,-5302,7178,-4474
-5328,-15552,4896,-8132,4062,-4150
-7144,-14832,6580,-3030,-1104,-5603
-6488,-14664,5580,377,-10708,-1063
-3276,-17668,2056,5314,-14798,3169
-3976,-14012,-512,7662,-16552,11843
3464,-18256,2072,6937,-6562,3551
64,-16404,5832,2246,-17859,15673
-4284,-15964,7528,-3877,-6783,32767
7316,-17732,5908,-3434,-1436,25037
11032,-19712,8848,-1571,-1520,-2516
272,-16740,9812,14679,1651,-15024
-232,-13356,10176,15919,11827,-8655
-3800,-12444,11888,9792,12678,-5787
