-412,-10612,12356,-715,-134,-172
-416,-10764,12044,-1089,-340,-430
-316,-10728,11440,-805,-776,-813
-136,-10480,11776,-464,-235,-491
-28,-10804,12192,78,-43,-162
-96,-10556,11832,-150,272,-88
320,-10652,12320,-595,458,-10
-396,-10736,12104,-557,633,-22
-312,-10976,12048,-562,-266,-510
-244,-11008,12096,-395,-574,255
-728,-11516,11828,-81,-1928,584
-1636,-11776,12088,82,-4463,-1047
-836,-10752,12840,-5683,-150,513
-120,-12104,14128,-2815,-2749,-116
-792,-11208,12084,-3293,-3950,574
2408,-11244,10972,-3214,-1479,1022
2676,-10280,11760,305,-524,-1430
1808,-10908,11324,-539,4301,2283
844,-10712,12364,-1818,5879,4269
32767,5344,-1648,-8,-8151,-13404
1736,-12880,12456,-2311,-1699,-9803
-852,-8044,13384,-517,-3675,-2334
-1488,-12224,14680,325,-4555,-960
-4092,-10880,12292,1440,-7312,3178
-1524,-17396,8160,1031,-6479,5912
-540,-14944,11320,-555,-5590,6871
-2384,-15524,8888,-92,-6545,4334
-436,-13100,8668,-204,-5461,6426
-1804,-14592,11832,634,-3023,6974
3620,-13564,9456,-471,-754,6672
9924,-12820,7720,-875,4258,3375
8128,-13756,10972,-278,8325,-2121
5128,-13280,10728,-3557,11625,-7954
2096,-13252,10048,-3659,5122,-9048
-5964,-11488,10320,-4796,4397,-7984
-9800,-10924,11480,-5770,6112,-4377
-5044,-11864,11688,-4066,421,-2274
-2444,-10644,12744,-513,-2717,-2048
-1604,-10876,12664,-1249,-5140,-119
564,-10784,14812,-2362,-4498,5270
8092,-11044,13708,2819,-5589,5946
8412,-13308,11824,7550,1841,-1131
6416,-12132,11480,6433,4973,-3156
1892,-13160,11648,3549,5555,-3664
-1988,-12436,9656,-169,3481,-2220
-4312,-13768,7748,-2278,-584,466
-776,-13664,7960,-1722,-1181,-597
348,-12656,9936,-1298,88,-1923
512,-11964,10996,515,33,-1747
1268,-11724,11124,1507,-67,-789
904,-11608,11320,1861,554,731
28,-11680,11756,2171,806,924
-296,-11704,11600,1830,598,112
-40,-11400,11620,1726,174,-797
456,-11108,11876,718,-188,-1103
672,-11012,11484,109,584,-777
