1916,-6976,14116,42,522,-489
1888,-6716,14476,499,1138,-883
1756,-6604,14624,411,91,-1115
2460,-6592,14400,165,-437,-909
2048,-6572,14720,-194,84,-522
2376,-6416,14576,-240,124,-340
2008,-6472,14804,-93,-207,-25
2168,-6524,14672,83,9,-62
2356,-6420,14504,-36,241,-87
2536,-6528,14844,-422,-115,212
2452,-6540,15368,-2757,1511,588
3104,-6540,14680,-4904,1232,477
3796,-7412,15036,-5851,294,-1247
2416,-3716,13848,-2579,242,-2965
2044,-5840,16664,1409,-606,-2977
656,-3276,16636,4373,-1008,-1056
-600,-5340,15088,9090,-2379,1764
-2720,-7256,14160,7830,-3905,5051
-472,-8000,13480,1146,-5529,10922
-3512,-9544,14948,-1833,-6204,15144
5212,-10824,9984,-5182,-6499,13902
9328,-10604,14052,-8985,1378,1112
5260,-10312,12844,-5936,2626,-2715
2412,-10540,11820,-10395,7366,-7823
1756,-10140,13172,-16665,7786,-6791
-244,-9140,14212,-16967,6225,-6648
-2564,-9444,14016,-10217,674,-5169
-3284,-10336,13556,-10791,-3485,-2210
572,-8916,10152,-8568,-2511,2108
-1072,-8808,16312,-3105,-6420,6472
5108,-10520,10812,6306,-10779,14598
4480,-12204,14556,11575,-1505,706
6720,-10368,10728,8079,-2933,1442
8440,-10292,10124,7063,2167,-5661
5168,-10736,10752,8582,4408,-8105
-1444,-10936,13192,7401,4914,-6021
-5052,-11268,16052,3842,1328,-152
532,-11208,12872,-574,178,872
1844,-8540,13620,-534,261,-1042
2324,-8428,13424,115,-834,-1954
3232,-8896,12908,352,204,-1262
2752,-8552,13580,252,734,15
2920,-8296,13428,162,653,1168
2256,-8256,13700,-62,-157,1626
1892,-8612,13624,16,1025,1449
