-824,-10116,12332,-2008,-705,-344
-1296,-7500,13120,131,-1248,-1807
-1012,-10200,12700,-320,-1877,-1375
-328,-9816,12200,-163,-372,-128
-72,-9928,12452,-933,-627,-346
-604,-10472,12584,-793,-735,-747
-976,-10188,12792,-820,-130,-383
-660,-10052,12492,-364,-47,-511
-132,-9648,12628,-472,-501,-353
-520,-10144,12632,-351,-528,-639
-104,-10260,11912,523,-591,-1336
-28,-9924,12064,1245,-367,-667
-588,-9024,12076,2178,-1035,645
6972,-8632,5532,1895,-3637,2746
2168,-11228,12128,-444,-3381,3872
1656,-11392,14840,33,-4229,1886
-2536,-10328,14052,664,478,2131
312,-9096,12064,959,187,1811
1976,-8532,8160,603,-1570,1493
-1276,-9232,8676,738,2466,2034
-1632,-13032,10636,4925,-2017,1929
708,-9756,12956,-1165,-1486,3335
-2012,-9020,12952,-810,-2545,3554
52,-10484,13908,-1519,1191,4754
132,-10652,14288,-1412,-581,3501
-1120,-8956,12104,-3189,1771,2794
-1104,-9264,12556,-3910,2033,2479
-1936,-9876,12812,-3929,2636,963
-1956,-10072,12896,-2288,1865,317
-2812,-8616,13216,-3683,2771,-504
-1328,-10180,12956,-2489,1501,-791
-2532,-10724,13420,-1469,806,-899
-1612,-9664,10520,-552,1769,-1114
-3352,-10472,11320,-1517,2676,-3120
-2884,-10580,11628,-270,2096,-2299
-4572,-10368,12800,-1036,2796,-3151
-2984,-11860,10024,-581,1434,-2720
-4248,-10096,12544,-1854,2059,-3521
-3176,-11852,10756,-1978,533,-4425
-4552,-9712,10928,-3555,-576,-4048
-2504,-11276,9664,-4039,689,-3141
-2556,-12676,13984,-1567,-129,-3940
-2528,-11500,11180,-5218,990,-4560
-1808,-12500,13188,-3642,692,-3789
-1868,-12100,13948,-2340,-1553,-3831
-1588,-12728,11456,-1898,-111,-2350
-1468,-12364,13020,-1578,-866,-1092
-116,-10752,12720,-3113,-557,1236
-3008,-12392,14316,-1598,-2808,2279
-372,-12152,8864,676,-1659,2471
-2332,-11192,9244,2025,1768,3547
912,-12992,8396,-5721,3086,-1619
7664,-16296,9580,1320,-2894,4628
1128,-11604,9928,-12431,-3699,-4188
-32768,17296,32767,32122,-5860,9339
-10144,-12456,16536,-14497,16759,3295
-1576,-15376,6172,-26145,8948,4452
11648,-9344,-8056,440,-3046,-3078
-4464,-17236,8744,-22366,-471,3264
-324,128,-11100,-13382,20886,10453
11612,-26544,8364,32767,-26574,-26125
-96,-20548,5832,-8655,8940,6046
-7396,-19748,18044,-16467,7252,10829
-11452,-21584,22132,-13847,9669,11522
-6000,-18448,16424,-14386,9515,12250
-2768,-17424,12512,-14209,5461,10979
3560,-17508,6600,-13449,7104,10118
1884,-17164,7808,-15375,9417,10522
-2160,-15436,10944,-20612,8680,10092
-8844,-21292,23644,-23631,15258,11849
-444,-136,-7264,-11483,5614,5697
-2584,-15116,7316,-22872,655,2995
-1616,-6556,44,-20863,17815,4845
-2804,-32768,32767,32767,11990,26728
-1940,-17464,12696,-15007,7961,-4978
-32768,10184,32767,32262,11962,18798
3556,-24444,15976,-17484,3618,-14704
-16192,-13872,20748,-12277,-26757,20013
-88,-16992,8680,-4820,2039,-14733
-17760,-16144,24956,-9055,-28652,19128
-8200,-14848,15208,-184,1497,-7191
-68,-14000,8816,1773,470,-369
-1492,-13608,8524,3942,1041,918
