656,-10984,11868,-300,444,595
196,-11124,11596,-660,682,531
204,-11068,11888,-904,317,-179
216,-11116,11904,-1349,248,-591
176,-11188,11264,-1288,41,-780
136,-11492,11328,-705,-515,-927
-488,-11900,11744,-776,-2084,-1106
-452,-11648,10592,-1050,-1619,-557
-732,-10956,8860,-3442,1275,7389
2396,-11768,14532,-500,-1580,1842
4336,-11528,12048,676,-2135,-1957
3660,-10396,11508,1440,471,-1667
2348,-10868,11068,393,5333,3495
2120,-11228,11304,-975,9516,7054
15876,10464,9868,-3745,-6103,-11568
-3268,-23296,14492,-1708,467,-11913
-3312,-12824,16540,1090,-637,-3467
-6888,-5576,8512,-1749,-5089,-1719
-2432,-10160,11480,523,-8696,-1763
-2984,-12504,10572,4229,-8834,166
-3232,-12536,10040,4065,-8131,2641
788,-15224,11388,-300,-4874,4886
2372,-14268,8064,-2992,-4725,6183
-456,-13720,8512,-6495,-2992,7695
1460,-14132,7724,-8913,571,9856
7804,-13064,8836,-8611,1462,6806
8316,-14116,7460,-3316,7283,-2148
1432,-14568,8864,-2133,9057,-7111
-480,-14172,10400,-4872,4535,-7672
-348,-13072,8068,-8104,4945,-5739
-6836,-14748,11700,-4330,1347,-3785
-6356,-12968,12784,-2195,325,983
-5420,-13384,14860,1185,-2086,973
-5552,-10836,10760,-1154,-5544,1909
-6824,-10992,10068,-3961,-3748,11882
3292,-10952,11172,235,-2564,10581
8988,-15604,16568,7361,-4594,948
7736,-19828,7656,1924,7758,-2347
3876,-15340,10100,5866,7584,-4477
1756,-8496,8376,2966,4049,-6685
-3160,-6348,2516,1357,3298,-2014
292,-10140,13852,3444,103,-2523
-5200,-11228,11472,1526,-2240,-586
-4740,-13452,-800,-1536,308,2816
-2344,-11984,12288,-2813,-3969,421
-1224,-13656,9456,-918,-832,-1686
556,-12592,9320,1923,12,-1072
728,-12892,8448,4299,1333,199
-184,-12176,10672,3374,1122,719
-296,-11988,11396,2032,674,417
-796,-12108,10732,1076,746,-68
-588,-11844,11032,182,-154,-698
-960,-12216,11220,-469,-1464,-1764
-688,-13352,10076,-1130,-3870,-1389
-1124,-11780,8216,-10313,1593,5510
3180,-12776,12900,-1302,-553,-270
2184,-11584,10868,3506,-1917,-4324
1068,-12128,10840,608,1703,924
-316,-12440,10736,-370,1838,2831
-916,-12616,10212,-1254,412,966
