-2912,-13852,7544,-1294,-229,-956
-3128,-14224,7396,-1096,-276,-925
-3204,-13984,7628,-1366,-29,-836
-3380,-14724,7380,-2125,-489,-1686
-3192,-13920,7236,-433,-3119,-6075
-3600,-14372,6888,161,-3221,-6173
-1240,-12612,5632,3932,-4098,488
2120,-8896,716,3235,-4516,-1739
-1264,-17580,9120,4355,-4735,118
-340,-15736,7628,-4115,5366,3163
88,-14612,5972,-7696,7010,1625
164,-14744,5664,-3471,6812,3444
-692,-14844,7644,-175,6819,3843
1204,-16412,5872,-2519,5524,-3119
-4036,-14132,4720,-6111,9518,-3827
-9640,-14056,7588,-1687,7856,-490
-8300,-14800,2496,741,5251,-2263
-5592,-14964,4452,-1837,1087,-6896
-6272,-15476,7752,-2071,1001,-5197
-5840,-11992,4160,-5932,-402,-3864
-6264,-14256,9912,-3599,-1216,-2966
-4424,-11624,4640,-3349,-4022,-825
-3908,-13724,6216,-4876,-1010,4300
-2760,-16444,9616,3111,-4904,2575
-680,-14672,6420,10609,-7279,-41
1016,-17488,5088,3793,-2814,-517
-3592,-14216,6740,3967,2061,4312
-956,-15036,7428,3777,-1293,3942
844,-15196,9864,2185,-700,3482
-32,-5256,4404,17344,-8263,-1811
-15512,31192,-10460,9857,-19543,-6629
-19880,10248,-8596,-6830,2012,-2217
-908,-19716,12112,290,-7414,-4945
-4732,-11760,3684,-462,3301,972
-2392,-10840,4184,293,-65,-1533
-4624,-17340,12016,-639,1177,-711
-6732,-14076,4632,-951,473,-148
-8336,-5964,820,-6789,-659,2169
-532,-29596,14416,7091,-9742,-6488
2556,-29656,1544,-32768,347,3450
-12180,-4064,15928,-4047,-2645,14488
11676,-15612,-14256,17226,5206,-583
3336,-20940,1760,1478,-10826,-4784
4420,-16396,3172,241,-2801,-1636
524,-12720,8668,-2008,9817,-3393
140,-14988,5728,397,352,1998
-704,-15256,6412,2927,-1066,4196
-1240,-14944,7168,3643,294,2954
-712,-14876,6260,3443,962,1715
-1384,-14544,7404,3231,857,-448
-1140,-14176,7728,1765,1100,-577
-1328,-14244,7740,-938,882,-605
-1148,-14352,7696,-2689,349,-479
-664,-14924,6536,-2507,61,-91
-1624,-14568,7344,-1205,387,-191
-1208,-14568,7288,-403,44,-392
-1440,-14696,7336,662,586,222
-984,-14492,7236,1062,34,146
