88,-15696,4592,-788,263,-4
336,-15784,4716,-663,66,-181
392,-15684,4440,-846,356,13
296,-18776,6464,1733,-1451,-459
280,-15688,4336,-644,-46,-66
284,-15912,4440,34,-49,-71
272,-15632,4712,-13,51,80
136,-15548,4632,-335,117,165
20,-15732,4540,-385,-66,35
-40,-15688,4680,-284,-115,-245
140,-15732,4860,-524,190,-293
164,-15832,5028,274,25,-171
84,-19460,5048,9851,-6527,1234
2176,-16376,4536,447,-4782,-135
896,-15340,4968,-64,-107,251
248,-15220,5504,-6,-225,410
920,-15296,6036,-1433,636,737
-1940,-18864,17852,-4515,2832,151
5324,-17624,8504,-2804,2243,-5614
-936,-13988,7332,3433,2661,-6622
3404,-12200,7856,1046,-2764,-4444
-424,-13924,8244,3543,-566,-2608
-4208,-11408,9980,11318,-5968,2012
20,-17136,6384,12662,-4894,4106
684,-15840,-116,5552,-2439,4715
-4908,-16076,5452,3444,-6253,2636
-3956,-15764,6960,1418,-4317,5796
-732,-17112,7500,-2249,-1221,9181
1440,-13900,2912,-5782,6530,7909
8752,-12640,-4220,-10046,11968,-619
2200,-19332,6064,-17177,12551,-12779
-3596,-17692,8612,-16910,9079,-9033
-3184,-18312,1028,-14988,6370,-2783
-1700,-16296,3000,-14544,1596,113
-6916,-13728,-1872,-11240,-363,6622
-2244,-18812,7632,6876,-7728,8627
4380,-17268,6024,3157,-6642,6453
9776,-20284,28540,10431,-2989,1071
5788,-10800,3136,19392,-6324,-6961
4880,-18820,6700,7136,2414,-11122
5316,-17976,-664,4153,3688,-10492
-1376,-10124,3968,2035,6511,-5757
-2432,-17012,7896,4413,73,-1132
-5412,-17528,5136,2844,-5242,4610
4840,-15020,1768,1578,-2741,2263
1024,-15504,4644,-537,423,123
1052,-15012,6208,-148,298,-1196
1536,-14792,4296,-334,3227,-541
1684,-15132,5220,-422,99,-213
1240,-15164,6032,-6,357,306
740,-15036,6040,-339,76,233
1100,-15176,5964,-636,-6,-143
840,-15104,6212,-597,85,-34
892,-15192,6012,-37,299,-22
792,-15140,6316,-264,290,-210
928,-15000,6200,-275,210,-480
896,-15056,6184,-447,391,-381
1096,-15080,6176,-358,103,-287
