764,-14068,7968,809,270,-301
564,-14016,8440,433,187,-446
692,-13988,8524,-193,-52,-418
688,-14180,8184,-271,58,-310
836,-13944,8084,-40,-117,-295
836,-14056,8144,429,184,114
968,-13976,8168,770,539,628
1224,-13700,7380,1515,1106,1310
884,-14252,8528,1194,2388,3274
-84,-13672,9420,-1343,3472,4007
-6408,-21540,10736,-1616,16428,-7953
1380,-11236,10804,492,-1788,-6615
92,-8420,2884,31,47,-1196
1856,-11572,7120,1421,-2622,-1729
996,-10840,8388,2824,-3448,-434
692,-14384,9656,2742,-3776,242
364,-10672,7764,3997,-5328,3159
800,-13360,9600,5752,-4874,2502
1648,-14668,8320,3873,-3617,1793
836,-14172,9612,2333,-4330,2161
-188,-14288,9516,4183,-6475,3511
-40,-13424,7528,7230,-6567,5578
88,-13720,8936,4774,-3681,5861
1724,-12604,8072,3926,-3099,3761
1840,-13208,8676,2037,-1272,4890
2688,-12976,7152,-3297,3702,5950
5148,-13612,7884,-3585,4143,3075
4000,-13016,10596,-2532,7135,-375
2676,-13704,9380,-7580,9312,-3674
1224,-12828,9884,-10036,6481,-5691
1016,-12964,9716,-8632,5779,-4226
-1104,-12728,9364,-6073,7635,-3732
-2124,-14476,8252,-7528,5419,-4310
-4280,-13316,9492,-9636,4109,-4077
-3260,-13920,8608,-6582,706,-2836
-1776,-14924,9880,-5787,-2607,-210
-616,-15284,10152,-3422,-4619,1101
-784,-14288,8984,-667,-5463,4930
1364,-13288,7832,4661,-5400,6330
-1004,-11012,12064,6909,-3273,5325
3128,-15668,10104,10420,-5986,1422
3916,-15372,6880,8232,-2847,-2255
3780,-14400,10972,3005,2751,-2345
4716,-16588,11496,2711,4558,-6542
-564,-12860,7732,2763,5878,-6550
-3152,-14012,10392,2253,4319,-4452
-4348,-12976,10432,2029,-12,-284
668,-13864,7992,-166,-1647,527
-456,-13804,9388,-1252,-5,-642
660,-13108,9356,-693,-526,-1535
928,-13116,9408,146,-541,-1425
964,-13040,9300,255,341,-392
812,-13004,9916,743,224,471
668,-12784,9936,297,611,704
584,-13100,10008,269,284,281
