5332,9556,11604,-294,24,-274
5324,9968,11668,-310,-115,-333
5400,9752,11648,-474,-133,-251
5264,9508,11968,-224,-72,-422
5004,10228,12684,-447,-1493,-622
2732,9908,13188,-1712,-4345,-416
1576,5640,15308,-6789,-12663,-4779
8716,5452,9156,2002,-9644,-9205
6084,10452,13232,2369,-9134,-16080
4568,10032,11668,-561,-8857,-18108
6572,11372,9076,2730,-8599,-20767
6776,14624,8864,2478,-6799,-17273
3824,11656,9468,8918,1902,-12932
-712,11068,8628,10183,-765,-9201
384,10012,5124,11541,2113,-12815
1164,14992,5012,13418,7731,-12114
4080,18872,6436,256,7237,-7900
2388,15336,3692,3836,8557,-7819
3640,18296,6396,-878,12347,3001
3764,18180,1984,-2414,15410,6057
-6632,17376,8040,1684,11449,6611
-1852,15048,2760,1406,3036,10253
-5408,17768,3404,927,14440,6996
-12832,12048,6840,-661,9833,9091
-2064,15480,3348,-2182,13728,6534
-6480,15068,6860,-2109,13309,4748
-2552,13968,4572,-2388,8447,5322
-2708,13720,5188,-257,10545,1078
-60,14060,7616,2197,2421,-2249
4884,13784,7544,1253,-3266,-2595
3952,14672,8180,3414,-5501,-3580
4012,14300,6980,4412,-7139,-4804
2988,14736,8412,3727,-2880,-4448
1376,13884,7316,2158,897,-1125
580,14364,8604,1442,4879,-2173
24,15356,8560,-170,5329,1265
-1508,15292,8856,-2824,4734,9446
-1708,11888,7728,-3179,736,8280
-2620,13764,5464,-3409,3077,1951
-4872,15288,9300,-4679,-1249,2873
-4452,15964,7676,-5345,-3119,3957
-2820,16208,4612,-1543,-926,-609
-3292,14740,3688,-149,-2366,-1475
-5052,13804,4212,-1935,-2939,-1095
-8016,10704,4412,-3398,-2856,-4618
-1260,15808,5512,-1354,-1914,-2746
-400,12076,4540,-652,1711,-4343
4308,18440,8368,-1005,-12059,-4369
7168,20520,8016,-281,-6107,-2402
-1448,11356,8892,-1113,-2395,-5020
4032,13528,6316,-105,-3287,-5151
2720,14660,7536,2376,-2965,-3965
2112,14068,6112,1684,-632,-6294
784,14496,6108,2256,-687,-5982
344,14832,5956,1153,-2812,-4650
-1372,16092,3300,-498,-886,-2861
1028,17888,4748,-995,-824,-3163
2208,16072,1608,-2642,-5561,1291
-2932,18104,4224,-1564,-1975,725
-2900,16952,3808,-32,9208,2255
-2440,16728,4924,1874,5158,10040
-592,15640,4744,2196,1985,13105
-3340,14928,6392,436,3570,10379
-3852,17700,9524,3238,5301,11892
-3924,13000,4284,-11625,-6678,8977
52,21812,8248,-16548,613,6506
164,15844,6036,-18123,-1910,12706
3452,11492,6136,-16413,-3709,14794
8208,9236,5828,-11228,-6786,15198
7236,5400,7112,-7015,-816,12292
9172,5420,7660,-3643,-63,7701
9560,8716,12472,-5046,2001,7520
12376,9440,15568,-6352,6805,4567
