-268,-11192,11596,221,160,-559
156,-11036,11832,347,-332,-640
232,-10844,12032,47,-547,-557
536,-10864,12044,-280,49,-366
332,-10872,11864,-374,-149,-212
264,-11092,11924,-440,-292,-398
304,-10880,12116,-672,-713,-515
620,-11148,11920,-679,-1216,-556
440,-11152,11696,-52,-1413,-505
388,-10868,11500,477,-994,64
10412,-11720,-2848,-857,3965,2801
1480,-11964,12080,-807,-387,1210
2160,-10112,11608,687,639,-674
3384,-10128,11660,380,3944,3191
1768,-9620,12000,-737,10328,8037
-5000,-14920,18024,-2749,3912,4786
-1640,-27172,26868,587,-4502,-10807
-10152,-15312,12376,-2064,3330,-2807
-3836,-15816,16624,-1626,-2102,-3297
-3428,-10488,12348,-1407,-4574,-2713
-4284,-11708,13304,-1374,-7872,98
-1376,-11988,11640,19,-7673,3282
-688,-12568,9872,917,-8301,5548
844,-13404,6220,-1462,-1615,3325
-972,-14472,8748,-1357,-6151,8320
4900,-15040,8164,-1838,1716,3253
2792,-13952,7304,-2443,2962,1997
5604,-14180,7628,-2326,9480,841
3936,-13360,9980,981,8640,-3323
212,-13204,10992,308,9057,-5795
-888,-12656,11644,-600,8852,-2619
-3112,-10772,12532,831,1218,-5012
-3688,-10504,10256,1684,4660,-2896
-4324,-10984,11972,-343,3317,-4699
-4636,-9916,12556,-2728,1804,-4928
-4264,-9124,12312,-3364,-2607,-3506
-3264,-10388,13408,-3775,-3123,-1724
-3088,-9272,13224,-4166,-2446,4017
1292,-9312,12780,560,-4058,5519
3528,-12600,12904,4654,-6005,4126
7628,-11448,10780,2646,-386,3757
5820,-11720,11596,2339,807,1243
3376,-12784,10900,4812,1788,-782
-256,-13352,11372,60,3448,-1926
1324,-10552,10456,-2120,8247,-6712
-456,-8704,11308,1135,6466,-6023
-4732,-11248,9916,1187,3155,-2264
-880,-10840,8188,-1221,956,613
2156,-4380,5552,-2011,-3545,1017
-1968,-9320,9840,-3528,-3700,-1030
-752,-11932,10896,-3031,-313,-1374
-864,-11948,10996,-687,-924,-1890
-60,-11780,11340,864,-711,-1519
-392,-11664,11144,1834,-424,-551
-36,-11468,11548,2074,447,645
-292,-11572,11320,2245,217,628
