8032,6840,11984,-792,-650,20
8088,6936,11688,-433,-894,-93
8700,6260,11400,-497,7,-277
8020,7300,11784,-442,-1476,-356
8536,6904,11452,-266,-754,-560
9268,6756,11136,238,714,107
8152,6808,11956,126,-2346,-298
7588,5632,12464,1276,-2608,-1364
7556,5972,13472,3364,-6988,-4628
8084,7148,12120,4123,-5024,-7997
7696,6052,11336,3365,-6098,-14807
10524,9076,10492,3215,-2201,-21336
4212,10320,11692,540,-4230,-21527
4140,10520,9428,2131,-2867,-22194
2992,13036,10892,2990,-1274,-19256
1876,9264,5816,6969,-929,-14843
4380,12508,6952,4148,428,-21677
4440,20896,13268,4911,2031,-11141
2900,16036,8328,1531,-1578,-6141
2648,14352,7516,5912,5062,-7197
6272,16052,5904,6453,7090,-1508
2704,13712,4132,-769,12488,6579
-5720,14792,5108,194,10430,5061
-5204,16232,8296,2853,10618,-3547
560,18240,5668,5316,1732,5089
-3268,16864,2508,4817,6242,16365
-4596,13792,1756,2283,14880,17714
-7816,14632,8000,2790,17263,8210
-3972,14028,6392,2683,11733,11391
-1112,13648,6732,936,14844,6151
-464,16604,8032,2253,11531,905
-328,14336,9024,3867,6536,-2385
4108,12628,3444,1883,3707,-5145
3604,13512,7248,1945,-2173,-6189
4940,13108,5448,4764,-5173,-7729
2480,14688,7260,2326,-7978,-8508
3500,16048,6752,4106,-3710,-6025
1108,15708,6976,2967,494,1220
1496,14880,6692,2151,3547,5584
4048,14828,5724,455,6978,7458
1196,13196,3072,-555,5864,8149
6516,12732,1032,-1364,5686,9421
1500,11128,5836,-4794,-870,4156
-4512,13620,5808,-6367,805,-2124
-7740,16628,6032,-5869,-3663,-2980
-4304,16912,5348,-4469,-2451,-2844
-3136,15316,4228,-3757,-2539,-2516
-2460,17300,5176,-2185,-4653,-6266
-2696,17636,10100,-618,-2849,-8356
1308,19948,4512,-1880,-7171,-10336
3956,12824,1396,-3291,-3396,-5516
1000,14948,7804,-2074,-9420,-7045
1776,14148,10964,-904,-8823,-5110
6516,15104,6096,214,-2248,-5008
2608,12392,7204,-439,-998,-5109
-44,16192,7592,-300,5019,-1796
-312,16616,4964,3149,-897,279
760,15984,5976,1884,-3476,-3521
2244,16752,4336,-135,-2214,-1513
-4088,16196,7560,-1800,-3873,1409
-892,14272,-1160,-1823,665,1953
-3032,16920,5652,1122,6218,3089
-1632,18384,6480,4916,3106,10854
-5132,13760,7800,4621,248,12383
-4220,16108,8500,2670,3231,11919
-2436,19096,6892,4587,-1897,17311
1924,21596,8052,-11422,-4855,13328
1740,18296,5112,-15278,-1419,10411
4144,12776,2564,-13851,1093,13147
6928,12312,4848,-12332,-783,13104
8852,8392,5524,-10693,1146,13389
8828,9748,8140,-8940,4236,11596
6092,8424,11188,-10543,3732,8044
7064,7008,10928,-8763,-751,6743
13008,10136,13416,-6881,913,3667
7084,5964,12292,-7318,-339,5696
