-2276,-15628,4632,-326,-374,-449
-2256,-15512,4228,231,195,-69
-2268,-15296,4444,54,-184,-568
-2356,-15592,4484,-113,15,-331
-2276,-15564,4540,690,285,-185
-2268,-15400,4812,665,143,-533
-2348,-15432,4900,332,30,-591
-2740,-15748,5020,-541,-92,-1524
-2220,-15296,4912,-1065,-1220,-3522
-3516,-17600,6716,4468,-1551,-184
-3196,-14200,4440,5400,-4753,1762
-932,-15324,3816,1512,-3016,1885
-384,-15688,5556,-219,-1955,3773
916,-15656,5292,-1925,-1066,-36
144,-16980,5220,-3640,810,-62
-88,-15808,4596,-4292,592,-265
1148,-16228,4420,-2879,721,105
-212,-16100,5108,-766,-475,509
596,-17688,5980,-986,-3172,-643
-168,-16068,5216,-2532,-3174,-2608
1312,-14840,5660,-308,5752,-3655
-2608,-15960,4836,364,7154,-3903
-4352,-14496,1456,684,5203,-4148
-6284,-14736,5264,-894,-308,-247
-3348,-15436,4864,-1460,1633,-1372
-6340,-17784,7212,-366,9257,-3403
-4860,-14676,6256,-87,4485,-3082
-4936,-15040,5224,-1817,-4072,-2746
-3848,-14920,3228,-5355,-903,-273
-2944,-14880,6568,-3616,1932,-972
-3584,-13360,1712,-1118,1016,-647
-1928,-15860,2968,-2288,590,547
-3024,-17660,8308,485,-1841,2394
80,-16784,7212,3219,-3101,1302
1248,-17808,5632,5580,-1617,1384
40,-15960,5308,4789,561,2174
-1876,-16384,6636,2232,-1489,-669
980,-17012,5476,4329,571,2184
1084,-15704,6768,6064,-880,78
508,-17504,7288,3436,-2111,2292
660,-15840,4900,3548,-2097,-120
8,-14124,3844,3667,-1021,-171
712,-14096,5204,4329,981,-396
-708,-15088,3380,3977,1325,-1730
-116,-13836,4364,1141,2353,-1147
-716,-13536,3780,-113,4613,-1364
-2376,-13596,3932,-1430,1957,989
-1668,-14856,7800,372,-520,-3735
-3340,-14152,7156,448,1009,-1664
-3312,-14592,6848,346,-527,-1919
-2656,-15068,8532,753,-1992,-2808
-3120,-13496,7792,-106,-2487,-873
-2804,-16040,10076,-1839,-5478,-1703
-3244,-13672,7316,-182,-6297,-480
-1636,-15376,7288,1172,-4629,287
-1636,-14736,6732,1999,-4263,1090
-3728,-14572,7304,1030,-1528,764
-5344,-12828,9132,-1009,-2629,2575
3600,-15828,1860,-559,-2575,1802
776,-15464,7628,1438,-1468,-741
1432,-15452,7736,942,796,-910
208,-14664,7532,415,1000,690
32,-15108,7884,572,-340,-114
-564,-15428,8688,616,667,-20
-520,-14416,8068,887,1136,-483
60,-13944,9376,1156,252,-1009
-1300,-13520,9280,58,-88,-746
-444,-13916,8400,-383,736,1300
-960,-14016,8212,-328,306,1262
-984,-14188,8348,-547,331,690
-956,-14092,8288,-357,575,399
-1116,-14076,8464,380,152,-538
-820,-13780,8532,288,14,-603
-880,-13872,8424,656,418,-249
-1020,-13796,8620,381,165,-233
-984,-13820,8508,-58,43,68
