-1584,-8460,13444,1295,971,-237
-1504,-8388,13148,747,712,-230
-2416,-8528,14300,185,582,-372
-1948,-8288,13580,37,476,-165
-1792,-8696,13544,-210,102,-130
-1904,-7940,13544,-435,469,-38
-1944,-8360,13756,-391,275,-133
-1936,-8548,13512,-528,504,-119
-2192,-8248,13912,-1031,-136,-265
-1792,-8420,13584,-753,-945,-509
-2476,-8152,14080,-1574,-1810,-670
-2748,-8052,14248,-2543,-5495,-1383
-7680,-11740,29932,-1979,-4474,-326
5372,-12980,11216,-398,-8197,10430
-3668,-10440,16164,-3915,-5709,5966
-1748,-8940,13272,-1392,-3209,2890
-1424,-10204,16556,-2199,-4443,3544
132,-7332,11764,-3636,-2905,5681
-56,-12984,18624,-2757,667,4795
396,-7632,10124,-6288,928,5055
804,-11340,10116,-2187,4196,4421
132,-9924,13056,-4561,7435,3523
92,-10292,12624,-6922,6335,-285
-2216,-9812,13188,-2483,6253,-5473
-3292,-11372,11564,-680,4882,-4533
-4132,-11464,13548,-1033,5934,-7948
-5168,-10920,11880,-2729,4900,-9509
-4680,-9856,10528,-5094,7365,-9268
-6576,-9168,11300,-6869,5078,-7757
-4952,-10732,11024,-5208,1791,-6354
-3292,-12112,8612,-8013,-1906,-3654
-3296,-8676,4004,-5953,-2876,-1360
-3144,-11300,7184,1677,-6160,-2502
-6480,-5220,-1456,-5314,-1288,6310
392,-14340,12996,698,-8511,-223
1480,-14696,18000,220,-12019,-467
-2172,-10584,14352,-3337,-10941,14331
2108,-12488,4284,-1997,-4055,9303
7140,-14016,4852,-19111,-1810,4159
-27020,-10104,784,32767,32767,24187
2764,-27560,9880,-18465,706,-1269
-5072,-15408,5804,-29507,-7339,5098
16952,-21652,-14472,-16275,633,3979
10948,-25672,-5040,-2448,15541,3488
12868,-21832,-4404,-8661,10931,4583
9144,-17832,-1292,-9058,10699,5088
17984,-20612,-7840,-8209,14620,4529
10116,-17852,11896,7962,9093,-8913
-2644,-13492,12972,1023,1754,-7291
-10212,-14020,18052,-20645,-10429,-977
32767,-21752,-32768,32767,-10554,-17733
-17292,1452,22664,-31358,-28839,-351
6712,32767,-30164,-20113,17268,-2128
-6212,-29728,18196,32767,-10677,20396
15572,-19956,-1424,1400,-14896,-5867
6424,-11856,2008,6928,-4773,3900
-928,-11544,12772,2022,-4167,1928
1652,-9500,12460,4723,-787,-2198
644,-9340,12700,3659,1098,-715
-412,-9360,13016,830,481,-671
-296,-9496,13024,-1086,1378,-59
-548,-9772,12576,-1806,2931,675
-20,-9612,11932,-3302,3595,1449
-1512,-10412,12304,-1378,599,-89
-1084,-10968,12492,-272,21,-293
-1060,-10008,12688,-460,441,22
-1072,-10180,12348,-633,-9,-66
-812,-10172,12284,-619,433,263
-1068,-10292,12424,-505,442,71
-1156,-10244,12244,-92,881,196
-956,-10104,12200,-229,594,110
-1548,-10928,12404,-587,391,37
-1072,-10088,12372,-460,320,-56
-1308,-10160,12176,-201,961,255
-1340,-10340,12400,-375,389,-142
-1352,-10316,12412,347,425,-66
-1732,-10284,12392,1127,257,-63
-1608,-9928,12580,87,255,-233
