-2252,-14204,11508,2643,5073,-3764
-4044,-13704,6352,1566,407,2364
-1668,-12756,8544,2409,334,454
-1904,-13064,9736,1313,-729,-575
-1912,-12220,9484,-102,-38,128
-3212,-12924,9860,-778,-672,816
-3108,-12812,9340,-1325,51,401
-2368,-12656,9652,-3051,229,442
-2828,-13072,9176,-3912,636,91
-8420,-13632,7576,1417,-2019,1781
1604,-13088,7796,1328,-7773,2094
-128,-14044,9944,-3191,-8278,1391
-3708,-11876,8544,-5614,93,4188
872,-10900,8052,-9489,-3549,3178
4896,-13272,5824,-6784,1328,2414
272,-14856,7552,-8651,1651,1591
428,-12888,6452,-9858,1302,2075
-472,-15028,8056,-6172,1722,37
-2892,-15968,7964,-1820,4061,-317
-2740,-14476,5528,-40,6843,-525
-4932,-17928,7768,-1950,5762,-4680
-5284,-14012,5948,-3728,5930,-1548
-6736,-15880,6116,-2109,2227,-2075
-5676,-14268,5032,-216,765,-2411
-5364,-14540,5580,-507,463,-3552
-4692,-15348,6280,-2554,-338,-2730
-6032,-13300,3912,-5690,371,-2314
-6112,-15088,6276,-4830,2288,138
-4708,-13816,6328,-2136,2154,779
-4160,-15120,7320,2456,-897,616
-4404,-13436,6848,4922,-1080,2160
-2152,-14324,7544,5385,-928,-520
-1916,-13564,8000,5870,253,3224
-1628,-14624,6424,4697,-2501,662
-828,-13516,6028,5330,-1875,1554
48,-14372,8052,-1558,-72,1759
-2116,-15072,8216,-2350,-2275,1205
-1012,-15864,7252,983,-4974,957
-2716,-15092,7264,1400,-3568,-2312
-3080,-12796,4952,-724,182,-2399
-2820,-15668,7168,269,2903,-514
-6208,-13124,5148,-1435,4639,1220
-6132,-10664,4524,-355,-1446,-1874
-4156,-16572,9672,672,-5141,-1327
-4028,-14704,7608,-1084,-1297,-268
-3920,-13868,6616,-872,-2840,-1125
-4820,-12272,4976,-2635,-3793,-579
-2840,-14096,5364,-979,-4266,-594
-2068,-14584,7068,848,-1400,-617
-2900,-14612,8400,-4581,-55,-927
-1712,-13960,6440,166,-103,17
-2172,-14464,7204,1130,16,669
-2716,-13988,7992,1656,-425,1525
-2896,-14292,7680,1546,95,432
-2804,-14092,8064,34,44,-441
-2552,-14076,7612,-183,202,-481
