-2544,-14712,6572,39,152,105
-2524,-14752,6628,194,94,-183
-2348,-14636,6696,114,78,81
-2632,-14644,6912,-157,69,340
-2688,-14648,6656,-220,37,30
-2584,-14572,6596,-398,45,-35
-2684,-14648,6680,-482,-103,-165
-2616,-14656,6704,-435,25,-121
-2532,-14712,6820,-395,9,-211
-2536,-14596,6700,-237,95,-95
-2612,-14660,6840,-117,162,-201
-2560,-14644,6744,-249,134,-309
-2688,-14584,6840,-538,133,-434
-2600,-14556,6700,-752,40,-587
-2584,-14684,6700,-1077,-108,-503
-2476,-14660,6676,-1430,-168,-721
-2564,-14492,6884,-2081,-377,-752
-2272,-14564,6596,-2913,-194,-1082
-2828,-17480,6128,-535,-413,-283
-5880,-12064,4816,5179,1245,379
-5504,-17568,8048,4647,-49,457
-3956,-8620,272,6005,3604,1371
-2964,-12464,6280,-118,-860,-1990
-3344,-12920,8000,4754,1138,933
-2016,-14648,8052,5868,-301,-214
-4136,-14524,7012,7699,853,1099
-2896,-19060,12436,5317,-1614,435
-3080,-9892,5656,1350,-1794,4186
-1288,-13364,9600,1663,-5756,651
-1360,-13956,5560,563,-3089,1762
-2168,-13796,7100,1998,-951,1336
-212,-12224,7956,-792,57,966
-2252,-11768,10668,-3039,-401,-761
20,-14076,7748,-6367,2197,-703
-72,-11848,6384,-4968,2464,315
-1072,-14512,9488,479,2976,816
-1752,-13768,9132,1228,2863,94
-1400,-13344,11244,-1867,1450,-948
-3452,-12272,10428,-1491,1466,-907
-2768,-12800,10456,-1378,202,-1653
-3016,-19780,15364,-2527,207,-1448
-2428,-6312,1916,-2765,1991,-1873
1584,-10744,6924,-2524,-483,-1477
-4044,-12256,6620,-3096,973,2156
-5448,-24056,12908,4802,-153,-2629
-2688,-17204,8196,-370,1160,-1533
-632,-2768,-8,-4661,-249,-531
-2844,-12372,6352,-2219,-1945,-873
-1660,-14760,6464,-1394,-414,-628
-2232,-14436,7560,2989,1090,-432
-2316,-14032,7956,6015,706,-840
-1988,-13792,8392,7868,1779,-1493
-2576,-13924,9288,7475,2215,-2042
-2720,-11020,9236,-2134,-463,-1462
-1748,-10792,5932,-3966,1115,-558
-2800,-11560,8116,-2015,1390,-1740
-2612,-15944,10412,372,2331,-2169
-3836,-11416,7908,-2868,1143,-2081
-2528,-14212,10588,-861,81,-636
-1976,-12192,10720,3054,-522,-1319
-1172,-15308,10500,2451,-13,343
-1460,-14572,10512,-528,493,-656
-2952,-12868,11560,1510,1045,-1130
-1852,-11072,9308,414,1229,-285
-1852,-13724,9972,1269,627,-1491
-1684,-11944,10668,695,233,-762
-1496,-12020,10492,-495,340,487
-2012,-12992,10016,-2086,531,878
-2172,-12960,9692,-2006,-153,-102
-1964,-12984,9528,-1551,-180,-535
-1916,-13024,9580,-905,-282,-734
-1672,-12988,9608,-675,-88,-274
-1708,-12996,9640,-784,114,245
-1964,-13016,9708,-676,271,313
-1960,-12996,9424,-106,109,-37
-1940,-12948,9572,214,11,-363
-1888,-12896,9760,1,67,-306
-1800,-12776,9672,-299,188,-163
-1892,-12876,9720,-280,38,-271
-1864,-12960,9596,-242,38,-157
-1956,-12824,9696,-311,228,63
