-2480,-13764,8384,-252,166,175
-2788,-13740,8292,-156,289,167
-2756,-13724,8412,16,252,21
-2648,-13560,8376,-5,319,51
-2784,-13668,8732,-275,414,-46
-2852,-13592,8584,-601,436,-110
-2860,-13688,8360,-824,462,-93
-2892,-13696,8416,-804,220,-430
-2804,-13604,8408,-1193,226,-436
-2984,-13560,8544,-2298,181,-503
-3004,-13896,8176,-3436,196,-1130
-2984,-13804,8192,-4170,-299,-1780
-2880,-14000,7960,-4802,-934,-1445
-3068,-20140,5400,531,2762,277
-3032,-19068,7404,974,-2270,-1492
-4192,-14532,8320,721,-198,-770
-3476,-8484,6020,3756,2590,2664
-2460,-13768,7692,2697,-491,-284
-2352,-11024,7048,3688,1027,1245
-3632,-13612,4808,3479,1657,4260
-2496,-17260,10680,789,-1118,3369
-2100,-21156,13876,3727,-4250,-545
-1596,-14828,10180,411,-3776,-217
-1844,-10884,5064,-3914,367,1734
-3152,-11600,7696,-2024,63,447
-1968,-12884,9900,-135,-686,-13
-1684,-15212,9992,613,1311,462
-92,-14336,10568,-408,2170,512
-2008,-13804,9724,-1653,1762,121
-2052,-12708,9212,-2383,1817,-895
-2544,-13036,9476,-1314,668,-1306
-4160,-12752,10256,-2695,1209,-803
-3940,-12528,7112,-2688,948,-1476
-3588,-13504,10148,-2329,720,-2152
-5108,-14712,8908,-2373,2752,506
-3740,-3704,-2700,-310,1420,125
-1736,-6624,4448,-2579,637,-374
-2644,868,-3976,833,-4923,-5261
-1312,-25696,20992,854,-3408,-2392
-4480,-6712,1072,-3224,1668,778
-2412,-1868,2576,-1469,-869,439
-2328,-14056,6772,-1047,-163,-813
-2364,-14396,7164,260,-126,-797
-2348,-14256,7460,3630,-501,-750
-2780,-14372,7644,6614,-400,-1464
-3368,-14136,8900,7576,-2361,-1766
-3520,-15428,11448,-2876,1705,-452
-2872,-14508,8852,-4165,1302,-837
-3136,-12688,6596,315,-364,-1893
-1968,-13448,7192,821,536,-1585
-2472,-15228,8256,104,564,-2313
-3156,-14804,8172,386,2022,-1397
-64,-12560,6484,1413,-941,-3260
-1032,-9996,7720,-1140,7,-2902
-440,-15936,12740,1840,-1371,-1413
-1296,-9712,15248,9314,-2480,-1068
-612,-10148,12464,8042,1085,1002
-1896,-11040,11872,2671,1728,376
-2052,-11704,11360,-2169,1204,-159
-2100,-12376,10700,-5496,344,-951
-1460,-12736,9384,-5766,60,-1216
-1476,-13404,9484,-4563,311,-761
-1672,-13596,9144,-2510,-4,-233
-1452,-13220,9184,-695,262,232
-1596,-13208,9384,156,252,732
-1752,-13192,9364,389,319,740
-2028,-13172,9636,246,317,187
