-2724,-14704,6524,63,82,-245
-2692,-14672,6480,321,-18,-53
-2716,-14732,6736,421,80,32
-2784,-14652,6804,-10,57,-138
-2708,-14608,6852,-459,121,-187
-2648,-14664,6888,-932,165,-189
-2744,-14592,6844,-1600,131,-263
-2360,-14556,6904,-2173,794,111
-3260,-11396,5988,623,-103,-167
-2040,-13072,5820,-404,-343,-720
-2944,-11664,6464,-1209,-309,-357
-2464,-11488,6444,-2299,185,68
-2604,-19904,6680,1115,-853,-2459
-3980,-13568,6056,3846,925,-1188
-4460,-17200,6844,4295,137,324
-2444,-15732,3176,3675,-755,70
-2928,-14752,6264,5881,-1027,2186
-2424,-15088,5664,7544,-1874,1590
-3912,-10472,944,6275,-2599,2236
-2380,-11220,4316,-2524,-295,6252
1156,-15348,8408,2029,-2312,1770
-1920,-10912,6052,1188,-676,1144
-3920,-15480,9960,-3851,1304,834
-2668,-13248,8120,61,-70,-79
-1408,-12980,5476,2009,210,368
-1500,-12520,8248,1214,1305,782
-2036,-12172,9384,-2859,1749,872
-2232,-11604,6892,-128,3175,2940
-1456,-12752,7768,308,-7127,3829
-928,-12336,7992,-1696,-2421,2657
-2968,-12568,11040,-3933,496,-1104
-4032,-14504,11196,-3627,762,-2553
-2280,-13808,10924,-2202,595,-2469
-4344,-11764,6876,-3691,548,-2284
740,-25368,25788,4061,-2884,-3925
-1564,2976,-1804,-1760,1456,237
-5696,-10624,4608,-863,2582,1230
-4564,-15912,7936,-2364,107,-1208
-8960,-9272,-124,-3669,2486,1762
-4516,-25312,9096,2439,-1318,-1575
-4536,-12936,6816,-2048,-665,-777
-2092,-14516,6644,-869,-439,-1329
-2184,-14152,7304,1531,3,-381
-2516,-14092,7640,4587,-24,-2
-2812,-14104,7916,6286,-251,-637
-2952,-13632,8724,7604,-689,-2012
-2968,-12716,8708,4746,-1956,-2662
-2912,-12324,8228,-3894,948,-103
-1936,-12436,7108,-2752,1648,218
-2712,-14432,8632,-3375,1307,-683
-2668,-15416,8048,-3235,2419,-1340
-2704,-12100,6628,-3392,1016,-661
-2988,-16112,10248,339,-701,-963
-2424,-19260,13240,63,1437,-403
-1800,-15664,11632,1496,-465,-1163
-2024,-14516,8484,3626,402,-602
-1288,-16416,12720,4784,-922,-1073
-996,-9128,7952,4088,-1150,-1074
-780,-13404,10036,522,548,572
-1820,-11876,10800,2500,645,204
-1992,-12348,10064,336,521,433
-2272,-12692,9816,-2153,890,539
-2596,-13156,9388,-2977,759,101
-2616,-13324,9016,-2411,302,-643
-2224,-13232,9080,-1571,316,-607
-2248,-13324,9032,-1047,62,-43
-2236,-13160,9152,-756,88,309
-2496,-13364,8908,-423,254,210
-2536,-13484,8960,-47,-170,-274
-2324,-13212,9220,17,-101,-520
