-2096,-14144,7804,-713,-15,-327
-2028,-14188,7944,-614,-53,-208
-2104,-14100,7720,-735,-11,-223
-2164,-14272,7720,-657,-11,-486
-1992,-14144,7748,-571,-77,-360
-2136,-14204,7596,-623,-18,-332
-2188,-14248,7780,-801,-133,-609
-2132,-14116,7624,-830,-440,-988
-2012,-14268,7620,-1316,-430,-439
-2696,-13604,7628,-852,-1039,-297
-2392,-12200,8700,555,-439,-1262
-3696,-14840,9520,358,186,185
-3792,-13984,7328,2453,-538,83
-3284,-10416,5832,3192,351,721
-3420,-10664,4532,4296,-1952,727
-3948,-13112,6688,1924,-1089,3238
-1444,-10936,3940,-808,-857,2133
-1028,-11972,5108,2435,-2352,23
12,-13128,7168,1615,-1492,843
-520,-13268,7576,-3348,11,2998
48,-11348,8268,-5269,-1629,1112
760,-15656,8628,16,-581,905
588,-15348,8788,-1052,428,651
280,-13444,8916,-4014,778,-764
100,-14464,8668,-3491,1404,-1833
-320,-13408,5120,-249,4594,-1323
-2588,-14064,8380,241,4023,-1065
-3364,-14292,5612,152,4798,-1738
-3720,-14608,7488,-916,4015,-2184
-3920,-15432,8128,-811,2886,-1973
-3924,-13548,8620,-1146,2461,-2148
-3512,-14772,6868,-2265,1728,-1582
-4684,-12128,7260,-2546,184,-2211
-5860,-11160,6872,-2910,-103,-944
-4216,-14228,10684,3800,-2252,-1625
-1604,-14964,11232,947,-3136,-870
-2668,-17000,13608,-1565,-2405,1809
1260,-14668,11284,3017,-5241,390
-128,-10788,10844,544,-1114,2960
980,-13224,7524,-1293,757,3173
-512,-11872,10760,-3191,-602,2352
272,-12764,4548,-4979,-645,1273
-20,-7884,5276,-2218,-133,1066
2516,-24180,15612,5570,-2671,-2430
-2720,-28132,17836,3608,1939,-245
104,-6976,2428,-817,3834,68
-4628,-22184,10168,1403,6698,3005
-2728,-28100,23292,3752,-3251,-4498
-6340,-11724,2880,-1133,5921,1023
-200,-6576,7924,651,-5502,-6393
-5172,-14384,8260,-218,-916,-1143
-2156,-15124,4876,375,-2195,-1466
-5220,3184,-5920,-6441,-292,2022
-5092,-18648,7200,-2543,-331,1066
-2660,-17264,6836,-794,-858,-847
-1924,-13916,6188,-2590,-102,-1026
-1208,-14192,7220,-1114,-228,-1006
-1692,-13844,8036,1361,251,-116
-1856,-13676,8532,1972,546,291
-2104,-13636,8852,1338,395,-7
-2268,-13696,8848,630,175,-603
-2032,-13424,8924,-411,69,-666
