-2192,-13836,8280,-450,75,-263
-2112,-13896,8312,-597,58,-146
-2392,-13980,8328,-698,123,-217
-2316,-13968,8244,-625,114,-518
-2112,-13760,8352,-779,32,-326
-2204,-13876,8184,-1049,-26,-195
-2276,-13948,8104,-1058,-108,-705
-2008,-13912,8128,-1350,-189,-601
-2252,-14044,8196,-1501,-348,-669
-1784,-13132,7828,-1322,-234,-855
-2092,-13940,7972,-1598,-474,-799
5260,-14356,3404,614,2307,-3478
-3452,-12320,9040,1141,-16,-832
-2244,-16020,9192,747,-1148,-1192
-3820,-12864,7648,1581,872,1124
-1960,-14220,8324,720,-1365,-143
-1016,-11972,6044,1205,-676,44
-1480,-13888,7716,1926,-2318,39
-1932,-17404,10392,2072,-2437,124
-1716,-15480,9872,2821,-4933,-915
-940,-13000,6720,1203,-2714,1227
-824,-12356,4608,-223,-873,1433
-880,-14568,10280,-4648,-405,2463
-900,-11960,6684,-9400,470,1729
204,-14708,8516,-2004,-396,-46
76,-15104,8204,2059,786,-428
-152,-13880,9000,1361,2478,-980
-724,-14224,9336,186,3307,-1850
-636,-13420,7536,-621,4898,-2413
-2212,-14668,8264,1048,5318,-1653
-3888,-14168,8296,1232,4748,-1756
-4520,-13408,8008,675,4157,-2146
-2968,-14952,5984,1261,3734,-2316
-5376,-13488,8280,-527,1793,-2572
-4036,-11916,6772,-3700,252,-1965
-4612,-11480,9260,-2853,14,-1468
-4332,-13304,9148,211,-1146,-106
-3980,-12728,7836,-646,-1401,1477
-4912,-12584,8632,-1332,-1688,3100
-2712,-8124,3736,481,-1667,2627
84,-10736,11420,-1851,-678,2622
2032,-16192,11756,-5015,-2692,1411
996,-15368,6548,-41,-392,3619
-436,-8216,4532,-2091,-1936,642
-344,-2084,-1508,-3323,-59,4580
-2280,-21104,10768,2398,483,1103
-1420,-18340,9240,617,-206,-4235
-2120,-11072,2892,-504,4583,269
-2772,-16168,14000,1123,896,1047
-2284,-8596,7776,583,-2156,-2437
-6540,-9148,-660,-2858,1673,-374
-3780,-28820,21496,1445,-2443,-1785
-2884,-18376,8924,421,-2374,-2575
-3008,-23448,12188,3782,-4148,-4684
-7392,-14656,6600,-3429,403,1785
-748,-14484,5156,-2443,-959,-904
-1812,-14180,7596,-1523,-636,-701
-1816,-14128,7912,306,59,-230
-1952,-13944,8128,1163,275,-173
-1984,-13896,8432,1280,393,-345
-2032,-13724,8448,863,282,-412
-2016,-13760,8712,341,265,-390
-1924,-13636,8848,-121,141,-470
-1836,-13652,8576,-465,-49,-398
-1828,-13732,8528,-553,-19,-156
-1892,-13708,8668,-436,46,-93
-1796,-13716,8316,-250,-83,-143
