-2468,-14008,8068,-288,106,-189
-2240,-13892,8280,-217,130,-250
-2276,-13880,8100,-321,130,-35
-2408,-14008,7988,-545,132,-251
-2472,-13868,8104,-768,50,-549
-2576,-13788,8264,-1097,164,-986
-2400,-13928,8260,-2090,-139,-2013
-2196,-13924,8132,-3039,-750,-1276
-2612,-13568,7748,-2728,-1759,-923
-4184,-14180,7880,1584,-1107,-98
-5340,-9896,5276,2638,2322,1466
-264,-18384,9832,450,-4284,-2653
-1172,-19636,12060,2262,-5374,-2091
-900,-8640,88,3844,-3546,-170
-2740,-10776,6008,2547,-2975,1316
-2364,-14580,8664,1341,-2011,2881
-324,-13392,8664,1880,-5333,377
-1416,-9768,5864,22,-4155,2562
576,-16028,11660,1157,-5413,136
-876,-15212,5812,218,-22,2615
-1260,-12720,8808,-2525,-218,2337
-36,-14268,9672,-4330,931,1336
260,-13540,9140,-3962,2219,502
288,-14948,9028,-3334,2275,-4
-900,-13780,8736,-4991,1531,-1464
-820,-14680,9800,-2961,4772,-1453
-1136,-14744,7184,-1538,5754,-2578
-1152,-15924,8256,-517,5284,-1828
-3308,-15448,7024,414,5332,-1991
-2764,-14728,6264,-344,4788,-2813
-4612,-14736,8660,-1262,3071,-3653
-2508,-15840,7200,-1063,2836,-2847
-5104,-11656,7324,-2813,1665,-3622
-3672,-15776,10140,-224,595,-2766
-3900,-12424,5432,-2652,-624,-1038
-4060,-12372,7496,-1903,-778,129
-3176,-9884,4884,-298,-1815,1280
-1884,-10044,7332,819,-2765,2055
504,-15988,11012,-195,-3007,363
348,-12784,9744,-379,-1202,2497
184,-16052,7216,312,-566,4035
-1824,-5940,16252,-966,-914,3940
-1112,-6552,6904,-1177,-1274,417
-236,-7940,3376,-5204,-1954,2027
-568,-19828,12220,1115,-813,775
300,-12760,11644,736,-613,-828
-4300,-17640,844,523,2907,745
-192,-21220,14460,-605,2647,1123
628,-18688,15900,283,-223,-1976
-2532,-25588,16224,1067,1630,-1097
356,-11084,7540,107,-2158,-3571
-2596,-16772,12312,-2130,-90,530
-4544,4556,-700,-2212,-26,788
-3552,-11288,5796,-1243,293,-617
-2392,-6756,13612,3296,-3147,-2419
-3020,-11424,7724,1104,662,-2369
-3324,-12480,9816,-2017,-783,-919
-1796,-13976,7924,-1258,-865,-422
-1720,-13984,7952,18,116,-83
-1796,-13684,8500,493,149,272
-2232,-13748,8580,-55,100,-48
-1992,-13804,8588,-610,-39,-442
-1948,-13732,8364,-652,-2,-608
-1772,-13792,8248,-483,46,-258
