-864,-8652,13404,-577,39,-162
-980,-8772,13584,-251,0,-168
-1128,-8680,13444,-85,117,-157
-948,-8860,13508,-113,-64,-115
-1172,-8564,13488,-234,177,-107
-1148,-8612,13468,-295,167,-132
-980,-8452,13440,-448,-67,-264
-940,-8380,13256,-641,216,-150
-1208,-8768,13624,-1051,203,-187
-1060,-8768,13408,-540,253,-184
-1216,-8668,13600,-410,218,-215
-996,-8740,13500,-536,287,-131
-1504,-8340,13664,-90,553,206
-1384,-8916,13656,74,163,117
-1660,-8984,14036,1890,-952,151
-1128,-11924,8232,-10128,-204,-2364
-3524,-11348,11416,-5573,-45,-3012
-6100,-6984,15152,-5041,1428,-2803
-2740,-8320,13008,-3513,445,-1423
-1092,-9968,14036,-2022,-339,-1073
-672,-9236,15524,-1249,-1145,-513
-144,-10764,14776,-435,-891,-376
976,-9564,14588,-597,-1220,229
1036,-7692,12496,-1074,-1764,368
-212,-8424,13428,749,-1892,147
1468,-7816,12720,-8498,2817,3149
-260,-9656,11536,-11350,8605,9903
-1164,-9764,8988,-8953,3494,7739
7768,-7948,3532,1871,11402,-5136
5356,-12076,7396,3501,-506,-3235
-340,-14280,13156,-45,-493,-2021
-3032,-11932,11408,-493,760,-2036
-4792,-12092,11788,-1100,2360,-1673
-1808,-12104,10968,-259,968,-2239
-5048,-11348,7608,917,2189,-1882
-3888,-12144,10776,1208,888,-2256
-3012,-11296,11172,-2218,247,-2625
-3268,-10996,12316,-3234,702,-2750
-4164,-11896,11340,-5110,-561,-3706
-4140,-11760,12200,-1782,-1923,-5231
-3360,-11212,10108,-2355,-1230,-5552
-4152,-12732,12540,-5678,-504,-3364
-2680,-11888,13616,-4656,-2681,-1202
-228,-11164,10512,-2865,-3256,638
2868,-11924,12600,79,-5171,-581
-3628,-8472,12736,305,4701,95
1496,-10336,9096,507,3422,5234
-76,-12208,8936,-6318,1273,9539
1112,-13968,14028,-8294,3349,12111
2264,-13476,12724,6412,-7670,2964
1848,-11812,9628,10999,-9348,-428
732,-9396,6260,7856,-4422,107
32,-10080,5136,5541,-845,-866
-1904,-11728,8480,2510,2070,1096
-24,-12640,5488,617,712,2911
316,-14568,8712,-4912,2147,1633
-7072,-22352,30024,-3941,6761,4262
-196,-11776,8604,8218,883,4851
-13832,-10812,21644,5700,12864,-6236
3684,-11752,11108,-575,3751,-3834
-280,-11216,11840,1235,2920,-1623
316,-12472,13232,-1210,2318,-3627
412,-11880,11052,-1502,3076,-3025
-3476,-11788,13344,-1126,236,-2684
-8660,-10404,11872,2428,-531,646
-4160,-9508,9812,3739,-513,158
-4260,-10248,12712,475,-1199,-965
-1564,-9712,11912,-173,-978,-780
-1544,-10132,12136,-5551,-1190,-1602
-1244,-11212,11340,-5877,-652,-1112
-716,-11892,11032,-4532,-599,-799
-828,-11780,10632,-2966,1282,717
-1364,-12104,10920,-2539,640,226
-1432,-12224,10548,-810,227,-259
-1544,-12072,10744,300,-111,-638
-1444,-11924,10780,1299,-269,-633
-1336,-11564,10912,2383,530,111
-1768,-11820,11160,928,447,134
