-2488,-13308,9004,-317,23,-227
-2232,-13176,9100,-172,113,-150
-2572,-13260,8924,-809,70,-176
-2292,-13252,8784,-1267,118,-138
-2456,-13548,8924,-578,218,1
-2532,-13260,8768,388,370,-40
-2600,-13292,9312,194,30,-203
-2440,-12984,8868,-531,-264,-345
-2676,-13520,9268,-988,1,-156
-2572,-13284,8976,-345,-94,-291
-2524,-13320,9128,-59,141,-181
-2624,-13356,8872,440,-93,-378
-2408,-13232,9116,1061,-364,-571
-2752,-13448,9080,1557,-777,-866
-3064,-14412,8768,6443,-1494,-2195
-3016,-12964,8792,8084,-3214,-3779
-2576,-11904,5224,-3045,2564,-2777
-3616,-13180,8148,-3811,659,600
-2832,-12796,10684,-4506,-3397,2847
-1308,-11788,9844,245,-9063,2013
1100,-13552,14708,846,-5966,193
276,-10996,8492,-2874,86,-916
-904,-10500,9064,-9190,3055,2772
-436,-13068,7508,-13901,6722,8032
22496,-32768,32767,17415,-7954,-9376
11380,-21044,8556,1615,-2105,-5067
-6188,-15640,2160,3341,8034,-3466
-576,-14752,6776,1031,6033,-6807
-3616,-14340,5588,-1286,7565,-5708
-4460,-15780,3864,-4073,8176,-5877
-5028,-15008,5644,-6276,7207,-5324
-5244,-15644,7220,-6615,3474,-3809
-4908,-16680,7812,-5784,-313,-2204
-5720,-15572,5884,-9672,-3171,-935
-328,-18760,9324,-838,-10265,-214
1480,-15708,8536,2625,-12684,-1321
140,-13852,5812,2516,-8045,1273
-2380,-13992,10056,456,-811,6852
-2256,-14244,7280,-1982,-1433,10713
-632,-24936,7628,14401,-6383,2906
-548,-15936,5736,10581,-11359,-3903
1868,-11708,7444,5831,-7805,-1921
664,-15000,10488,7801,-4702,-2336
276,-11408,6800,8200,-2135,-2536
-372,-10684,5984,7305,1196,-2286
-2076,-13632,12236,8405,3509,-1752
-1124,-10924,7456,6590,176,-1201
-1244,-12564,9592,4150,2406,1423
-1648,-11884,9444,599,788,1982
-1544,-12928,12560,2215,663,1250
-1392,-10940,8428,-167,1896,784
-1116,-11816,9832,-5116,5283,1594
-2436,-13192,10844,-6013,4275,1515
-2032,-12704,8688,-925,1676,1236
-1728,-12016,9832,194,2278,1163
-2664,-12320,10228,-1028,2900,1370
-2408,-12340,10560,-648,1116,648
7212,-9348,-2520,2715,-3801,-2440
-3376,-13752,10908,-44,-458,336
-3820,-14328,12396,-2144,-353,-1265
-364,-12612,11260,-1926,823,-3550
-2656,-13652,10644,-3645,2609,-4787
-2240,-12912,12392,-3584,3016,-4268
-88,-14088,8492,-3479,4353,-5636
-6024,-12208,9804,-3076,5954,-2989
-2092,-13544,7972,-577,4788,-4362
-5268,-12204,7460,-1916,5782,-3790
-6112,-12952,10864,-865,1948,37
-2824,-13352,8652,-317,450,604
-3400,-13452,9248,-407,347,76
-3292,-13748,8908,75,-352,-412
-2432,-13028,8804,108,-875,-899
-2512,-13436,9240,-584,-653,-910
-2300,-13424,8964,-829,-406,-681
-2360,-13300,9012,-325,8,-202
-2508,-13092,8892,-236,-385,-721
-2380,-13204,8836,-1036,-54,-374
-2544,-13496,8604,-361,-405,-809
-2508,-13636,8756,-1036,-160,-720
-1804,-13124,8560,-717,-538,-599
-2516,-13492,8836,-575,-725,-592
-2180,-13412,8756,-562,90,-79
-2624,-13868,9072,-452,-517,-739
-2188,-13448,8784,-388,96,-127
-2412,-13396,8736,-538,57,-246
-2208,-13328,8740,-1240,175,-170
-1888,-13484,8544,-1000,-268,-466
-2120,-13688,8664,-214,-272,-368
-1884,-13448,8580,-135,314,-12
-2112,-13488,8952,-265,60,-211
-2192,-13516,9076,-230,276,-177
-2084,-13296,8428,-607,-40,-360
