244,12852,10412,-348,349,-140
444,11924,10296,-166,-113,-108
148,12156,10296,-204,275,-111
708,12368,10188,-392,-107,-91
192,12616,10616,-567,177,-219
324,13036,10868,-1510,-818,68
380,12456,12016,-1554,-1721,118
24,12328,10932,-5054,-4316,334
-1588,14748,16512,-7828,-2021,3894
532,8280,12872,-12713,-11845,2753
6580,8088,9644,-2355,-3476,-400
4036,8628,12560,3815,-2292,925
2744,10016,11780,3273,-5617,607
2536,7744,10732,1572,-2103,-5637
284,4848,7916,6623,659,-9690
-508,8636,8660,9848,-1375,-10820
2124,13332,6816,7671,4499,-11967
-5892,32767,10120,1904,-1431,-4273
8268,24248,3540,9657,7916,3068
3604,16052,5716,9302,3926,12154
1772,17020,2600,4415,5897,9381
-2876,16272,6960,6266,13884,9752
-11200,10312,11060,3905,11837,11152
-8880,13628,9860,-1482,12243,2076
-6260,14696,7924,-1257,8845,5580
-2772,13120,7012,-5775,7820,6599
2436,14128,8240,-2687,6529,3449
7892,12756,6144,-2444,846,2182
6124,12988,10764,-579,1291,-2552
4896,13360,10544,937,-7212,-3766
6740,11408,9444,-570,-10040,-3170
4648,12568,10416,-852,-4843,-6924
4516,13012,10300,-2172,-2412,-2189
4860,12264,10400,-1337,1577,4748
3228,11928,9412,-1074,2647,3286
1564,12820,9720,-850,2541,6813
1952,12480,7860,55,3554,3926
-880,12024,8700,326,4341,2386
-3336,15312,9716,524,2378,3429
-2688,15324,7788,1374,635,3468
-1844,16028,8592,2323,-1275,2530
-3352,19408,10988,-5106,-6237,4450
-15864,19056,22196,-21512,-27799,-5269
-1456,4612,7316,-32306,-13934,-7421
5148,-1408,1568,5768,1086,-8789
11244,20084,11864,591,6551,-5281
7264,9188,9064,-4353,6042,1832
7596,10012,7984,6850,7809,-1545
5404,10092,9380,2081,4295,-489
420,7028,6284,11487,4562,-4688
5544,14904,6148,25087,2040,-9100
-4508,17732,11800,6060,5019,1768
-7980,14332,10032,1466,-520,-3472
4056,15772,-944,-6679,-2210,1174
-1820,15336,15756,-4675,-1032,-1779
1120,16408,25324,-5186,-6187,-5335
10052,11932,9536,-2240,-4441,-469
9252,8208,7372,-1588,-3719,633
2028,12216,10072,-680,-739,-2563
-696,13180,10724,-975,-1217,-314
972,13172,9868,-1173,-274,565
1816,12424,10200,-953,439,-225
844,12680,10256,-942,1293,-929
700,12668,9976,-1110,652,-205
1480,12548,10172,-676,-34,35
1336,12196,10320,-762,570,-67
1264,12164,10236,-411,529,-411
692,12448,9956,-497,706,-198
