-4184,-14596,6584,3000,-141,-1636
-4148,-14700,6632,5069,-548,-2582
-3452,-14544,6828,6115,-1249,-3730
-3276,-14184,7628,7361,367,-3405
-9800,8336,16788,-2503,-5615,-6269
-2772,-17456,3632,1375,4643,-1509
-2888,-14444,7980,-4179,2537,-3890
-3220,-11644,6136,-4268,910,-2056
-2440,-13860,6544,-4074,-1498,-1572
-1548,-15808,9380,-1826,-482,-332
-2744,-14008,8824,-231,-319,-1080
-2192,-10084,4024,-2537,-440,-695
-1660,-10468,4272,-2376,393,187
-1192,-12620,8140,-2210,206,1225
-608,-13456,7136,-11843,3109,6211
-3880,-15352,6012,-13294,-2173,6315
3508,-17392,5092,-3967,-1857,962
-1308,-18908,8116,-2067,-1363,476
-8928,-14440,-1688,-1396,1667,2702
-3760,-17968,5732,239,-512,-1809
-2612,-16460,5672,601,486,-2127
-3032,-14676,2512,2189,1360,-1132
-3684,-17188,3592,432,1207,-1537
-4872,-15400,4328,3950,2047,-775
-6780,-14764,4720,5611,2282,-697
-2964,-14568,5512,2761,1495,-2898
-3876,-14124,5348,2181,2846,-2798
-3776,-13400,4180,-2081,2080,-4276
-4448,-14648,7624,1397,814,-2872
-3048,-14040,6572,-562,989,-2453
-4220,-14508,7244,-1892,-456,-3020
-4136,-11956,3216,-9017,-185,-1410
-5496,-13940,7200,-5526,-350,-533
-3028,-15936,7900,-3924,-1222,-279
-3100,-14832,7940,-2402,-1649,767
-3720,-14768,6528,-584,-2691,1033
-1740,-14616,7052,835,-3860,-537
-560,-14444,6724,2930,-2316,-633
-1200,-14600,6324,1679,682,1084
-888,-14292,5620,1963,1353,1784
0,-15064,5820,-1865,130,-340
1356,-14568,4736,-6908,714,1658
804,-9764,-5556,-17398,1295,2965
-956,-19280,10264,7836,-5370,856
-4080,-16280,5820,-11049,-1051,-392
-3816,-21924,11664,-3113,-1823,1114
-1388,-15564,7848,2381,-6051,2374
180,-11980,6704,9483,-7686,-2542
-1200,-10468,1964,11373,-4983,-242
800,-11584,4884,5647,-2133,-675
-1800,-11692,5992,2131,3000,-649
-3776,-16076,6264,754,3844,1784
-4880,-15668,4896,-3944,-516,1752
-3812,-16940,5148,-3155,2425,1970
-5740,-20108,8620,-8391,282,-3718
-820,-15160,5124,1214,740,4152
-2424,-14928,6012,5457,5375,6463
-1220,-3756,-956,2556,12351,-480
-1148,-14796,5108,515,1570,-767
-932,-15704,6680,309,1808,-508
-2668,-14384,7584,-1404,-318,-1448
-2204,-14136,6592,-665,2441,-1458
-2264,-14988,7468,-1900,1727,-2334
-5216,-12920,5516,58,1649,-1140
-4840,-12364,6028,-274,1553,-1961
-4920,-13372,6888,-1106,2855,-1831
-5596,-11236,5848,-371,1517,110
-7676,-10676,4480,1975,455,1185
-4232,-14156,8172,2136,-2624,-693
-2904,-14196,7124,-230,118,-2830
-2768,-13824,7452,-2542,686,-1956
-3080,-14428,6868,-4440,562,-504
-2904,-14756,6420,-3137,403,-278
-2736,-14836,6268,-1429,-2,-496
-2764,-14724,6440,-170,131,-138
-2584,-14616,6308,248,-54,-69
