0,14900,5780,-235,227,-311
-364,15424,6240,-442,330,-331
-300,15164,6436,-412,222,-18
-340,14440,6472,-371,416,-139
-420,15088,6780,-619,457,-519
-196,14912,6788,-324,414,-546
-112,15588,7376,-684,-58,-1281
-852,16204,11064,-7405,-3377,-3785
-1516,14488,5008,-14240,-16615,-1395
1396,13476,5848,-12054,-9543,2802
1572,12376,7464,-8002,-6105,2968
2444,12284,7060,-478,-6054,3810
1072,9740,7020,2935,-3622,3258
356,10736,9652,504,-1282,1158
-1364,10992,8300,3337,1099,-2739
216,14696,10372,72,-2321,-2603
492,18068,12464,-6217,1660,-2578
1048,4996,4876,2539,5473,-10541
-160,13988,9612,7437,2900,-7963
5540,11884,4024,9957,2508,-1685
5708,20320,3964,734,6076,-9127
2396,20740,7624,156,7052,165
2376,17968,5600,4728,-4866,6211
-5208,10356,4548,8289,-993,10207
-2612,14216,956,6147,5000,10165
-8632,16856,6980,3005,19767,5759
-10140,12152,6912,-569,8447,4387
-3988,12552,5644,-556,7952,1592
5204,15272,8408,-1568,3812,2388
10816,12748,7836,492,-3121,-2586
8388,13000,9400,2820,-6046,-6219
5764,13724,8552,3984,-6406,-5623
7164,13076,7432,896,-2346,-3852
5836,13148,8060,-3056,2324,-1855
-3448,16092,10344,-3304,3634,1977
-4196,14840,9184,-1172,3821,7924
-5944,14756,8764,75,5019,6165
-7028,15932,8508,-1788,1383,3186
-5028,19212,8240,-3241,-5743,5414
-7644,16492,8232,-2749,-8371,2564
-4352,13188,5652,-13588,-3152,-3997
268,12420,6352,-6228,1371,-3727
4000,13240,6204,-8239,236,798
8876,9680,4048,-3251,4232,-689
8760,11296,6456,2489,5130,-2821
5272,12508,7676,5533,4096,-316
1100,11548,5864,5923,2053,-605
-2668,9812,3220,8950,7686,-14532
-5676,22840,8192,-1358,1144,-853
-8960,17748,11372,3441,-8078,3085
-3844,16644,5644,2008,6978,-6764
-1816,12872,3628,-4587,-689,3230
652,8336,5776,-4642,-402,-809
6588,14256,10080,-2691,-5730,-1899
6184,12724,9980,-1416,-1757,1345
2824,12788,8432,369,1948,-2079
28,13864,8704,2194,-728,-4209
-1012,14540,8252,2980,-2186,-3702
-884,14288,7196,3330,-320,-3654
-1716,15228,6996,2102,-2212,-2509
-1396,14868,6264,164,-1998,-731
-832,14184,5964,-173,226,-1509
-1496,14756,6548,-1245,1093,-270
-1456,14820,6928,-2108,-38,1814
60,14044,6908,-1570,1317,1242
76,14192,7676,-1135,840,512
