-2468,-13580,9104,-1198,-421,-755
-2456,-13356,8692,-978,-166,-567
-2168,-13376,8772,-437,90,-171
-2568,-13600,8984,-240,361,256
-2788,-13456,8756,-154,261,91
-2440,-13240,8712,-422,51,-170
-2452,-13396,8672,-493,104,-147
-2532,-13164,8956,-867,-258,-483
-2184,-13540,8708,-737,-142,-469
-2584,-13628,8928,-747,-97,-302
-2020,-13392,8492,-84,-36,-303
-2428,-13184,8640,141,190,-211
-2828,-13272,8720,-173,62,-50
-2592,-13488,8680,-28,-60,-341
-2400,-13648,9044,-144,-42,-329
-2392,-13556,8872,-156,40,-303
-2280,-13472,8636,207,217,-308
-2392,-13672,8972,480,-155,-461
-2332,-13460,9272,1997,-376,-701
-1876,-13012,8600,2841,76,-341
-2928,-13140,9480,3404,-118,-1067
-2600,-13188,8812,3998,-638,-1826
-3024,-13696,9560,6175,-2361,-3747
-3236,-3340,-9936,-13699,2304,-566
-3408,-13356,8680,-4150,1592,-1797
-2568,-11832,8080,709,-3192,-1344
-1868,-9904,4916,2996,-628,-1526
-868,-10224,5364,1176,-666,-1423
-568,-10612,11908,-1051,491,-1042
-88,-12212,13212,241,-1511,-373
1036,-11156,9396,1033,-812,-107
-28,-10140,10912,-4678,1486,3164
452,-10496,9128,-12223,3455,7224
-1944,-14184,6968,-12036,731,6166
-24704,-3196,6680,875,8936,2771
2044,-6092,-3968,4290,8768,-480
-2032,-13552,7056,410,30,668
-3628,-14140,4576,1848,3593,-897
-2440,-16416,11496,1058,585,-1760
-4304,-14076,6660,1462,1577,-2359
-3568,-14936,6544,369,2464,-2399
-4024,-13280,7272,1627,1213,-2540
-4428,-14144,8512,4043,1646,-3528
-3148,-14608,8132,-1988,3009,-5527
-3996,-13176,8504,-6075,1092,-4744
-5116,-13664,8984,-9023,-118,-4652
-4428,-12524,10508,-277,-2310,-4281
-3104,-11464,10688,-2565,-2240,-2471
-2036,-12848,11676,-2101,-796,-1323
28,-11556,8576,-1618,-543,3627
-1948,-11152,9540,572,2026,5951
2564,-13796,10340,-1259,-286,3496
1820,-14144,8736,-2136,4112,6325
2280,-18808,13500,9411,-6643,-290
1488,-15104,11708,17437,-11013,-859
-236,-10068,4808,9245,-5818,-2277
-1012,-11704,8212,2349,-1414,-458
-1624,-12040,7680,4010,-2237,245
-508,-11540,7396,-232,-577,2515
-412,-13600,9480,-552,-506,2022
-1008,-13748,9552,-1571,2068,1457
-1340,-12760,8772,-3308,2576,1335
-11024,-21452,29504,-1335,11917,11133
32767,-28064,32767,-12235,-22822,-19307
1880,-12372,6592,-5219,3058,-2024
-2900,-13720,11340,-5827,1057,-3263
-548,-13180,10732,-2253,-139,-2804
-5456,-10604,8436,534,1110,-102
-6108,-10868,6040,2625,1724,-102
-5736,-9584,5916,4483,1315,742
-4876,-12920,12620,3057,-537,-736
-4712,-11784,12384,5096,-2630,-98
-2436,-11232,10956,-136,-1335,-1194
-1864,-11572,10728,-4026,-259,-613
-2124,-12536,10564,-5237,579,-111
-1820,-12604,9704,-3830,587,-144
-2008,-13216,9812,-2100,170,-615
-2076,-12860,9716,-746,-164,-720
-2232,-12880,9528,-321,10,-272
-2140,-12604,9920,372,467,420
-2416,-12672,10052,218,475,358
-2060,-12716,10008,-324,-281,-358
