1856,-10176,12696,-460,-91,-19
1520,-10060,12672,-634,256,-26
1780,-10192,12340,-713,38,-426
2152,-10244,12252,-856,206,-568
2108,-10108,12300,-993,185,-740
1956,-10712,12360,-420,-348,-921
1852,-10208,12512,-428,134,-145
2164,-10296,12180,-420,759,307
1960,-10224,12004,-214,401,265
1784,-10268,12248,-257,320,-37
1788,-10192,12520,-65,389,-33
1660,-10300,12388,333,252,-241
1424,-10468,12672,461,-269,-848
1120,-10312,12812,-80,-886,-1313
1704,-10724,12548,158,-2440,-1056
1844,-11008,11916,136,-4274,-1359
44,-13420,10948,-4708,166,1622
1276,-12080,12180,-4535,312,1639
2056,-10056,13372,-2845,-1106,-347
2148,-7444,11332,-316,-587,-575
3908,-11200,12256,1028,587,390
7344,-7768,14484,1284,1438,2448
8048,-8756,12844,2213,14922,8650
9028,-11684,9756,-2278,6778,-3845
8920,-12536,10580,-3382,6738,-15200
-3460,-13044,12392,-6264,8651,-13908
-7224,-11468,8420,-1696,4520,-2027
-3480,-14228,10152,-2213,1706,-5143
-7916,-9924,13264,-2440,-4836,-7792
-1708,-11272,14300,-1294,-8698,-4220
-2828,-10096,11212,-1333,-6890,2851
-1372,-10864,13332,408,-8817,9564
6744,-11096,14292,1629,-6247,9976
9272,-9324,12708,-50,-4550,6846
11336,-8232,9972,-4073,384,5003
4676,-11192,14668,-9461,-1192,10253
3956,-14776,17904,10392,-4967,-3205
4984,-10564,6872,15735,-7837,-4206
1784,-7260,6068,8303,-874,-1210
-504,-10296,12912,7558,306,-1656
2180,-6724,-1372,-2805,306,631
5504,-9280,76,-20200,3220,-454
12340,-26404,-13004,184,13468,6329
32767,6408,-27892,-257,5246,-13144
2744,-12172,11444,-8176,6750,-10632
480,-10784,10184,-2688,6543,-1873
-2692,-10716,12236,-523,4163,-1562
-7232,-9212,12816,1611,426,1279
-752,-11920,13328,2267,-1477,-2982
820,-10800,11988,733,-2834,-6630
2408,-10744,11808,-371,-2386,-4254
3052,-10792,11648,-1157,-751,-544
2804,-11108,11844,-148,429,960
2120,-11040,11628,559,1186,791
1680,-11160,11764,2035,489,-655
