-3732,-13884,7584,-600,135,-217
-3796,-13964,7480,-576,-31,-283
-3812,-14064,7392,-653,143,-86
-3828,-14188,7560,-557,-52,-357
-3500,-13988,7336,-385,-6,-305
-3616,-13996,7376,-507,257,-37
-3736,-14056,7428,-888,187,-197
-3596,-14076,7300,-1007,-26,-321
-3460,-14168,7044,-836,348,180
-3708,-14100,7392,-628,120,-146
-3876,-14124,7196,-691,-79,-300
-3812,-14052,7344,-319,12,-67
-3924,-14428,7348,190,1,-529
-3764,-14432,7092,1615,-343,-1025
-4172,-14528,7368,3642,-250,-1890
-3968,-15272,6876,8640,-586,-4243
-3416,-14332,7256,9806,-285,-4897
-8468,32767,-32768,-32768,17478,1436
-2368,-14972,6688,-4174,4882,-2768
-4084,-20428,13940,-1164,2052,-1058
-3780,-16268,10684,-964,-3284,-1340
-2336,-11788,5864,903,-1338,-821
-636,-10440,8556,-908,-414,-49
-144,-7524,10124,-312,-1765,-1292
-576,-10716,9212,99,2114,2733
688,-11464,10480,-11180,3498,6495
-4152,-15960,6492,-23482,-51,11332
-21420,-11004,16316,-3142,9332,1716
188,-14344,2828,404,3394,755
-1320,-16116,4152,1944,2273,-378
-5880,-16736,2588,1725,3874,-2140
-4356,-16104,5708,995,3180,-3128
-3812,-14556,6124,-1388,1953,-2592
-5188,-14988,5844,1555,149,-997
-4288,-14908,3956,731,1494,-3940
-7208,-13324,4208,-2821,638,-5945
-5504,-15948,8120,-7217,-397,-4649
-4744,-11760,5436,-8740,-2663,-1559
-3560,-16164,11096,-4874,-5061,-326
-3252,-12404,5604,-328,-2650,1308
-2980,-14412,7608,-3277,143,1629
-2604,-14712,5296,-541,-234,2350
1436,-15844,5044,-2443,-64,1228
-1224,-13780,5492,-5651,1023,3662
-632,-22288,9928,-3413,-2946,247
-2408,-16924,7724,2455,-7908,-1383
128,-11548,3820,7947,-8908,-1463
392,-10060,3708,9689,-4721,-324
-2340,-12252,3544,10238,607,-844
-2724,-12936,2584,4959,4689,-34
-3500,-15852,5380,-1876,3166,1189
-5160,-14104,2152,-6553,5087,7499
-2568,-16204,5848,-651,-905,7152
12244,-3888,-8924,5385,16439,-5998
-448,-13316,2540,-2763,3374,-2769
-2560,-15136,6488,-2644,2527,-1700
-2836,-14752,5844,151,3306,-1322
-3804,-15512,8016,1806,-946,-642
-4120,-15800,7476,-1430,805,-1612
-5324,-15224,7556,-3191,585,-2360
-6164,-14468,7432,-2093,816,113
-8292,-16220,8040,-1349,-378,970
-3348,-14692,5328,-1035,-123,-354
-3304,-15192,5696,-1522,133,-2209
-2888,-14964,5728,-1706,623,-1724
-2568,-15192,5600,-1693,573,-1085
-2692,-15284,5136,-623,-185,-374
-2520,-15196,5468,254,172,-52
-2492,-15236,5188,882,-114,208
-2988,-15160,5748,1969,436,-388
-2468,-14984,5944,2132,155,-344
-2888,-14852,6048,3108,473,-369
-2672,-14744,6120,3346,42,542
-2828,-14512,6628,2441,34,214
-2852,-14488,6872,1227,-39,212
-2916,-14396,6924,-203,74,-382
-2680,-14404,6796,-688,220,-604
-2868,-14524,6700,-798,173,-723
-2700,-14464,6444,-682,183,-318
-2852,-14524,6496,-393,139,-160
