1852,-15736,4188,-659,91,-209
1620,-15676,4640,-109,235,127
1340,-15740,4432,142,165,215
1436,-15640,4676,-16,150,161
1384,-15692,4476,-209,261,-8
1596,-15708,4628,-125,161,-81
1488,-15568,5060,-205,-89,79
1588,-15652,4536,-278,-434,651
1528,-15488,4536,-145,78,1155
1332,-15652,4848,48,351,814
1100,-15780,4816,98,381,379
956,-15724,4860,121,447,-87
1000,-15648,4620,152,250,-285
1132,-15720,4824,397,227,-376
1200,-15564,5044,328,102,-488
1272,-15460,5040,83,-292,-284
584,-15768,4884,646,-705,-738
-364,-15716,3880,612,-461,-1240
5828,-32768,22920,4579,-165,-2709
2556,-24340,2204,1440,863,1603
-8124,-14456,940,495,6478,-632
-11040,4396,-11600,-4828,-204,639
-5736,-17600,4984,-739,3742,1802
2256,-7460,-3384,-4227,-2919,2296
1824,-13164,-5616,-2701,383,1881
14656,-15792,18240,3733,-2562,-3812
2392,-15452,5592,962,249,1933
10576,-15192,6128,-262,-1127,-1925
7192,-17432,6168,301,3423,-4140
-1996,-12460,12236,1176,10171,-2566
-4064,-10688,-2248,-3619,4675,634
-9620,-22588,4312,-3388,6044,3243
-828,-10256,-1196,-3283,1192,851
216,-22384,24472,-489,-1566,-2386
368,-32768,31880,6762,420,202
-5984,-11096,-2236,703,3473,113
-3760,-7452,-9600,-5036,-4508,-1707
1956,-8368,4028,2987,2366,890
11872,-23080,7892,3048,-6139,909
-2612,-15864,6308,-2603,-4845,1479
-3368,-13036,-2684,-2321,-2738,2395
-28,-12312,11076,1344,-2270,3058
64,-15220,9000,771,-2640,3689
1768,-15264,-1628,-857,774,417
5284,-16436,3824,-2225,-3696,300
676,-15380,3580,-2750,-2039,2227
2864,-15296,3212,-703,977,2060
4096,-16528,8368,2216,-521,-2492
1052,-16748,8300,5210,-2086,-3892
2196,-15316,7632,3717,-734,-2530
1712,-13904,8064,5602,-227,-2724
2420,-14004,6336,11444,-1839,-4205
-456,-12732,5256,-3169,918,-3271
-3308,-11928,5664,-2825,-3589,91
1436,-14752,3232,-4887,-855,2157
-196,-32768,-13892,5205,-12243,477
-1480,-15708,6232,-4659,4986,-1417
6912,-12880,2748,-6402,4737,-2620
-1308,-12480,10304,-3779,6560,-2989
3716,-12868,4148,-564,3723,-3978
9976,-14704,-1752,1362,2109,-880
-16248,-19460,-52,-366,3857,6185
-3576,-16708,4900,3449,1928,695
-3028,-16088,9324,2895,724,1214
928,-14660,7404,1434,350,73
1232,-14580,7468,713,-68,-316
1608,-14436,7572,-182,205,-511
1384,-14720,7400,-1075,85,-746
1636,-14476,6896,-1471,421,-804
1600,-15096,8132,-350,-481,-1144
1172,-15572,6468,-1567,113,-1360
1680,-14616,6836,-1455,-231,-996
2076,-14748,7492,-922,-80,-640
1868,-14668,6900,-1292,-177,-95
