1704,-10488,12156,-301,9,-1198
1964,-10624,11720,630,248,-1336
2292,-10800,11548,1355,-390,-1700
1948,-10164,12960,1355,-267,-1031
2212,-10144,12728,995,535,55
1948,-10140,12376,580,643,458
1492,-10172,12560,121,192,175
1592,-10112,12560,-262,205,-107
1872,-10016,12756,-431,-68,-269
1680,-10296,12536,-748,-53,-308
1900,-10172,12280,-312,-2,-368
1728,-10172,12300,242,107,-360
1900,-9808,12000,608,561,97
1844,-9992,12424,598,409,482
1260,-10108,12592,467,879,560
1676,-9948,12768,295,426,-14
1496,-9976,12592,276,-76,-971
1624,-10012,12948,-460,-507,-1084
1900,-9868,12692,-985,232,-335
1736,-9988,12512,-676,16,-128
1784,-10024,12508,-288,42,17
2036,-10028,12280,-103,329,506
1492,-9920,12784,42,502,728
1452,-9916,12872,231,163,230
1272,-9828,12880,210,-157,-598
1472,-9888,12832,-446,-106,-1066
2036,-9452,12900,-514,-656,-1034
1552,-9852,12764,-253,-177,-822
2024,-9772,12548,228,135,-558
2224,-9492,12732,579,-295,-157
2104,-9560,12872,440,403,599
1712,-9636,12944,499,587,539
1524,-9688,12968,507,204,-194
1492,-9524,13160,168,-407,-1041
1772,-9372,13084,-700,-300,-1090
2160,-9460,12880,-1134,-109,-569
