1784,-14644,7116,-42,65,-4
1824,-14544,7204,-347,197,-397
1812,-14620,7108,-624,154,-648
2108,-14576,7120,-584,22,-822
2156,-14388,7240,-592,-52,-663
1988,-14616,7048,-527,93,-434
2088,-14592,6908,-245,181,248
1960,-14624,7116,-42,255,482
1812,-14716,7388,269,207,35
1760,-14524,7220,228,137,-275
1692,-14580,7140,36,214,-278
2004,-14524,7284,102,141,-409
1856,-14604,7324,168,-18,-656
1860,-15020,7312,198,-238,-885
1672,-14524,7492,-256,-628,-526
1872,-12596,4332,-2376,54,552
732,-21684,18304,-5122,-622,-682
-1476,-11408,5692,-8667,-554,3522
164,-7028,-4240,-3208,2215,5152
14600,-30872,10488,4704,1769,-2818
5168,-14092,9316,-35,-2959,-1213
-416,-416,-4828,-2703,740,3009
3084,-13420,7292,3162,1425,236
4796,-12612,-2024,-189,6051,-799
12760,-17244,10496,148,-323,-8112
9956,-32144,13748,1284,1541,-10404
-6276,-23556,19468,-4585,5670,-3767
-2900,-10012,-5224,-11333,9592,3462
1056,-10080,32767,119,772,-1670
-4336,-1360,6648,581,-564,-926
-3268,-20024,-8604,703,2624,1612
3292,-19968,4432,-510,-724,972
-7696,-15036,3892,-4782,667,2465
-6252,-10064,-13500,-2694,4352,4035
-748,-17356,7584,1492,-2671,555
5388,-15256,5800,704,-2087,-384
2616,-17512,10360,3409,-3793,1595
-4112,-12576,6520,-354,-313,2546
10256,-18104,15496,449,-6697,-1856
-400,-6416,26592,3813,-2119,-784
5884,-13500,6596,-1386,-1204,1825
3448,-16692,628,-3095,-1445,2626
3188,-14732,496,-3816,450,4781
4256,-19708,16468,1614,3998,5150
3972,-18276,10048,7971,608,-3031
-1620,-11844,3384,7943,865,-6082
-2720,-11920,7404,6231,1300,-3528
-1648,-11024,10364,9239,266,-3428
2952,-12316,6332,-1245,-86,-245
1648,-16656,11476,1513,-3155,-4413
2156,-17204,3044,5706,-897,-5591
-208,-14448,1980,-1580,2306,-1900
-2364,-13460,7080,-3332,855,-347
1556,-16336,3028,-701,-565,257
1180,-14528,7976,372,-431,249
6372,-12132,4856,-4072,2065,249
-3768,-13092,9140,-2835,4574,524
2512,-10820,11716,-1094,4328,-5840
9064,-16600,9140,-1859,4312,-2600
4908,-9060,4076,2342,43,-3432
5892,-13024,4344,1111,986,276
-3264,-16388,11328,2127,3028,2175
444,-14472,7732,1721,56,730
284,-14240,8944,590,-507,-862
684,-14024,8220,-104,-369,-2013
1280,-14020,8724,-509,-296,-2463
1524,-13748,7736,-1094,-465,-2103
