2056,-8824,13480,-654,529,661
1928,-8780,13484,-601,25,7
2180,-8924,13300,-731,-367,-600
1960,-9160,13484,-1058,-241,-716
2184,-9044,13328,-1040,-388,-809
2192,-8976,13208,-820,-376,-782
2376,-8908,13140,-754,-14,-472
2288,-9028,13088,-717,241,241
1568,-9360,13332,-347,87,385
2132,-9056,13072,450,-571,-166
1372,-9564,13320,1213,-1924,-926
2036,-9096,12344,1238,-3210,-932
2416,-10408,14216,369,-5217,-710
200,-10776,10864,-4620,-902,3080
896,-11100,12740,-3857,-332,2531
2192,-9980,12500,-392,-1198,-2532
6560,-8256,13860,2707,304,-3339
9992,-5356,11116,4187,1742,-86
8096,-5400,14136,3922,13394,6096
3288,-10856,15932,-2088,9463,5957
9220,-11140,12908,-6892,4784,-9612
-2532,-8656,12760,-4330,5062,-12589
-2716,-10960,11896,-197,4347,-2070
-4644,-12848,12396,353,1632,-2048
-2580,-9880,11744,-482,746,-4060
-1300,-10324,13312,-1823,-3152,-3795
-2204,-8888,13380,-3743,-7290,-3016
-104,-8668,12008,-5170,-7588,-639
-2552,-7900,14244,-1989,-8010,1518
1440,-7636,11056,1283,-5505,6007
6868,-8076,12988,2791,-5162,8856
10372,-6708,12276,-1029,-3761,8420
6760,-8500,16852,-8054,-3094,12347
17244,-22980,23584,1614,-2907,2712
7140,-9320,8824,9992,-2622,-14427
-6844,-5400,5944,14835,-2958,-11041
-3812,-7712,1208,6214,10523,-9822
6028,-6840,3912,-1787,3233,-2201
3384,-9772,6232,-8374,2018,-1129
3616,-15860,8768,-744,4853,2337
3392,-8916,12736,-47,6850,3501
-5980,-6320,24720,-5183,3999,-6735
6352,-6060,11004,-3666,6891,-10173
-240,-9176,16340,-1101,5843,-3673
-4204,-5588,11880,42,3319,-1919
-8452,-7732,16956,2068,120,3100
780,-7984,14252,2327,-2241,-2224
1784,-7388,14580,681,-2854,-4125
2872,-6508,14652,-1611,-2678,-2229
3044,-7388,14060,-3020,-421,161
2240,-7904,14116,-2946,215,450
2020,-8036,13648,-2133,-1048,-744
