-1560,-8852,13344,-48,270,-153
-1408,-8820,13284,-441,208,-130
-1368,-9108,12728,-857,270,-130
-1676,-9164,13308,-1094,85,-135
-1708,-9132,13096,-1074,71,-147
-1368,-9076,13168,-685,260,-126
-1588,-9052,13116,-741,228,-148
-1536,-9068,13112,-1032,300,-141
-1612,-9080,13076,-1586,707,-34
-1588,-9228,12964,-984,287,-116
-1740,-9372,12632,-1576,839,-34
-1832,-9620,13056,-845,329,-136
-1736,-9260,12916,-496,497,-133
-2036,-9416,13192,248,314,145
-1940,-9608,12976,1866,-212,153
-904,-11508,12272,625,-123,-1756
-1872,-14496,11272,-4627,83,-3578
0,-14004,8972,-445,585,-875
-300,-12916,14196,-3294,-782,-3377
-2576,-7792,8456,-2456,-1362,-3134
-588,-10576,13460,-752,-108,-1739
-508,-10004,10444,-549,-529,-238
-1008,-6872,12476,-2236,-2115,-312
884,-11192,14556,781,-1585,-197
1272,-6392,11716,-570,305,1165
64,-8228,12660,-6531,6238,4421
-2336,-11116,13080,-9772,3843,6871
-924,-11800,11376,-6514,2979,5543
-1128,-12036,8036,-2233,2657,360
-5008,-12300,10804,-401,3065,-1168
-3424,-13316,8068,-1171,2303,423
3768,-14732,17944,-1142,-443,-3187
-1884,-11208,9996,680,3680,-2136
-4784,-11504,10636,1870,2336,-977
-4268,-11960,11176,1572,1376,-1276
-3760,-11600,8992,526,2103,-2290
-5020,-11416,10592,-1366,854,-2783
-2608,-12672,9444,-3896,441,-4902
-5588,-12864,12200,-3982,378,-7462
-4496,-9788,9932,-4549,-1755,-7796
-2264,-10244,10824,541,114,-5405
-2748,-9764,8640,-81,-156,-4061
-2644,-10680,9588,-4613,322,-570
-40,-12512,14152,-4080,-2422,1268
596,-10556,10672,1665,-1515,2600
3108,-11964,11836,954,-1916,229
4000,-12040,9620,-3830,3193,-370
268,-11968,7168,-9422,6478,5197
-576,-13928,11524,-9357,5928,12250
1256,-12712,11412,6130,-7766,2670
2524,-10588,8220,7440,-7976,-412
-1292,-11892,9316,9653,-3311,-567
144,-11372,6948,8362,-1221,-941
-2472,-11948,9464,8545,-412,-207
-1504,-10652,8048,3202,410,2007
564,-11724,9608,-3084,-2,4910
-432,-13276,8972,-6054,3071,2966
320,-12984,8592,2706,1688,5772
-780,-11488,10848,3870,-1631,4783
456,-11996,8620,-1280,4653,-593
936,-13716,13584,-3901,4602,-3199
-664,-11664,9248,-4946,3457,-1878
-2848,-13268,11312,-465,479,-956
-4632,-11660,11400,-717,2271,-1771
-7248,-10952,10544,-476,297,-453
-5024,-10092,9368,211,895,-823
-6528,-12128,14932,886,-1316,-46
-2344,-11120,11428,2016,-1151,-438
-1852,-11396,11020,-1551,-1338,-2015
-1792,-11540,10948,-3576,-545,-1431
-1684,-12084,10452,-4140,-252,-1092
-1352,-12624,10012,-3073,287,-528
-1800,-12904,9772,-1863,552,-79
-1428,-12296,10256,278,88,307
-2300,-12480,10536,3550,394,873
-2320,-11980,10608,2870,184,668
-1636,-11764,10752,2039,-310,-103
-1392,-11536,10764,-184,-459,-385
-1776,-11732,10556,-2126,117,-300
