-2900,-14064,7656,-1667,22,-432
-2952,-14160,7704,-1015,-7,-501
-2828,-14072,7664,-596,243,88
-2976,-14148,7656,-865,96,21
-3008,-14164,7728,-304,-38,-283
-2708,-14204,7500,72,-49,-274
-2700,-13952,7644,-378,114,-152
-2988,-14076,7688,-718,71,-57
-2772,-13956,7652,-810,138,-69
-2740,-13976,7432,-787,12,339
-3144,-14220,7600,-303,120,219
-2972,-14016,7628,-604,21,-164
-2752,-14116,7592,-919,30,-310
-3004,-14152,7600,-1050,55,-192
-2972,-14104,7460,-1393,101,-329
-2760,-14304,7336,-1042,62,-251
-2832,-14132,7364,-700,45,30
-3088,-14320,7380,-203,-173,-111
-3060,-14380,7296,1386,-242,-621
-3132,-14812,7268,3985,-153,-1456
-3008,-14332,7900,6414,-64,-2829
-2616,-14068,7892,7498,576,-3394
-1392,-9260,732,-1096,1309,-5344
-1760,-15456,9212,-719,2137,-2117
-2652,-13144,7804,-532,2683,-2418
-2324,-16672,9384,-73,3500,-787
-3804,-15264,8648,-1420,1294,-1194
-3792,-12404,7896,-3325,1146,-1347
-2044,-14368,10180,-204,388,-1830
-2308,-11052,3820,234,697,-1435
-1556,-15868,14128,6315,-798,-2874
-1636,-13160,13904,3445,-503,-3146
-972,-9664,12416,1743,268,-1180
-2220,-11020,-2276,-5803,989,-278
-656,-11456,9348,-532,180,-14
-1716,-12960,9580,-4707,1758,1903
-2912,-8764,5624,-8544,-1877,634
-2180,-13664,8092,-11555,1306,2359
-2480,-13808,7012,-13845,1575,4534
-2504,-14776,6068,-15767,-741,6401
3116,-32768,21080,-7057,-4771,-813
288,-14504,600,2046,-2360,-2855
-4556,-17912,9416,368,-1647,-1638
332,-19644,10984,-304,-286,-537
-4544,-13236,2240,336,2301,-856
-3844,-16364,4924,1472,1237,-1024
-624,-15076,3500,2981,1575,-598
-2880,-15160,2264,1840,1550,-1238
-2620,-14516,3912,3484,2338,-1512
-4360,-14380,4160,-1090,1459,-3606
-4752,-14212,4792,-104,2778,-3849
-5208,-16216,7576,3007,2089,-3675
-4604,-13588,4708,-1153,-201,-4026
-3748,-12628,1964,-9794,1480,-2447
-3264,-17056,10528,-11385,648,-99
-4664,-12212,5020,-1068,-3956,-1869
-3812,-14140,5496,-1822,-436,-71
-4920,-12992,4448,-1842,-593,565
-2664,-14476,3708,821,-2656,13
-2928,-13544,6316,586,-2202,1573
-652,-13644,6940,1590,-2957,537
-900,-13348,4632,1970,-1195,1950
-1152,-17356,7912,-1889,-466,1004
1272,-15208,5156,-2623,-320,1868
-2436,-17228,8328,-1937,2781,2117
-936,-21984,7788,-3209,-3620,-2527
-1532,-18404,6432,1150,-8346,-2359
-484,-14360,6220,4415,-11197,-2640
-76,-12008,5208,11737,-8479,41
-504,-9684,752,10632,-3242,-256
-1112,-10360,308,1392,-1504,-147
-2636,-15688,4624,-3875,4221,4710
-3252,-18076,4004,352,-1011,928
-2668,-15808,3444,-2104,741,1590
-1388,-15628,4144,-4432,2719,1820
-6424,-20412,8632,-1699,799,4154
-1780,-16072,4504,5908,468,5032
5772,-8472,-5256,2272,17556,-4261
132,-15024,5288,-2486,1975,-1244
-1704,-16388,6712,-2743,3391,-1194
-1040,-16080,6832,-86,2980,-1360
-3964,-15156,7388,-551,4344,-1003
-3804,-14612,5092,3,5270,-1346
-3192,-14412,6400,-258,3284,-1899
-4708,-15864,5968,1655,1464,-1642
-8204,-16200,8684,1975,1679,323
-1404,-16188,6288,1757,-5647,-1436
-2168,-14276,5196,2750,691,-1469
-2804,-14464,6588,-293,1107,-3341
-2292,-14112,6644,-3792,1154,-1973
-2504,-14820,6268,-6085,771,-1004
-2368,-15252,5664,-4093,73,-1032
-2052,-15432,5264,-2116,-5,-869
-2080,-15252,5156,-752,0,-733
-2132,-15292,5252,504,-51,-758
-2080,-15328,5448,1741,121,-138
-2320,-15044,5792,2777,155,908
