2612,-9928,12456,-1350,-205,1298
2208,-9968,12460,-1579,1125,1961
1124,-10192,12712,-879,143,-689
1492,-10448,12452,-159,55,-2485
3424,-9852,12308,673,-1935,-2750
3648,-9528,12108,601,305,-309
3104,-9744,12488,819,1068,1107
2016,-9752,12792,1083,1386,1396
2168,-9760,12588,947,736,997
1924,-9768,12932,447,473,1139
1332,-9680,12636,285,757,1001
1380,-9696,13100,-37,149,-122
1356,-9668,12908,-716,-309,-1302
1948,-9688,12936,-1104,-742,-1850
2656,-9184,12640,-956,-372,-1167
2640,-9632,12924,-851,487,-218
2420,-9744,12712,-954,183,415
2216,-9736,12344,-967,755,843
2604,-9356,12628,-842,322,1168
1628,-9684,12928,-368,173,678
1804,-10124,12904,-229,-195,-199
1696,-9676,12648,-669,-333,-818
1904,-9716,12828,-692,-406,-1146
2980,-9400,12176,-754,-275,-1011
2564,-9496,12812,-1341,-46,-386
2496,-9688,12776,-2773,90,312
2496,-9860,12356,-3523,509,1364
1480,-10392,12656,-3012,160,737
1868,-10500,12248,-2292,-397,-866
2152,-10624,12104,-1999,-447,-1503
2224,-10640,12012,-1701,-528,-1393
2256,-10616,11784,-1020,-112,-995
