-1760,-11148,11396,-319,71,-155
-2016,-11200,11608,-596,375,-58
-1776,-11276,11508,-936,-116,-312
-1884,-11292,11464,-1172,-52,-264
-1816,-11412,11412,-1041,264,-136
-1992,-11336,11292,-702,117,-163
-1864,-11320,11364,-567,248,-125
-1808,-11388,11248,-493,191,-158
-1852,-11312,11332,-605,38,-246
-1912,-11348,11236,-976,-45,-195
-1860,-11496,11212,-777,208,-146
-2040,-11616,11244,-590,-176,-285
-1988,-12140,10996,986,-28,-235
-2000,-11712,11156,3376,-659,-410
-1980,-11448,11808,5084,-2086,-1219
-1448,-12052,12272,2783,-1032,-782
-536,-20656,9772,-4633,400,-1204
-1768,-11752,9656,-1703,1049,-2121
-544,-10160,8824,-55,-556,-1351
-1488,-11272,9984,-2443,-864,-308
-1360,-11800,11872,-3936,-319,-531
-1096,-10380,9972,-986,-1163,-2288
-1556,-11460,11232,-1604,-28,-1088
-276,-11516,13508,-2337,-479,-659
-660,-13012,12752,684,-1437,-938
832,-12112,12464,565,-465,-408
416,-8660,11652,-819,-199,-184
208,-10492,11648,-10255,2827,3304
-444,-5860,5920,-8266,7165,6916
-2340,-12992,9552,-7863,4381,5416
-32768,-1180,13584,-6612,17947,13357
-320,5516,-16832,4813,32767,-107
-2980,-8008,5420,30,6989,1216
624,-14576,9344,-274,188,-1368
-1328,-14160,8572,259,1397,-2461
-5044,-14312,10028,298,2901,-2218
-2360,-13776,9156,533,2878,-1781
-4104,-13016,8372,557,2654,-1562
-3540,-13028,9340,-14,304,-1377
-3364,-13108,9760,-894,-246,-2015
-2132,-12640,9272,-4027,-21,-2626
-3872,-13636,9328,-6501,-121,-2269
-2824,-13484,8348,-9418,-365,-1656
-4124,-12388,7508,-8790,-1911,-2605
-2692,-13740,8896,-3809,-1177,-2570
-3240,-11984,7052,-3338,-1442,-658
-3680,-13116,8128,-3958,-1202,1718
-2832,-11864,7600,-308,-3192,1427
-2092,-13032,8428,3114,-2242,1651
-172,-13500,9716,4547,-2367,405
1472,-14508,7912,2385,-406,-377
884,-12908,8168,293,1522,1032
156,-14968,8124,909,1449,2539
8,-14108,9488,2483,2841,3213
-1048,-16548,11524,4212,-724,278
-352,-15164,10200,2764,-1972,-1371
-1996,-12208,11196,6533,-5346,-1436
204,-10684,8428,10681,-5833,-1684
-1572,-10088,8124,4556,-670,-1354
-2656,-12564,10752,4165,-347,-873
-648,-13204,9508,3618,-2455,-23
-552,-11064,7872,984,112,399
444,-11896,9312,-1660,747,1607
-444,-12664,10188,-1297,1727,1076
240,-12308,9552,-2969,2969,999
-1188,-12668,12868,-628,7074,4344
-1176,-15548,11440,5174,2283,5563
12,-15724,14644,-107,3951,-1503
-808,-12376,12852,-2465,3720,-2430
-1528,-11592,9908,-1905,2409,-1996
-3144,-10492,9288,-1690,2673,-1126
-6992,-11464,9024,-200,3482,-38
-6124,-11296,7344,1122,1374,164
-5460,-14560,15060,598,-2,-953
-192,-12020,8468,3819,-1746,427
-2260,-11368,11128,-683,-1986,-1482
-2244,-11488,10740,-3403,-893,-1399
-2176,-11804,10888,-5407,-1097,-954
-1172,-12648,9728,-5342,-233,-369
-1580,-13108,9844,-2657,-49,-614
-1448,-13252,9220,-695,-504,-869
-1860,-12816,9980,262,154,-117
-1836,-12672,9992,831,245,305
-1980,-12504,10248,1181,650,699
-2208,-12672,10336,1266,797,977
-2008,-12168,10452,-674,62,-147
