-452,12616,10068,-460,-23,-207
-152,12480,10172,-307,248,-317
-32,12840,10144,-363,-109,-119
-404,12628,10216,-325,-262,-142
-212,12748,9564,-498,-72,-147
-600,13236,10304,-865,-1074,494
-2044,18252,15708,-7928,-1577,127
-736,13068,10128,-3846,-1520,1111
2200,11756,9980,-2799,-1016,-850
3560,16980,13448,-994,-6330,1749
3140,13904,14252,-1690,-5615,1998
3852,11436,11828,-1273,-6815,4016
2628,9896,10016,1565,-4621,1574
-1568,8460,8604,4510,-2504,26
-1356,10788,9412,6690,-1124,-1934
-120,12328,9396,1323,-3488,-3018
-1220,11900,9440,3079,-3737,-4802
512,14528,11112,800,-945,-6606
2144,14632,9212,-213,-2424,-4715
-600,13692,9572,382,-1523,-4439
-2168,11040,9456,-1041,864,-6822
-2648,9736,7264,2500,1413,-5622
28,12732,7172,4760,2368,-5680
6968,28456,16420,-491,7037,-4023
2212,16880,7912,1685,4823,-717
4600,16020,5912,4806,4602,-1858
3104,16180,6572,4428,7560,4951
2120,16740,3144,5176,-2821,6150
-3448,16668,2292,3958,829,8583
-2764,15980,3832,4805,8442,7599
-8088,14632,5360,3106,13146,5456
-9784,16276,6172,-665,15739,2362
-7368,15200,7160,-962,12530,8476
-1944,12608,5260,-4622,10806,5959
4440,15752,11904,-1872,7594,-420
4284,13564,14668,21,-3412,-2412
7528,10272,10968,846,-7395,-4702
7108,12164,12928,2119,-5979,-5619
9684,14292,10024,1023,293,921
2188,11256,10564,-1913,6530,6350
-652,12632,10712,-2354,9258,6000
-7460,13560,10720,-4708,6320,6047
-8240,15516,7636,-2510,7350,6898
-8980,17852,10112,-1512,-1677,5813
-7572,17400,9064,-2316,-6489,3857
-4672,20188,8692,-12547,-12136,3423
-2840,5764,5664,-5550,-7647,-3338
1488,10772,8944,-330,-5682,-4623
5256,13408,7704,-1817,-3166,-2472
7564,8880,5496,1272,1983,-8281
8192,15996,7624,2071,3814,-4206
4712,12436,5628,5809,2060,-2317
716,12688,3664,12998,2964,-7625
-3252,26024,6528,-2351,5711,3027
-3784,18180,2648,1427,519,-2631
7128,20280,1428,-2237,4774,-476
-4972,8848,11020,880,1527,-3755
15880,18716,8868,-4916,-8657,707
8112,13748,9440,-2291,-3306,613
5180,11972,8436,292,-2822,-908
464,14188,8764,3477,2435,-7242
-2368,15272,6840,2379,-3966,-4422
-1328,15312,6584,1927,-484,-764
576,13896,6372,813,-1286,-2
-224,14276,6536,678,-12,-928
-580,14680,6168,248,-1117,72
-648,14636,6396,858,1158,-359
-144,14896,6904,658,575,206
