1220,-6696,9548,-331,3600,6335
5268,-13192,19284,3306,-1023,1634
344,-9116,13684,9005,-1850,1419
1856,-6240,11852,4117,1830,4703
2960,-6440,9896,-664,1910,3865
1696,-8140,14724,-3906,357,-337
1316,-8596,15240,-1113,230,-251
1132,-9772,12952,-2081,536,-2897
-1152,-9360,14400,-646,-147,-203
1628,-8412,14188,175,14,792
1764,-7308,12000,-2730,663,-2449
-748,-8120,14968,-1367,-368,-1867
508,-6948,12664,-120,250,1598
1832,-7788,12896,-672,945,1160
2292,-9168,15584,2425,-1203,1509
2880,-7724,14848,4818,2058,278
456,-7008,11764,2391,1934,1118
-2088,-8104,15072,3005,-1693,1563
2732,-7416,11624,-2410,-1210,2481
-72,-8148,15632,-4347,1457,-93
-4,-8200,15372,-1322,-444,147
1852,-7088,12724,-2891,635,643
-140,-8948,14116,-3774,121,-1344
-488,-9588,16100,-14,-2052,-76
876,-8324,11780,-102,-1019,-110
-488,-8180,12668,-2669,-1246,902
2784,-8916,13484,-231,-2897,2472
2100,-8632,13276,-804,-171,134
988,-8524,13936,-206,-2862,2329
1180,-8164,11984,-2932,442,186
2840,-7552,8640,-9317,808,1285
2744,-8668,9964,-1188,-1275,-968
1900,-9292,12552,-1016,623,94
804,-9364,13240,-924,961,110
848,-9304,13304,-781,799,-76
756,-9188,13428,-460,367,16
928,-9560,12968,-793,688,311
936,-9208,13432,-847,585,200
888,-9324,13004,-904,430,107
588,-9364,13200,-874,925,6
404,-9536,13396,-1659,914,119
748,-9476,13088,-1677,1070,227
