1696,-10080,11648,-551,-1589,-2921
2144,-10260,12256,-565,-620,-1785
2820,-10392,11932,-177,423,-905
1576,-10712,11940,-2,79,-1670
2840,-10216,11872,576,140,-1847
2920,-10224,11732,1288,-41,-1530
2464,-10292,12348,1104,870,-691
2596,-9604,13100,-104,798,662
2064,-9704,12656,-1689,412,719
2084,-10496,12400,-3363,-609,465
1664,-10736,12964,-5452,-2184,-337
1696,-10788,14332,-7835,-3811,-1658
1700,-11848,11872,-6985,-5909,-2591
6840,-11168,8000,6740,-13373,4101
1016,-10300,9604,3044,-1565,6835
3180,-10500,11848,-51,-1513,1908
4424,-9508,10740,2335,-1208,2689
4444,-8804,7660,2028,-1352,2837
5444,-9008,6452,-3197,363,814
300,-17688,14320,4795,1353,-3101
3140,-10460,10848,-28,599,245
2224,-10728,11920,5,1213,288
2176,-10764,11728,124,187,-113
1804,-10652,11648,827,390,-112
2052,-10720,12428,816,617,189
1860,-10696,11840,468,442,140
1688,-10896,12064,475,440,-616
2104,-10464,12068,204,84,-1204
2544,-10392,12272,76,-171,-1321
1940,-10784,12444,12,-128,-1449
2444,-10584,12140,-631,-148,-1383
2296,-10364,12120,-812,411,-1024
2428,-10424,12072,-650,140,-448
2404,-10716,11988,-121,286,-475
2292,-10644,12104,221,573,-541
2268,-10432,12152,225,232,-501
2384,-10372,12280,110,164,-422
2484,-10356,12184,213,462,97
2052,-10420,12376,24,319,185
2024,-10296,12516,-349,-29,-286
2608,-10204,12280,-1137,-124,77
2620,-10376,12408,-1861,10,316
2148,-10368,11776,-3007,-479,418
2340,-10632,12244,-4838,-376,917
1888,-11016,11744,-6224,-241,1551
1948,-11344,11688,-7543,-756,1484
2080,-11832,11000,-7886,-1411,1249
2040,-12512,10392,-7431,-1971,425
2332,-12844,8672,-7065,-1801,74
2452,-12928,9724,-6499,-1743,-132
2452,-13308,9288,-5838,-1589,109
2336,-13608,6800,-4988,-1074,-410
2460,-13852,8860,-3528,-572,-491
2704,-13832,8372,-2867,-1011,-609
2412,-14008,8268,-2421,-1077,-732
2904,-14040,7920,-1589,-336,-821
2676,-14000,8108,-726,-91,-871
2860,-13884,7992,-176,-292,-1064
2892,-13812,7928,-229,-46,-522
3176,-13804,7912,-287,311,-191
2956,-13896,8120,-360,117,175
2872,-13976,8204,-557,133,7
3016,-13908,7912,-705,139,-192
