-2140,-14060,7380,250,-61,-112
-2180,-14120,7380,-793,-78,-393
-2580,-14796,7860,-1125,-48,-443
-2228,-14184,7128,-1097,333,-385
-2444,-14600,7492,-526,191,-293
-2296,-14296,7468,163,112,-142
-2336,-14324,7500,242,123,-122
-2288,-14264,7264,-306,41,-202
-2184,-14228,7160,-842,-41,-269
-2228,-14372,7432,-1150,4,-539
-2084,-14360,7292,-1161,110,-291
-2528,-14276,7524,-306,-48,-140
-2356,-14400,7236,342,17,-156
-2208,-14436,7276,850,82,-69
-2400,-14488,7292,1776,-172,-584
-2400,-15052,7224,3321,117,-1032
-2320,-14492,7560,5375,-355,-1716
-2572,-14384,7776,5662,-1439,-2824
-1868,-15256,8748,5722,-2726,-3512
-1564,-15940,5980,-6948,2083,-1241
-2324,-12580,5676,-4417,56,-884
-1328,-14800,8908,1743,-912,-1043
-2332,-12176,7044,2100,451,-816
-916,-15648,10964,5571,-1388,-1253
-1776,-12172,7532,1877,-841,-1128
-1132,-11776,7128,-5684,-491,-629
-20,-13980,9736,67,-571,-83
292,-13136,9308,1429,-1567,-1003
-792,-12432,9820,-5343,811,1941
-928,-13600,7836,-8336,1106,3746
-1384,-14316,7532,-8288,1265,3849
23320,-32768,32767,23223,-18834,-14305
1280,-17064,3964,-9005,-3972,4831
-25048,-32768,27952,-15294,3571,11502
-32768,204,11712,-1370,18186,9526
-16028,-7860,10356,924,15452,3659
2832,-13832,3848,668,4276,-12
-1320,-15720,5780,800,2214,-602
-2388,-14172,3996,1248,3794,-448
-1640,-16372,9608,-998,1772,-1578
-3220,-14364,3316,-648,3659,-1107
-2848,-14116,6024,-421,2391,-1056
-4880,-13988,7492,-243,718,-1013
-3896,-15176,6084,2997,25,-1087
-3368,-14204,5912,-1948,-163,-3695
-3628,-14736,7108,-2241,1498,-2871
-4824,-13280,6100,4166,567,-4179
-3292,-13560,8312,6403,192,-4933
-2948,-14584,10392,-326,303,-2813
-3816,-12300,9720,-6113,350,-506
-3680,-15512,11204,-2145,-1688,771
-3052,-13512,9064,-1161,-2511,1576
-2008,-13700,10592,170,-2928,1179
2040,-13200,9184,5817,-1749,252
1436,-13512,8412,1422,830,1378
2656,-13476,10224,-2589,-588,117
1288,-14480,9040,-1595,-884,714
820,-14824,9432,-2434,1672,4290
-1184,-18504,12592,3819,-7826,-1972
648,-14608,11640,8800,-11378,-2046
1140,-9988,5808,6865,-9354,-800
968,-9944,7192,827,-6394,-25
-232,-9740,3616,586,-1875,-40
-2864,-11524,5600,-670,1379,2063
-1564,-13528,7840,-818,29,3741
-1108,-15764,8028,-549,-1571,3292
-2944,-15912,10332,-932,774,978
36,-15308,8840,-4286,1324,762
-1676,-14396,10608,-2370,3362,3219
-1940,-15312,9508,1231,2050,3802
-452,-13912,9236,2575,2446,3192
612,-16760,14852,-3715,719,-1668
-880,-12152,6700,-3989,5956,191
-1452,-14144,7624,-288,4529,-1237
2088,-15252,10220,-1510,2840,-1992
-732,-13252,6144,-1305,1944,-2255
-7088,-12180,8160,-714,-185,1130
-4056,-12244,7456,-565,658,-494
-4912,-11804,5468,62,1656,227
-4488,-13776,11420,-290,-715,1197
-4624,-13556,10344,1225,-1374,-230
-2464,-13208,8932,-1208,-629,-1840
-2028,-13424,8612,-2503,1221,-674
-2348,-13648,8624,-1631,483,-142
-2208,-14052,8428,-485,164,22
-2196,-14088,8088,-11,597,548
-2436,-13624,8400,236,855,1311
-2540,-13880,8420,113,668,1156
-2832,-13428,8528,902,126,478
-2688,-13576,8672,871,7,-188
-2584,-13172,8360,658,-165,-412
-2508,-13392,8812,-135,-180,-686
-2540,-13448,8540,-713,188,-331
-2588,-13756,8848,-590,175,-328
