2516,-8448,13508,-710,859,950
1892,-8712,13668,-209,774,511
2404,-8492,13708,126,24,124
2292,-8552,13944,354,84,-411
2148,-8460,13748,145,-140,-796
2236,-8308,13732,-369,230,-889
2580,-8204,13580,-473,-57,-625
2468,-8272,13580,-429,-180,-529
2420,-8384,13448,-482,255,-312
2728,-8364,13140,-47,858,374
2220,-8296,13688,413,692,347
1788,-8612,13800,1006,-480,-727
1852,-8604,13112,1506,-1247,-1698
884,-8840,13932,1050,-3015,-2135
760,-4440,14708,-2986,-9165,1329
-892,-11556,12044,-3036,-6101,4557
4776,-9840,10928,-1055,-2215,6022
7572,-9152,12744,-512,-2208,1571
10172,-4808,14156,79,1959,1809
11316,-4388,12576,1548,12002,5444
7992,-11248,13092,-3239,10715,1419
4732,-8800,11064,-4237,8785,-11314
-2748,-9036,13892,-5520,6074,-11324
-2888,-7952,11056,-4768,5143,-4916
-460,-14200,13144,-3616,1224,-4898
-3776,-11176,14232,-3245,994,-5670
-4644,-8368,14768,-1828,-6954,-2603
-388,-8620,14224,-2494,-9491,-227
-60,-10456,13748,-988,-8251,903
1088,-8832,10368,781,-4734,2141
2040,-7428,12420,4076,-5472,6600
5132,-9960,14504,5013,-6392,10021
6256,-4296,6532,5706,-5218,11161
8988,-6968,11740,754,-1301,7474
4780,-7080,15588,-2245,696,7531
5408,-9688,14564,-6015,564,9874
12216,-11928,20108,7386,-3189,-2476
4108,-8500,11736,8758,-593,-11730
4612,-5712,11076,2045,1863,-5098
-1040,-5656,7704,-1512,3334,-4224
4876,-9052,4176,-4308,2204,972
2388,-9688,2432,-15989,4355,989
-3176,-16012,14864,-1953,5008,4946
29676,-32768,24140,-7627,-8750,-15840
3064,-7892,13668,-3090,5439,-9589
4176,-8584,12356,381,6405,-3922
-3488,-6888,11108,750,6063,-1596
-5620,-7816,12812,85,2720,-694
-1108,-8892,13132,890,-382,1402
88,-9288,13744,683,-2593,-4175
1340,-8908,13920,-369,-3688,-5419
3524,-8256,13640,-2180,-1880,-2192
2632,-8824,13192,-2593,193,979
2060,-9116,12960,-1307,-45,953
1892,-9548,13120,-551,88,-566
2092,-9348,13240,-200,-869,-1583
2472,-9060,13028,-791,-937,-1393
2484,-9160,13428,-1244,-617,-845
2924,-8916,13056,-1593,-311,-455
2860,-9412,12820,-1559,267,277
2596,-9656,12816,-968,620,1003
2372,-9448,12812,85,999,1047
2056,-9472,13040,1208,556,360
