-732,-6684,13316,-1256,267,-649
-348,-8056,14408,-1300,986,-1154
-1612,-7400,14656,-635,-34,-278
-712,-7476,14052,-1123,-1784,1609
-616,-6912,14196,-1702,-1048,1044
1028,-7028,13820,-2670,829,-713
896,-5720,12916,-4390,3081,-3509
3772,-5008,11624,-6164,5976,-5822
2824,-8248,11864,-10612,9823,-12264
-1600,-8304,11988,-9896,5034,-10171
-1952,-8648,12124,-11856,6349,-6746
2508,-13608,14344,-8054,7399,-2901
-3200,-10584,13024,-5065,3875,-9545
-3952,-12808,11632,-6524,7251,-1726
-6492,-13500,9404,-8740,985,-2074
-10860,-17592,12360,-9,-8818,-4839
-11264,-13588,7832,-4255,-9098,2862
-10520,-19136,5132,-7402,-32768,19127
20,-15840,440,-6576,-29206,26743
7992,-16040,-3456,-6071,-13150,32767
7228,-18288,12536,-4874,-4076,3664
10948,-17180,5300,-2397,4672,-3904
8180,-16860,5792,1052,12447,-6988
2452,-16432,5748,1910,18649,-16402
-7132,-14780,6328,1276,20124,-14003
-9752,-12728,4996,744,19095,-10321
-10720,-12396,7972,884,10866,-2857
-9608,-11468,11648,-1461,5685,4886
-8612,-9916,12344,7869,-3441,-5321
-10036,-11300,11428,1342,13419,5521
-5812,-9504,16132,-9380,-6194,12514
4548,-9408,3356,-402,-4213,9348
1048,-12960,7796,-3035,-8056,7144
4148,-14508,12256,-7229,-14589,14980
8196,-18424,12696,-46,-23757,14364
1784,-17584,10264,9482,-19119,1413
2804,-15208,9384,9366,-10328,-5537
1180,-4376,2516,2128,-3823,-8096
-12608,-13128,13236,4454,3841,-5314
-10076,-8012,4844,-999,1136,964
-2748,-11756,5248,-14201,1687,670
-9012,-17880,10256,7447,-8898,-1387
13016,-18572,6944,-3049,4850,-3442
7908,-14732,10468,-773,13567,-18539
-1136,-10416,8368,4632,18934,-20549
-6632,-14712,7592,1067,8211,-5435
-13760,-13584,9056,-2527,-5861,219
-5700,-14564,11704,-1051,-6832,-5366
-476,-13816,9564,3441,2555,-10502
-204,-18124,10836,14514,-3081,4542
-1632,-14156,10780,11543,1211,231
-2488,-10100,10332,9106,4438,363
-7224,-7044,11152,5938,-1955,6203
-2452,-9432,12484,689,-3175,2026
1096,-11016,12616,2369,-63,-1533
2484,-8432,11528,1234,373,-1785
2276,-9304,12940,1548,1389,-1601
1156,-7576,12360,593,-134,-960
-528,-7880,13516,-1734,2316,-2365
-1472,-8276,13488,1135,-528,-230
292,-7636,13604,618,-4111,1134
592,-7412,13676,-1807,-2516,-487
188,-8368,14252,-603,-1388,-317
2720,-9744,13512,249,-1416,462
628,-9896,13640,536,-1782,-845
-28,-8744,13004,-230,-1183,-804
-8,-8444,12500,-745,24,562
228,-8736,12824,-932,129,-463
544,-9812,12788,-606,-247,-551
-412,-9264,13520,-158,-197,-53
