1320,-10948,11924,-199,-40,7
1496,-10888,11880,-289,201,401
1316,-11124,11588,-400,298,263
1376,-10892,11612,-434,380,74
1220,-11012,12196,-316,-244,-428
1408,-10928,11896,-474,-9,-245
1328,-10996,11672,-235,216,-264
1408,-10836,11888,-200,128,-339
1396,-10968,11732,-424,63,-147
1112,-11044,11900,-393,105,-39
1228,-10888,11876,-354,-101,-300
1360,-10980,11896,-523,53,-237
1568,-10892,11796,-981,-73,-216
1432,-10972,12084,-1395,-93,-189
1148,-11196,11812,-1498,-631,-516
-156,-12116,11736,-1483,-1876,-1431
1620,-11556,11448,-2128,-4328,-1588
2516,-14576,32767,-3029,-927,-5075
-476,-13996,8816,-10204,634,2682
1776,-12876,9636,-10121,-58,2734
4576,-11620,11264,-8849,326,1773
11792,-11184,11820,-4261,2369,524
21328,-16436,7588,-6301,6907,-13740
-1048,-14140,7868,-8353,8413,-24513
-4732,-19644,11356,-19276,12049,-24673
-6844,-14880,10004,-12046,-876,-7791
-6940,-20992,13752,-4384,-4869,-1197
-2384,-14920,8348,-2007,-13199,21045
10240,-14660,1956,-17448,-15154,27956
11556,-14064,-476,-6907,-16367,9895
-1140,-32768,-26592,-14931,588,-3253
1892,-13156,10372,28549,-11190,-8694
3532,-13408,6124,31958,-7073,-4175
2460,-13368,5828,3593,5401,940
8476,-18912,-4696,8866,5205,-64
-2828,-15792,11612,-53,11110,2843
10548,-12520,5448,-6126,11650,-8229
7108,-13100,9756,-6610,2130,-16063
2832,-11440,8628,-1986,2338,-7466
4920,-14884,7928,3172,4940,-1742
676,-13604,9344,2804,1057,1290
3412,-12116,10088,3115,299,-2172
2944,-12216,10676,1483,-751,-801
3188,-11736,10836,-43,-938,-263
3320,-12176,10708,-970,196,803
2320,-12484,10080,-1026,69,443
2972,-12120,10172,-1078,188,-269
3460,-12104,10284,-1070,317,-529
2664,-12604,9936,-287,422,-1144
