-3052,-12088,10320,-129,-503,-342
-2816,-11960,10428,299,-13,86
-2688,-11844,10120,-88,77,-7
-3112,-11984,10556,-326,-24,-218
-2948,-12056,10596,-605,87,-79
-3008,-12180,10476,-943,357,117
-3016,-12124,10240,-648,275,-57
-2760,-11964,10372,-971,198,-324
-2676,-11592,10244,-1241,292,-115
-3184,-12188,10352,-1028,1325,1109
-3444,-12056,10172,-1577,1240,975
-3600,-12180,10420,-1860,574,341
-3412,-12036,10052,-2295,542,-102
-2996,-12296,9768,-2676,462,-85
-4152,-13156,9760,-5140,1061,730
-3976,-13500,9396,-4053,-365,-1380
-3392,-13344,9220,-847,-1869,-2860
-3072,-13256,9004,940,-1663,-2808
-2464,-12716,8732,3620,-329,-1182
-2220,-12484,9264,3751,264,-549
-2656,-13168,9360,6028,897,-244
-5804,7656,-3948,-32768,-7812,-13232
-3704,-13684,12664,-706,1132,-3787
-2604,-12064,11892,-394,458,-4549
-3712,-14560,13340,3271,-1074,-3247
-2460,-13796,9900,1570,-352,-868
-2280,-16060,12580,4603,-644,-325
788,-14404,12248,3567,10170,213
-1940,-10048,14780,928,5318,-1591
-1708,-9300,15200,1057,453,-2454
-2292,-9716,12152,-8532,1705,605
-1168,-10976,11560,-10322,-3900,-439
-3952,-15404,8424,-14506,3443,4877
1896,-31004,19496,-1060,706,-4495
-3596,-15236,8564,-11735,-1223,6653
-8304,-22344,14032,-8613,2679,8738
-5648,-17108,8988,-4588,5100,704
-4776,-12144,3684,-4591,3023,523
-3736,-14920,6320,-4884,1435,-995
-5344,-14568,2900,-2680,2615,350
-2712,-14984,6444,-4060,1180,-759
-4484,-14996,6564,-6948,587,-964
-3392,-15776,5824,-8733,-196,-2954
-4872,-15660,4864,-6685,388,-2238
-5408,-15004,4408,-6017,702,-2137
-4380,-15872,5092,-4222,1453,-1858
-6008,-11660,1592,-8521,34,-1832
-4596,-15120,832,-5684,745,-1974
-1532,-17744,9672,861,-705,-703
-5688,-15112,4632,3756,-1563,281
-2188,-15344,7560,2642,-1696,520
-3000,-15512,5728,5509,-1449,530
-980,-14828,4240,7528,-1340,-712
-4152,-14468,7596,5198,8619,5817
-1212,-15208,9860,8759,6135,2335
-2880,-15764,7964,14251,-6129,-4136
-2060,-14804,8468,12989,-11941,-2365
-1788,-12828,8100,3261,-5731,379
-2636,-12832,10152,5898,-4483,-368
-2144,-10728,5868,5079,-1782,-313
-3064,-13772,7012,2233,-498,-1297
-2792,-15652,9204,231,1170,-1153
-2760,-12268,8156,226,58,-786
-2736,-13792,8936,-1897,1400,2471
-1480,-13268,9076,-2080,954,1865
-1792,-13672,8360,-2365,2267,1664
-2180,-14576,10712,-382,3171,2390
-3820,-14896,10128,3251,3114,4095
-4272,-14308,6512,310,7062,1814
-660,-15912,11768,-3882,856,-3099
-780,-13864,9536,-5406,540,-3459
-2144,-14188,10372,-3833,1710,-3196
-1340,-14080,9444,-2002,2442,-2848
-3132,-13116,8908,-1889,1504,-1998
-3724,-13836,7920,-402,1982,-2141
-4784,-13532,9924,-344,1955,-1430
-4196,-14360,8920,-751,1948,-1823
-6788,-14260,9128,909,1208,1032
-2620,-14440,6040,2275,-3267,1680
-3532,-13304,8764,1060,-1720,-2827
-3744,-13008,9740,-1631,-2516,-4964
-2556,-13828,9356,-6050,-4222,-3730
-2164,-15220,7780,-3558,-3298,-888
-2772,-12892,3952,3170,-3622,1479
-4704,-11488,5904,1616,-2762,1123
-2648,-12644,8664,-1193,-2782,3529
-316,-12296,8912,251,-2232,2086
-1392,-12996,9296,-111,-3129,2176
-1276,-13012,8344,-1059,-2267,1952
-1756,-14520,8764,1854,-3091,1271
-2660,-11952,8064,681,-2501,1101
-1568,-11444,7932,-276,-897,1719
-1708,-13044,8472,-1152,842,1221
-3380,-15124,11932,-237,1657,1757
-3696,-14380,9912,267,483,1192
-2944,-12856,9288,334,-1780,-1357
-1384,-12468,9164,-816,-1725,-1656
-2336,-13424,9476,-524,455,231
