1768,12160,10456,-394,203,-294
1008,12512,10784,-417,242,-253
1544,12512,10364,-411,-315,175
1552,11776,10608,-344,275,-266
1476,12228,10340,-412,299,-379
1260,12548,10536,-860,-785,-213
492,13124,11560,-632,198,-527
-696,16692,15156,-8476,-3666,-2796
3640,8756,10580,-10715,-7082,-607
8184,7556,10220,2039,-8588,4545
7480,11628,12568,3369,-4553,1806
3984,8100,10732,1423,-4425,-922
1512,7468,9212,5201,-3388,-1704
-1684,11512,11056,2108,193,-3658
-1624,10932,10372,1159,-1558,-9431
-1424,10084,9032,3733,-3679,-12569
2120,12068,6084,4416,9751,-13979
84,15660,7296,13222,10038,-8196
7304,17316,6532,3140,-4058,-2606
5404,22784,4596,5387,14430,-4215
3452,18440,6112,5597,1814,5323
2772,16232,752,4089,6994,11549
-4376,10024,2036,4759,11874,8998
-13744,10812,8096,301,17549,443
-14672,18076,9520,-2378,7622,5312
-8928,13556,7800,-4804,4261,8203
-4352,11800,8836,-4127,6531,4311
2932,10928,9764,-1493,8333,807
13224,14632,8640,-1038,1155,430
7124,12616,10456,1733,-2725,-7877
5296,13888,10372,468,-13038,-7592
4056,11544,8828,-1228,-13163,-6432
1444,13120,9496,-2735,-2609,-730
2164,14204,9648,-2109,8318,3353
1104,15456,11296,-2423,7292,10310
-1596,10592,11292,-2791,2825,7666
-428,11956,12180,-1776,6836,5739
-7072,13996,13868,-1635,-5623,2965
-3332,15980,9648,1250,-2598,-114
-6760,15904,10808,3133,-2272,1656
-8392,19792,11540,-4386,-5094,6789
-3188,9452,7048,-8727,-4057,-1513
-248,14404,9432,-3166,-1688,-1782
2812,9292,6760,-4968,-1662,-1915
6916,10424,6648,-2887,105,-3295
8224,11728,7036,-3045,4664,-2037
9804,11464,6472,1626,6241,-969
1444,10484,7700,-1442,5488,-2724
-3848,7308,4836,17329,2665,-4904
-3652,12980,5544,20873,3285,-7588
-9900,15760,10680,-733,2895,-1667
-4904,13620,9024,-3791,-569,-167
-1620,12216,4956,-3754,4256,-252
1152,9480,10448,-3494,-2660,-755
10180,16628,16168,-783,-3261,-5102
5636,11476,10020,-996,1618,-970
2568,12436,9704,405,966,-2552
-1224,13664,9440,213,1302,-4943
-1248,14212,8048,-4050,-3862,-2415
-2388,14448,9880,-4564,-2801,1735
1444,12000,8904,-1318,863,1060
-108,12708,9752,-904,291,-1562
-1424,13368,10396,-79,542,-717
-572,12836,9712,625,-441,786
624,13116,9176,1122,147,64
-484,13060,9540,1065,739,-557
-908,13804,10068,175,-415,30
20,13052,9120,-423,-576,355
248,12764,9304,-333,34,-281
-364,13552,9980,-166,38,-391
-256,13340,9736,-427,-450,254
384,12920,9340,-290,99,-99
16,13100,9512,-186,202,-368
-532,13484,9548,-438,-472,-41
-104,13056,9312,-279,-192,-119
-528,13104,9104,-261,286,-285
-204,13000,9160,-452,31,-95
564,13248,9228,-305,124,-174
