3308,-11096,11512,534,270,-1329
3672,-10724,11580,77,-180,-828
3544,-10904,11564,-516,-99,-230
3200,-10964,11604,-1138,93,666
3504,-11000,11036,-1497,120,1393
2920,-11196,11280,-949,468,1405
2860,-11428,11272,-421,472,275
2988,-11332,11224,118,161,-583
3092,-11300,11328,194,-136,-1202
3372,-11044,11416,-300,-576,-923
3356,-11108,11576,-1216,-501,-725
2984,-11348,11452,-2043,346,-660
3004,-11420,11608,-3101,-1003,-1124
3600,-11788,10704,-5988,-3378,-2647
4236,-11684,10692,-5374,-1721,-1848
2812,-11516,10080,-2919,-75,-1806
-25520,-27652,32767,13902,-19781,13594
880,-12040,13536,7982,-3403,8523
1116,-11148,10696,4806,-2243,3539
3108,-9236,7032,1014,-6566,7305
7512,-19928,17604,-4951,-490,2780
3688,-12420,11264,-1659,932,-642
496,-25792,14388,-4378,4969,996
880,-13488,9480,-12784,-90,2891
-240,-14232,10872,-10111,-970,2386
4636,-12200,10028,-7161,-748,2546
11140,-9996,10584,-2606,455,1521
14808,-14252,7128,-2676,9196,-215
7624,-9276,5360,-3999,11867,-21147
-4004,-15120,6912,-8371,8785,-12341
-5532,-18396,5732,-11765,6452,-9316
-8420,-16592,7724,-11632,2911,-7521
-3672,-14496,9972,-3993,-9553,-935
-3176,-14492,9104,-2540,-7467,16848
4672,-17064,-560,-9513,-13252,29064
16884,-4564,3604,-235,-4921,23778
11968,-15724,15060,6147,-11184,-4923
7820,-17612,13524,32767,-13339,-12073
5004,-13200,2008,32667,-2317,-8423
3784,-5696,-7820,8404,2367,-3035
5832,-7172,-9104,-25491,16124,-1004
32767,-9396,-27188,-6044,-24343,12690
-2976,-12336,10688,-5567,3838,-18258
-3320,-13376,13892,-6921,2487,-18009
-2928,-11908,11216,-1596,2613,-3439
1160,-13244,10176,1110,2512,282
3600,-12236,10088,2261,951,-554
3600,-12068,10504,1151,460,641
3144,-12244,10120,656,68,423
3312,-12284,10692,-233,64,44
2884,-12392,10176,-1099,-547,24
3356,-12284,10332,-1419,-237,-77
