-3592,-14432,6200,-361,-63,-353
-3388,-14324,6500,-330,100,-37
-3908,-14312,6604,-457,-462,-243
-3824,-14540,6516,-475,35,-490
-3620,-14464,6548,-294,91,-74
-3808,-14284,6400,-85,-4,92
-4008,-14408,6444,21,-72,45
-3880,-14396,6584,-270,88,1
-3376,-14816,5812,-531,181,-11
-3708,-14584,6612,-1255,192,-394
-3864,-14484,6656,-1216,-175,-292
-3884,-14460,6272,-907,202,73
-3968,-14624,6052,-275,146,233
-3784,-14456,6304,-24,-37,180
-3776,-14408,6268,613,-267,450
-3640,-14564,6296,838,-654,-393
-4052,-14752,6348,1334,363,-976
-4180,-15108,6516,4049,-714,-3053
-3576,-14768,6644,5953,-795,-3784
-3248,-14752,7072,7997,-575,-3655
-836,-32768,32767,11611,27582,19575
-2428,-14940,6148,-5377,5382,-2919
-2780,-13048,4852,-1238,2184,-2786
-4056,-19804,12196,8937,-398,-1270
-2912,-20496,10964,5675,695,-2575
-2716,-9944,4616,-2328,649,-2606
-2252,-13068,8216,1163,49,-1607
-2188,-8240,7948,3316,-470,-2229
-996,-9696,5780,2623,1524,-1132
-1324,-11384,13060,5322,1623,-1622
-2204,-12240,9972,1847,771,-120
-2164,-12360,9820,-4314,996,982
-2288,-12944,9228,-10262,1462,2314
-2488,-13872,7460,-15771,2107,3822
-3712,-15276,6236,-17382,282,3855
-3576,-14556,6712,-15162,-3478,2514
-24552,2204,-7624,-20241,8034,13824
-25436,-11628,3884,-7641,8338,8969
6688,-18780,4160,-1365,392,-1360
736,-20356,6628,931,898,-2185
788,-17388,10256,1394,2123,-795
-4016,-14988,2288,642,1742,-870
-2888,-15572,4740,1339,1051,-1322
-2680,-15400,5920,1067,19,-1740
-3132,-15628,4340,1021,1578,-1126
-4068,-14804,4168,-190,1514,-1873
-3776,-15716,5028,598,1441,-1788
-4912,-14940,6364,-566,1246,-1374
-3424,-14788,5080,-985,1324,-1817
-4100,-14440,4884,-2018,1537,-1823
-4220,-15144,4708,-5209,507,-2622
-4316,-15916,5764,-5212,837,-1856
-4672,-16392,4200,-4490,1165,-863
-3388,-17812,5880,-3017,2006,-535
-5016,-16192,5808,-530,242,-1365
-3464,-15308,4880,3146,-776,-1743
-3928,-12296,1780,1677,-443,-1477
-4324,-14212,4852,-163,-705,-183
-4080,-15564,5428,252,-937,1324
-2480,-15368,5048,-3155,-1687,1718
-3844,-15680,6900,670,-168,2334
-1952,-15708,5812,4741,10,1284
-1208,-15716,4256,3153,-1817,-531
-3732,-13564,5856,4435,731,1264
-796,-15816,3764,1349,-613,-71
-2276,-15308,4180,1023,1180,1031
480,-20524,1696,-1509,1906,-12
-1112,-15544,3028,-9738,762,1066
-2340,-16260,3236,-9213,585,2432
-3284,-16976,7080,1359,-5308,-1082
-3356,-16516,6912,5872,-7356,-1063
-1784,-12680,5964,11538,-9368,-647
-1152,-10580,6276,13326,-6455,956
472,-11680,5784,6885,-1648,2638
-2700,-13568,4124,2933,1533,-1969
-5752,-16684,5516,-2017,4770,143
-3484,-15396,5880,-1064,-743,1161
-3436,-14808,5352,-2384,-2791,3029
-1352,-14120,4700,-3412,1091,2400
-2832,-15296,5184,-2801,499,1226
-2320,-15932,4856,-4365,1090,102
-2808,-16708,6036,-1635,1684,2229
-2648,-15216,5216,3639,2819,4416
-3892,-14612,7004,2880,2954,2696
3504,-16948,6092,-2015,151,798
-2764,-14652,4940,-1588,506,-235
-2472,-15852,8480,-1894,1105,-1325
-2828,-14576,7804,-1837,442,-1922
-3268,-15436,6124,-1420,1142,-1572
-2472,-14160,5796,-441,1465,-1506
-1532,-15484,5736,-644,1639,-2056
-4136,-15252,8896,-599,1769,-1898
-4568,-13752,948,520,2360,-528
-5332,-14972,9088,560,1506,-1291
-5128,-12408,3456,-416,2004,-1342
-5740,-14932,7504,-1481,1280,-1278
-5908,-13156,7572,-566,761,-641
-12868,-11668,4340,2814,2695,4670
-3980,-14720,6508,-693,416,-1120
-2868,-15088,5536,-1427,-78,-2307
-3372,-14764,6164,-2848,184,-2671
-2868,-14744,5564,-2847,-421,-2168
-2448,-15164,5228,-2102,-437,-620
-2620,-15328,5040,-752,-211,-212
-2812,-15120,5420,1067,-328,371
-2912,-14964,5612,2797,336,275
-2924,-14808,5944,3600,160,687
-3380,-14584,6452,2995,135,1000
-3156,-14660,6352,1575,313,411
-3348,-14612,6560,-204,110,-471
-3060,-14572,6500,-1042,332,-979
-2912,-14704,6008,-1463,196,-900
