-2748,-9116,13184,-109,-840,837
-772,-9252,12512,-218,1073,-45
-1580,-8992,12880,66,793,-172
-1708,-10300,13648,-591,576,714
-500,-9536,13432,-948,94,545
-1236,-10084,13752,-283,-2052,827
-68,-9568,13212,-452,-547,978
-312,-9204,12448,-536,1098,383
-360,-9104,12400,-469,575,-213
-1340,-9568,12936,-452,26,-453
-1604,-9320,12384,-447,757,638
48,-8760,11908,-683,641,-77
460,-8992,12084,-1098,-1859,-1084
796,-8380,10284,-2290,-1832,-5356
-288,-10212,9200,-5864,-6542,-5517
-436,-12940,10396,-11307,2439,-1411
3616,-14096,6780,-7921,11304,662
1492,-13124,9404,-8330,189,4200
3656,-12244,13460,-10195,2103,-842
1720,-11024,13392,-8984,-1057,-9523
-2116,-13044,10080,-5238,2060,-9897
-5680,-13552,11484,-7925,2556,-3256
-9668,-14052,7328,-10253,-213,4914
-4064,-14168,8472,-14069,7186,14272
3056,-12492,15208,-7853,8008,15568
5972,-13248,20696,9926,-6991,3202
4044,-12860,10112,32767,-16958,-4684
-5268,-8344,6056,24719,2614,-2959
5812,-10908,3228,-3484,-2334,-10350
11912,-21160,11344,4262,-6633,-12757
-4044,-12008,11232,-3190,-1200,-17430
-1116,-9720,12472,-4036,2845,329
-5444,-11056,12308,-4989,4716,8192
6164,-11704,12328,6169,-905,9268
4560,-10236,12192,4738,3074,-909
772,-9084,12560,-105,3550,-610
676,-9612,12344,-2450,5067,-1378
-556,-9832,13712,-1701,397,-1061
-308,-9352,13332,-562,1769,-624
840,-8936,12368,-120,579,-665
480,-9928,12616,-442,1333,-1455
