672,-11616,11040,750,966,-289
636,-11612,11456,621,811,-32
748,-11500,11300,86,524,397
516,-11652,11384,39,297,260
652,-11476,11268,-301,468,297
524,-11580,11396,-799,287,419
300,-11804,10924,-743,224,398
76,-11776,11232,-571,508,-142
268,-11776,11540,-588,443,-598
360,-11696,11244,-532,359,-736
452,-11708,11100,-137,-145,-833
428,-11692,11232,21,-503,-955
188,-12172,11468,48,-1268,-699
260,-12492,8572,481,-987,109
340,-12536,11268,743,-1998,326
-3628,-14156,9492,-5672,2057,3969
-1512,-12992,8800,-5717,340,3226
-1336,-13540,11252,-5540,628,630
-940,-11260,9932,-5472,-337,896
-340,-11756,8616,-5389,899,1390
4792,-12536,13436,-4221,621,1629
6912,-12044,12804,-1163,3124,994
6196,-12876,7308,-2476,10450,3532
10476,-24436,14204,-1660,6836,-11300
-140,-10976,4992,-2218,7216,-16151
-3648,-7292,4032,-1250,2774,-5598
-2220,-10064,6444,-3340,-2108,-1680
4260,-18752,7836,-4203,-2194,-3993
-152,-14328,7472,-2224,-1661,-1752
-2940,-13484,7100,-1802,-2993,-1552
-2600,-14188,8204,-2685,-1538,-2509
-8344,-14600,13740,-6144,-4559,5012
-4164,-12620,7584,-7694,-3379,14114
2456,-15616,11456,-397,-1594,4420
-12280,-9620,16580,3141,-6268,-2379
7320,-20900,3612,1515,-1175,1024
-744,-21148,23968,-2256,-8752,-439
4800,-18032,20396,386,-2757,-1413
5920,-17396,9500,4747,-2008,-2656
3188,-10708,5868,9029,-1973,-2636
-124,-10824,8428,11993,-3888,-1632
612,-9620,2368,4834,-6020,-1139
-4280,-12764,10248,-869,-3490,-625
-692,-15536,8748,2826,-7904,2276
-1464,-11524,-2648,-4987,-2740,911
-976,-14192,5868,-7126,-2915,182
9000,-24628,15996,6671,14332,7061
4860,-14112,6964,2840,7249,4567
10312,-18656,9620,-2184,3949,-7940
3284,-16648,12520,-5466,5548,-8300
5988,-19164,20300,357,5044,-4818
-2976,-15884,8992,2824,5885,23
-19196,-15628,27948,2474,6276,1278
-3668,-13452,12328,3163,-1834,-513
280,-12572,11020,920,-3102,-5433
2440,-12556,10608,-864,-1674,-2723
2520,-12848,9324,-1677,-526,-300
2076,-13016,9084,-1862,735,359
