-2776,-13504,8152,-978,189,122
-2976,-13624,8460,-580,-176,-304
-2664,-13448,8428,-72,34,-267
-2780,-13640,8632,-83,-177,-483
-2544,-13592,8788,191,-135,-648
-2564,-13388,8604,578,185,-167
-2860,-13544,8472,938,400,154
-3060,-13288,8672,1240,286,137
-2868,-13172,8788,221,302,433
-2856,-13396,8796,-1025,270,230
-2820,-13088,8752,-1802,135,-22
-2900,-13328,8716,-1685,129,-2
-3348,-13500,8652,-650,190,229
-3312,-13576,8656,738,-67,-280
-3080,-13860,8564,1706,-741,-1185
-3088,-14244,8404,4276,-1213,-2562
-3544,-14804,8392,7482,-1069,-4153
-2732,-13288,5612,-6334,3181,-3214
-2304,-12588,4340,-7989,6148,-2481
-4128,-12292,6744,-5456,662,-34
-1676,-10292,7992,-4581,-5944,1927
-1640,-11728,12616,-4568,-6619,411
-64,-10616,7908,-2542,-1134,1480
-1620,-13692,8068,-7487,2110,5387
-4756,-15328,7856,-11834,-1239,6093
7336,-1120,616,1286,9247,-5614
-1736,-13300,5204,536,-3526,-2667
-2616,-15544,8228,-3659,205,852
-2212,-16216,4156,-4241,1451,-189
-2160,-17672,8300,-1630,1543,-2401
-4272,-15308,4348,313,2723,-1365
-2392,-15956,4788,-21,3041,-2046
-5052,-13640,2700,-1415,3367,-1513
-3260,-15160,4068,-3078,1873,-1841
-3484,-14344,2424,-3622,1459,-1383
-5472,-14700,5584,-3861,-550,-2577
-5352,-15204,5700,-4032,812,-2782
-5356,-14752,2080,-9609,3107,-1335
-5124,-16456,6608,-2733,383,-897
-4288,-16028,5856,-1308,-1436,-158
-4128,-16724,5680,-152,-3117,566
-3940,-15900,6180,4447,-4240,813
-2092,-14520,5076,7296,-3843,1179
788,-14592,6856,353,-927,342
332,-15496,6704,-735,2425,5121
-844,-20772,12004,11330,-6551,-1140
-1012,-15488,8612,18943,-9712,-2158
1180,-8884,2348,3844,-3486,-1011
-3624,-12540,7644,-918,-4321,910
-2092,-13180,7648,1842,-6219,2227
-3796,-12776,3780,-150,-3943,-172
-5676,-17880,9804,-128,-1949,1487
-1580,-16160,5892,-219,-3125,4419
-3108,-15576,5168,-2741,-1956,2284
-1628,-15176,6652,-2057,-1041,1899
-1004,-14048,5440,-2105,16,1439
-640,-13976,4840,-4859,1118,1358
-5512,-18272,9816,3676,1892,4889
-1032,-16764,6516,5904,2868,4132
-248,-12512,4052,-2710,3362,-2053
-3816,-14752,8716,-5627,3583,-1969
-1620,-15812,9112,-1718,2974,-2531
456,-15260,5628,968,1962,-3480
-3524,-14464,7356,-89,4744,-3565
-4764,-13588,6120,-936,5901,-2941
-6316,-13352,7356,1535,5195,-779
-7260,-13220,7268,3729,2446,487
-11744,-1432,-1976,11621,2152,7508
-3400,-13352,8532,3471,96,-1765
-2560,-13448,8056,-533,826,-3420
-2692,-13604,8272,-6038,707,-2347
-2608,-14384,7080,-8813,-257,-489
-2984,-14968,6904,-6035,-1156,-1001
-2520,-15408,5980,-1692,-1349,-1057
-2732,-16376,6124,3438,-2442,-1733
-3952,-16992,7936,6364,-3749,-4414
-2724,-17940,8460,7855,-2349,-2027
-4572,-13380,5592,4315,-195,-1088
-4112,-11664,4840,1491,235,2144
-192,-14528,6720,-1605,1015,3085
-164,-14444,8612,1725,239,3409
