-2876,-14748,6144,535,-162,-338
-2764,-14496,6056,395,-543,-416
-2780,-14864,6204,80,-28,-61
-2724,-15056,6200,-134,123,-105
-2676,-14860,5940,-630,-93,-464
-2612,-14840,6328,-774,-38,-894
-2812,-14904,6180,-564,-95,-988
-2752,-14580,5904,51,37,-255
-2808,-15000,5980,441,11,-82
-2668,-14836,5992,55,-144,-224
-2716,-15036,6172,212,-65,-270
-2772,-14704,6424,-309,-141,-385
-2732,-14756,6336,-907,32,-387
-2876,-14948,6464,-589,15,-446
-2676,-14748,6100,-107,-130,-489
-2620,-14908,6220,98,20,-109
-2812,-14784,6012,355,62,-76
-2568,-14824,6208,659,-150,-311
-2728,-14840,6268,1493,-109,-376
-2748,-14760,6716,2694,-388,-770
-2928,-14980,6592,4322,-222,-1141
-2724,-14600,7024,6501,-541,-1782
-2624,-14752,7224,7792,-1344,-2489
-2656,-14196,8164,10407,-1010,-2448
-2404,-13404,8728,11525,-1744,-3318
496,-17796,1820,-4501,6299,2271
-1876,-10920,6044,-2384,815,-96
-2444,-13008,8716,-1137,-662,-628
-1600,-13660,10172,1423,-552,-2227
-1824,-12396,7816,-3936,1710,-1270
-320,-15300,14048,-3060,139,-491
-952,-13644,11224,-1384,-483,-462
708,-12756,14276,2792,-3481,-1760
-464,-12120,9644,-2234,1319,1912
-1008,-12876,8948,-9629,3947,5806
-1972,-13832,6384,-11506,826,5369
31600,-23068,12004,9680,-24239,-18862
18300,-17680,13068,7835,-13171,-8338
9748,-16268,8064,5743,-11148,-4322
-1604,-14624,5224,6137,-3710,-729
-3788,-13904,6884,6382,695,-858
-3492,-12172,3404,4846,3616,-1077
-3180,-15720,9268,493,2462,-2976
-2980,-13484,9076,1804,731,-2529
-4836,-12996,7820,2228,1967,-1686
-3728,-13052,9308,531,815,-2156
-3032,-13228,8572,136,-359,-1980
-2852,-13152,8848,750,-391,-3032
-3880,-13244,10372,-436,228,-3215
-3768,-12600,9200,-1794,-994,-4115
-3044,-13740,11180,-2505,-1839,-3910
-1668,-11948,8340,-3746,27,-2167
-2488,-14240,12076,-6658,-1106,-807
-1956,-13424,9440,-7739,-1032,-482
-3032,-12676,7956,-3540,-709,-671
-1220,-14616,9764,-874,-303,53
-1300,-14552,8688,-1183,956,-2721
2048,-14812,11676,-1718,5,-987
896,-12660,7812,-3137,1768,1485
480,-13936,5312,-5802,4548,2830
3716,-16424,6248,-11959,2360,5421
-1388,-18800,13584,-344,-5739,-317
-832,-14988,9436,12243,-13010,-70
1444,-9232,4124,17134,-11402,-51
-856,-10888,4028,9304,-3178,-2210
-1492,-13240,8176,6240,-431,-875
-996,-13344,7924,9152,-1394,163
-2508,-13608,9524,7031,-2795,2387
-1320,-13828,10996,6012,-1936,1229
-816,-11880,8400,4389,-548,664
-152,-11584,9924,-1587,3239,1557
-304,-11324,10056,-5200,4057,1873
-1496,-13640,11268,-3151,1635,1571
-1492,-13116,12012,1456,3603,3924
-1500,-11568,10936,1082,-32,1001
-28,-15840,14044,-12939,-3108,-6398
2848,-12212,9604,-7157,-259,-994
-656,-12624,8860,-4155,1887,-796
-2300,-13356,10448,-3017,1680,-1305
644,-13488,11776,-1563,1156,-335
-1076,-13704,9188,-57,1243,-960
-1040,-13584,10352,36,-181,-1065
-3696,-11956,9080,-560,2509,-2184
-4688,-12132,10064,105,1965,-822
-4476,-12896,11100,204,1120,-484
-2132,-11776,10540,1292,121,-22
-8152,-13324,14884,2899,-2109,1487
-2680,-12184,10764,-726,-1467,-1400
-2068,-12216,10392,-3206,-478,-1219
-1688,-12696,10024,-3790,-420,-931
-1996,-12880,9912,-2384,-484,-775
-2912,-11960,12400,-1729,-628,-216
-1604,-12960,9556,570,136,-28
-1816,-13012,9536,1475,-10,48
-1984,-12404,9776,148,305,256
-1476,-12672,10028,105,-134,-330
-1496,-12400,9916,1105,-811,-842
-1796,-12788,10256,-64,210,23
-2076,-12568,10104,147,441,246
-1792,-12612,10124,-1558,-323,-627
-1756,-12460,9820,-2431,86,-472
-1424,-12832,9932,-2568,342,-29
-1684,-12832,9832,-950,248,-76
-1844,-12860,9988,991,-93,-302
-1828,-12844,10052,2157,-126,-245
-1816,-12720,10188,2915,-182,-587
