1104,-10584,12172,-941,-3340,-6385
2760,-10740,11820,-2374,-1544,-2019
2040,-11032,11340,-2108,915,1225
1440,-11648,11304,-1077,1068,1893
992,-11524,11632,-124,377,606
640,-11404,11592,-138,309,-843
1064,-11460,11544,751,28,-1592
1604,-11132,11448,852,366,-955
1632,-10908,11764,1013,298,-26
1320,-11184,11620,897,521,474
1184,-11068,11632,796,445,600
1292,-10768,11868,464,143,761
988,-10804,12116,-101,570,1131
652,-11160,11988,-712,401,515
644,-11220,12428,-1825,-998,-1037
68,-11464,12652,-3321,-2704,-2133
-128,-12912,13732,-1575,-2805,-2939
-4484,-10808,7180,5884,1133,5287
-1140,-8280,5776,-2830,-627,8713
1856,-10088,12228,-1061,-1619,6124
3424,-10460,12364,-26,-2183,4580
3272,-10392,9200,-2056,-1814,1522
3904,-10128,8672,-3594,-153,744
2880,-9564,8560,-5565,1429,812
2880,-14224,8668,-498,1340,-230
-584,-11728,11600,442,1310,673
188,-11064,12020,-11,297,-385
88,-11000,12268,-109,204,-855
116,-11208,11320,352,10,-1128
188,-11236,11736,505,360,-754
1048,-10844,11420,326,58,-373
784,-10776,12548,198,635,335
444,-10652,12220,-70,505,489
-192,-11016,11812,-504,430,288
-52,-11040,12068,-825,67,-389
-292,-11048,12128,-935,-77,-1100
136,-11064,11840,-961,-575,-1494
616,-10796,11988,-771,-928,-1355
776,-11116,11592,-466,-778,-1105
912,-10980,11476,-117,-521,-490
448,-11144,11476,537,-87,365
588,-10820,11988,820,14,641
284,-10840,12140,514,359,-36
504,-10884,12024,17,213,-1307
624,-10776,11932,-657,-666,-1972
1036,-10764,11800,-1123,-595,-1776
668,-10844,11896,-942,-533,-1605
1372,-10868,11596,-646,-236,-1011
1372,-10816,11868,-410,-62,-338
1340,-10940,11848,-36,16,146
1116,-10892,11812,314,21,720
732,-10828,11848,334,562,726
872,-10760,12176,86,228,191
728,-10752,12124,-561,83,-159
