2016,-10996,10932,-517,541,-1166
2396,-10596,11584,37,135,-1619
2660,-10632,11616,656,-77,-1122
2380,-10648,11808,1035,127,-130
2444,-10472,12144,1137,876,649
1872,-10728,11380,1770,725,335
1912,-10356,12800,2528,899,-500
1736,-10020,13060,1812,-226,-1673
2260,-9816,12620,978,-778,-2094
2900,-9740,12484,501,-366,-1384
2936,-9716,12716,62,502,-315
2140,-9884,12544,-267,712,-65
1808,-10120,12544,-296,139,-620
1972,-9600,13036,-1375,-654,-1146
1712,-10256,12680,-2084,-1966,-2469
3196,-9852,11984,-2418,-1736,-2961
2860,-10212,12664,-4072,-838,-2232
3112,-10808,11592,-6122,-1853,-1295
1076,-12108,12308,-5704,-5466,-1627
-17332,-32768,32767,-6520,1153,12540
28,-12008,11500,9852,-2360,5035
-108,-9084,6856,5799,-1987,7084
4456,-8200,6732,-1854,2123,7446
7076,-7372,7024,-4515,985,1891
10444,3780,12536,4483,2869,-7744
6436,-9560,11232,842,517,-2510
2680,-9740,12676,-325,891,858
2912,-10028,12592,-1537,1144,1478
2256,-10656,12052,-1530,1134,1085
1956,-10848,11920,-772,1058,205
1600,-10804,12024,-535,102,-299
2740,-10124,12340,-805,-153,28
2380,-10416,12052,-879,375,357
1884,-10680,12300,-803,380,-71
1984,-10752,11956,-867,92,-677
2332,-10540,12116,-851,-542,-1175
2428,-10616,11860,-723,-156,-934
2616,-10772,11928,-383,225,-808
2340,-10676,11984,-257,-257,-970
2860,-10484,11928,-377,-65,-358
2516,-10588,11808,-361,435,-191
2432,-10468,12048,-76,-81,-139
2484,-10520,12060,-300,235,26
2516,-10576,12056,-396,166,-267
2556,-10464,12076,-170,-179,-498
2688,-10468,12120,-514,141,-321
2680,-10516,12140,-752,156,-246
2640,-10628,11836,-547,163,-548
2500,-10452,11808,-219,-268,-660
2844,-10472,12260,-281,-26,-396
2612,-10572,12020,-236,203,-166
