-2152,-14768,6684,-237,155,-393
-2064,-14564,6792,-374,157,-301
-1976,-14388,6224,157,4,-113
-2104,-14676,6768,820,261,145
-2180,-14520,7040,680,248,-110
-2368,-14772,7068,-177,-72,-328
-2220,-14432,7092,-968,171,-28
-2192,-14548,6792,-2061,87,-11
-2156,-14740,6828,-2202,218,-179
-2184,-14724,6648,-1614,-11,-495
-2208,-15036,6340,-280,-89,-549
-2144,-15096,6392,1787,-121,-872
-2392,-15512,6396,5126,-303,-1976
-2844,-15940,6344,8256,-1105,-3861
-8392,944,14996,-4927,-10049,-7930
-2372,-14544,4636,-5180,713,-1418
-2004,-12944,6872,-2212,-2962,-1700
-2112,-11708,4460,-1164,-796,-1056
-88,-16060,11688,730,-237,-1049
312,-13476,7024,2740,-775,-1398
1152,-11656,6000,5673,-785,-2061
-200,-13036,8568,-84,1124,1621
-520,-13996,8300,-5003,1092,5219
-1944,-14952,7212,-7202,2226,4516
-18812,-7468,6496,-3467,2957,5110
-3116,-12444,5652,-1608,4116,2558
-2092,-16868,7428,-2451,3356,3471
-3356,-12320,556,205,3889,1981
-160,-14804,4660,790,1594,-1684
768,-14740,3852,-72,155,-2421
-1080,-15204,6060,1900,1902,-459
-2740,-15220,5908,500,1394,-2171
-2964,-15164,6372,-3637,2320,-2702
-4556,-15180,7780,-4120,2564,-701
-3012,-13672,5504,-2160,-748,-1630
-3052,-14056,3972,2167,-760,-1635
-4032,-14580,8932,2273,-139,-3051
-3588,-15628,7904,-2562,-439,-3017
-2632,-13772,6404,-6876,-133,-450
-2328,-15020,8292,-1065,-2232,-437
-2476,-15680,10136,2677,-3821,-2175
-2536,-14468,7024,-1563,-278,1219
-1792,-14408,7684,-2721,-1163,2601
-1432,-15540,9452,3851,-3208,766
2344,-15560,6452,7656,-1506,-262
-672,-13852,8132,1529,-95,-184
-384,-14756,6280,-1889,1161,1725
1712,-16192,7168,498,1062,1859
-996,-14680,6496,655,1086,880
720,-18652,10928,4839,175,1058
1512,-16832,10592,3439,-1773,-1130
1780,-13180,7336,6367,-3109,-1262
268,-12772,6184,6508,-3328,-2374
-1232,-12092,4452,1826,366,-1424
-1372,-12948,5244,-5,994,-881
-2860,-13520,5968,-78,815,1064
-3224,-13716,5160,-2558,-629,2380
1104,-15496,6488,-3924,1624,2070
-1240,-17680,7692,1366,322,4748
676,-14824,7532,2844,4678,4485
1292,-17508,8764,-2101,5218,-1541
860,-15248,8240,-3264,2903,-1027
-2232,-14300,8624,-1406,2024,-715
-3684,-13048,7632,1162,2971,47
-1432,-14816,8716,920,-204,-596
-2356,-13376,8844,-743,206,-1909
-5352,-13292,6556,-275,1492,-1202
-4056,-13112,9008,418,734,83
-11044,-8456,6444,3954,-373,5854
-3316,-14056,9424,2687,-247,-932
-2344,-13512,8664,173,266,-2317
-1872,-13428,8680,-2009,-73,-2086
-1376,-13884,7924,-2815,-114,-713
-1680,-14192,7936,-2087,57,-294
-1784,-14292,7968,-999,-117,-379
-1440,-14456,7840,-237,141,-343
-1684,-13948,7856,-49,-113,-376
-1640,-14144,8028,-112,108,-148
-1672,-13952,8072,313,94,-93
-1728,-13984,8084,1001,-70,-349
