160,13180,9272,-390,-38,-65
-72,12952,9380,-344,45,-333
-388,13496,9500,-364,-13,-297
24,13984,9272,-499,-315,-156
-504,15052,11648,-1996,-55,-747
9212,7864,2908,-4536,-3549,131
2560,13120,10472,-3634,-5893,1676
5952,14596,11824,-14900,-9398,3603
7992,4656,5316,-6820,-10522,1929
3252,9416,12160,4547,-3831,-2788
716,6816,9960,6194,-2954,-3451
-3080,7484,10640,6850,-3687,-10445
-1720,11752,10244,5778,-2136,-12933
-288,9820,5944,9740,1374,-13538
-8200,32767,13872,-2561,-5368,-5527
7408,18512,3820,5795,150,-7008
1644,17960,5908,5065,2564,4972
6444,19832,2176,4155,7103,10237
-9128,11436,8900,3461,11852,9632
-7528,13936,7276,2543,14473,-2988
-11332,12736,10172,443,7907,2078
-8816,15140,9200,-4900,2701,10589
164,15180,6392,-3245,-655,7739
700,14628,5216,-2649,18647,5971
8584,14092,6056,-2729,2763,6507
4988,11512,6524,-1014,2175,1626
6128,12048,10052,1279,-1411,-2496
4992,11008,10120,3371,-7101,-4724
872,13020,10932,1683,-4637,-6124
2804,12684,9668,387,-970,-4075
4124,17336,10148,856,3682,-1052
2596,13280,8768,-1100,4520,5628
5900,12472,6624,45,2324,8814
12,9328,10012,-1758,1001,1820
-7108,15700,12952,-1425,-1777,3498
-2848,15532,6140,961,3431,3466
-2900,15144,6348,1426,1882,3804
-4532,18240,8300,446,-1623,4674
-5348,17828,7652,-6477,-6896,6753
-11224,10120,14660,-20547,-16179,-1948
-2116,9460,8216,-16997,-4573,-3531
5300,11204,7712,-8984,325,-6990
4808,11272,9052,-2713,2366,-6300
4232,13552,11676,2745,3706,-2819
4528,7992,7128,932,2704,-1156
4812,7272,4720,20128,5510,-6540
4820,21552,11084,17938,6204,-3549
-2360,14500,8204,2207,452,4325
-4192,14136,4544,2432,3255,-2518
-10988,11304,7396,-674,3271,-1507
1780,14540,8504,-1929,3171,1758
108,11488,11104,-1049,-3583,-1888
14384,11892,1292,-3882,-5775,1402
6832,17356,15264,-2444,-2679,2313
7836,11808,11748,-2876,-144,1838
3596,10872,10160,-2525,2513,-4603
-828,12676,9944,-4119,-2030,-5645
-3048,14388,10292,-1597,911,-2407
-440,12584,9960,-1539,-484,1141
264,12148,9660,-1337,1028,-741
-36,12184,10240,-827,479,-595
-152,12428,9828,16,577,-289
-188,12632,10228,239,537,-116
28,12800,10364,661,430,-397
-256,12876,9476,731,286,-471
-688,13416,9644,122,434,-140
