2120,-12452,10404,-471,-45,-173
2164,-12424,10316,-376,147,-75
2200,-12288,10032,-329,11,-96
2292,-12388,10196,-271,110,-196
2204,-12460,10284,-316,126,-268
2216,-12320,10304,-639,98,-218
2076,-12392,10584,-907,-82,-156
2108,-12456,10276,-1206,-31,171
2176,-12456,10252,-1611,-128,142
2280,-12620,10508,-2401,-315,-341
2028,-12620,10992,-3564,-908,-124
2148,-13000,9888,-4292,-1812,-990
1936,-13016,9564,-3627,-1766,-1634
2492,-13052,8672,-1371,-1249,-1348
26140,-10752,-32768,14746,-12991,7849
3608,-12416,7508,3644,-3336,3220
716,-12224,11196,1788,-2356,2169
2708,-11416,11888,2907,-3581,4773
1956,-10472,7984,2861,-5235,4118
2560,-10624,8168,-5829,-826,2314
4660,-13652,8708,-2339,1207,-2195
1788,-12784,9748,-95,-622,-1522
-72,-7072,-2008,-5966,1697,1997
1048,-14364,7256,-6192,986,4
1408,-12620,8756,-6394,650,704
2124,-13596,10188,-4977,135,351
996,-13696,8776,-3857,464,10
1880,-13788,9848,-4014,604,514
3076,-11760,10424,-3157,1807,23
8252,-10620,12780,1208,2151,-1676
5616,-11860,8592,4390,5311,1303
2800,-12636,9540,1459,7684,5800
23136,-32768,23064,-7900,-3949,-11867
6436,-13420,7828,-4346,5779,-15272
-4492,-16164,8512,-1768,4126,-5167
1600,-16868,8532,-767,2372,-384
416,-15640,9064,-4177,3480,-4779
-1136,-13560,8260,-3804,2189,-4877
-468,-15568,8080,337,-1059,-2196
1244,-14468,6688,-2150,-2951,-2638
288,-14264,9060,-6303,-2037,187
1568,-13956,8016,-3892,-3310,1797
-472,-14276,10212,-1193,-4204,-356
-1628,-14120,9860,-1875,-4535,-378
68,-14048,9308,-1117,-3462,2653
-4132,-11404,10572,-1805,-4621,3776
5280,-13828,2700,2250,-2790,6263
4196,-10676,13828,-808,-4893,3291
12120,-16224,11312,685,-8471,-2346
636,-6020,9892,156,-3563,6996
3712,-15640,6520,3566,-4060,8218
5308,-14876,5636,-713,-7653,2576
4836,-14772,3888,-6291,-4766,5209
3464,-16196,14760,764,-7429,-235
6508,-14480,10504,4334,-5419,-3817
4488,-10752,7332,7177,-951,-3533
3776,-12008,7592,9305,389,-5126
900,-9956,1148,2224,3024,-3904
1916,-12392,3880,767,-564,75
1360,-14304,8868,2607,-39,-2258
-300,-13564,3808,-8215,287,-2435
3588,-23564,-9144,487,-4485,206
2276,-13424,10180,2382,3940,1293
4904,-13500,7952,166,6282,1092
4960,-14724,10736,-2655,5371,-4670
5016,-13856,8860,-5624,6904,-7822
-1372,-12700,9612,-1755,6837,-1686
-5200,-11088,10156,1818,4037,5744
-144,-13700,10916,3724,89,2686
-164,-13304,10968,1806,-2076,-4823
1528,-12632,11396,-135,-4087,-6861
3760,-12272,9968,-1510,-1470,-3168
3192,-12724,9212,-1404,346,-1240
