816,-11600,11308,-770,162,533
828,-11716,11220,-952,210,533
688,-11896,10860,-900,261,63
544,-11888,10948,-454,300,-815
844,-11544,10848,83,177,-1196
740,-11704,11140,427,101,-1074
912,-11628,11276,336,226,-477
1080,-11664,11120,206,299,206
912,-11508,11348,99,352,360
676,-11516,11436,142,366,276
576,-11720,11196,-10,304,4
652,-11448,11392,-12,212,-224
840,-11508,11508,-138,70,-680
912,-11504,11372,-185,104,-750
1116,-11448,11316,-383,260,-116
840,-11512,11300,-401,235,223
716,-11520,11264,-269,313,339
588,-11540,11488,-84,178,41
180,-11756,11424,-48,-463,-713
364,-11872,10916,-167,-1722,-1336
-292,-11936,11360,-34,-4269,-1420
2648,-18008,8124,-4362,-2702,316
-2860,-14016,9220,-7965,-378,-1424
-720,-12368,10352,-7105,990,714
2596,-10656,12024,-3322,-1077,30
5016,-9600,12852,1055,-302,-2775
7816,-8140,12432,4981,1391,-1503
3344,-10820,10700,2318,6927,6158
1980,-12420,10500,-1365,6812,7659
7064,-13792,11100,-5934,5003,-11938
-5052,-12904,9316,-6622,4512,-14759
-3516,-14492,8336,-4272,5705,-764
-1080,-15668,8388,-3041,82,-509
-2656,-12348,9140,-5296,1306,-4503
-3188,-12588,7520,-295,-2239,-3690
-776,-12548,8476,733,-2673,-1516
-192,-12936,9648,-5255,-1856,2218
568,-12272,10964,-3642,-3885,2704
1296,-12744,9508,-480,-3587,1703
2412,-13624,10120,204,-4050,848
1240,-10460,6380,293,-1365,2051
-248,-11020,7960,1829,-3891,-704
-2464,-11400,10292,6057,-6987,9449
16784,-15160,6436,10304,-2664,1899
4432,-14148,8896,-2019,-2016,-7458
784,-11636,10780,177,-1735,2160
6508,-9176,9712,1371,-1214,5216
5484,-15548,10180,-1561,764,2254
2148,-13040,8800,-5350,-2507,4295
2380,-13036,8808,-4775,1283,6445
1560,-13344,10060,-6163,3914,6315
-13236,-20612,32272,4476,841,-3328
1544,-16244,17596,13937,-6118,-7541
3080,-8924,9252,17830,-4226,-3948
1924,-1640,-1512,8846,237,-3463
2076,-6756,8716,-443,160,-4169
3288,-10128,10344,-1721,-5079,-4095
2316,-11828,5232,-2851,-6581,-4481
2664,-14456,9660,-9171,1871,421
2892,-12076,3840,-7841,3234,738
-12768,-4056,32767,4077,-1493,1651
5420,-11168,8048,2166,6532,3621
4084,-11548,9988,3447,5711,4905
8592,-13036,9504,-3051,406,-2285
5220,-10380,9936,-5388,7155,-5667
-2600,-10140,11404,-1154,4650,926
-1596,-11864,13880,355,2326,2821
-3288,-13796,13316,2081,1156,1189
-1168,-11228,12456,2450,-1020,-1946
1292,-11548,11748,387,-1994,-4827
2096,-11356,11496,-749,-1617,-4193
3032,-11204,11328,-1166,-368,-1985
