2232,-9044,13180,-199,346,360
2072,-9052,13228,-169,-75,-387
2264,-9060,13200,-258,-219,-848
2356,-8840,13644,-357,-176,-821
2352,-8820,13348,88,33,-462
2472,-8992,13168,483,461,119
2248,-8808,13292,680,655,587
1976,-8708,13400,664,607,748
2328,-8664,13292,787,1229,758
1340,-8788,13784,1284,1787,41
1436,-9048,13472,1454,377,-1376
972,-9328,13400,-38,-3832,-1918
-540,-11084,9964,-3493,-2967,-576
1456,-8924,11364,-4106,-1964,1195
1368,-10292,12348,-4207,-1652,2142
1844,-8848,13436,-4675,-1426,2426
5180,-7844,13072,-2367,-567,1476
7372,-6444,16084,2252,631,-926
6204,-5868,12888,6112,8735,1096
2968,-7952,14528,2870,7243,7139
12092,-11988,11672,-5318,3821,-1844
5040,-9580,13328,-6518,6166,-14723
-3396,-10776,12068,-2279,4083,-7258
-4856,-13384,14084,327,2174,-197
-2900,-12332,14168,1213,2450,-2385
-3104,-10516,13392,2074,-1298,-4653
-332,-11572,13056,2430,-6353,-3795
1976,-10768,13692,-1878,-3993,-1127
-556,-7896,14736,-3446,-6177,997
1012,-7528,11584,-3427,-5953,4536
2248,-9172,14872,-1533,-5422,6138
3820,-6892,12872,-956,-4649,8637
3764,-7236,13220,-2368,-3246,9844
6220,-8788,14896,-3131,-1459,11470
9768,-10576,15744,8909,-1985,-2794
4932,-4712,5568,7229,-2472,-4681
6376,-6976,11592,2221,475,-4344
3704,-10700,14244,3513,-520,-5877
1728,-8420,9092,3634,1407,-3135
3476,-7784,7472,-4428,-1113,-4
3284,-10352,11424,-6817,968,-393
7924,-16012,-2680,6529,4049,3433
2752,-11316,11344,-567,4457,5522
10532,-10980,6648,-3628,20285,-6886
6268,-8196,11216,-2684,6251,-6230
2160,-8324,11632,-1132,4012,-3278
-908,-7612,10732,-1139,4401,-3330
-4368,-9864,15548,1359,2087,38
-684,-9112,13568,2754,1588,1921
1000,-8732,13824,2043,-2179,-3500
1632,-8124,13560,174,-2149,-4341
2812,-7908,13524,-1400,-1240,-2234
2756,-8388,13608,-1980,267,219
1872,-8700,13396,-1630,304,107
2356,-8832,13080,-1223,-204,-483
1932,-8868,13256,-981,46,-585
1964,-8908,13276,-176,26,-710
2032,-8700,13520,131,-82,-605
1884,-8628,13608,79,-61,-734
2128,-8772,13508,-69,-277,-846
2636,-8528,13288,-334,102,-456
2392,-8556,13660,-284,146,-124
1800,-8788,13412,-69,384,-67
2276,-8392,13564,-427,410,503
1948,-8596,13380,-218,821,815
1968,-8596,13648,10,369,392
