-108,14912,5876,-432,346,-451
-416,14832,5712,-631,-214,-294
160,14888,5896,-709,-325,-392
156,14848,5844,-91,472,-1392
-1100,15408,6860,133,-64,-804
-600,15444,6076,-301,-731,-376
648,16520,9460,-3867,-1119,-4748
-2760,20196,8584,-1129,-1206,-5357
-5148,13236,7044,-14838,-8290,6735
888,10128,5480,-12998,-11173,5204
1464,10360,7812,-3443,-5216,1073
-116,10280,8904,-648,-2676,-1124
-3020,6436,6996,3589,-2009,-10176
-956,13784,8384,5737,812,-18454
3264,16584,7224,7075,1906,-3022
9376,12852,2144,-5608,-6616,-2226
6560,21760,4880,75,1636,-2491
-328,18560,4136,4538,5262,5071
148,20968,1052,6717,3255,7066
-4720,15016,5448,5356,5557,-1975
-10008,17852,6052,6546,9076,4290
-10104,14368,6676,5605,5017,9063
-8688,14948,4072,4226,7069,4762
-3224,15464,4616,46,3953,5790
1276,12536,3440,2489,11710,1510
4956,12872,5596,3771,8147,-2516
7880,15332,6704,2686,-2166,-2138
6332,14496,9328,3552,-7649,-4989
6884,13044,7384,1733,-7990,-10716
560,17872,6144,-150,992,-5970
-944,16288,6324,-3727,5417,3157
-2616,13096,5412,-6706,3171,5602
-12260,12904,6788,-5545,1103,-2948
-8248,17692,6108,-3813,2746,2783
-7724,16848,5832,-4285,637,13555
-2344,16424,2928,-6429,-2049,11863
-9284,16108,5504,-3584,-3545,8811
-3852,13024,4856,-9036,-1838,174
-788,11796,4280,-8682,2708,-4314
5264,12608,4712,-5605,2507,-761
7268,10828,4232,-3184,239,105
8256,12012,4016,2301,4165,-2304
1836,14348,5912,5850,3071,-2488
-4064,27176,2820,-4745,345,1346
-16240,2584,808,1668,2507,-1724
-8368,15160,5368,3504,505,-4762
-1620,16252,5388,-4,826,-5101
3056,14928,8024,-2187,-5728,1976
13540,18268,8388,-1649,-6747,2062
8132,14236,9988,-1598,-5400,331
3744,12580,7364,-1785,-1901,-1762
1612,13692,7092,1145,3048,-8766
-1944,15556,7480,2285,-1203,-7894
-3080,15348,6260,2617,-1564,-5031
-2160,15272,5540,2125,-909,-1935
-1788,14968,5568,1304,-1084,-1196
-728,14500,5912,1249,713,-3906
-3004,15516,6148,726,74,-4407
