-1052,-8012,13848,-249,327,-217
-1000,-8100,13824,-819,499,-161
-1260,-8192,13928,-631,329,-53
-1364,-8224,13920,-471,321,-84
-2000,-7976,14540,-766,-41,-27
-1388,-7920,13904,-892,206,-14
-1468,-8140,13752,-1237,472,-102
-1392,-8536,13772,-1342,209,-189
-1044,-8464,13444,-1134,359,-196
-1208,-8392,13556,-1913,701,-56
-1748,-8776,13764,-1577,582,-38
-1556,-8632,13356,-836,154,-61
-1156,-8548,13368,-233,275,-140
-1472,-8584,13540,158,270,-97
-1536,-8812,13644,1010,-586,-359
-1216,-8928,13580,2928,-361,-314
-984,-11004,14940,-1129,-1262,-1350
-408,-9012,10180,-4226,-1419,-2577
-940,-11812,7032,-12,178,-2459
-1744,-10140,13888,-2793,-808,-2134
-2244,-9472,13632,-2263,-1093,-1977
-1916,-8272,15336,176,-2438,-706
-372,-7240,12264,-2138,-2162,-137
-32,-10032,18076,-2117,-2372,-662
712,-7632,15252,-4340,-1847,144
1084,-7764,15388,-1527,109,592
4,-9232,12408,-16132,4017,4862
-532,-6000,8180,-11094,3961,4958
-1912,-12608,12264,-12034,1926,3711
-19012,-13504,11928,-20018,3851,9496
-19752,-9028,8648,-8174,4384,7833
-4936,-10212,16564,1961,7265,-27
-1000,-10592,7412,1905,4474,-1630
-964,-14396,11756,1344,1510,-2627
-2132,-13148,10900,757,2467,-3658
-3128,-12320,11444,195,415,-2157
-2100,-10928,6780,-1330,2398,-1203
-2972,-13404,10832,-2032,1141,-2503
-3172,-12920,10092,-4173,669,-3476
-4556,-12196,11052,-4245,-25,-2539
-4508,-12132,10692,-4701,-589,-3030
-4804,-11808,10760,-6295,-1526,-3540
-3912,-11768,9604,-2444,-2551,-2880
-2936,-10996,10492,-655,-1779,-598
-1248,-11204,11940,-3138,-2839,-76
-2920,-12280,10852,-1452,-2990,769
-228,-12092,10808,638,-2051,1168
3288,-11692,12812,225,-2736,-681
3648,-11232,12044,-713,517,685
2816,-12488,10156,-4182,720,3563
752,-16008,16048,-1034,2615,10277
1056,-16412,13996,-1,-6257,-339
2492,-10180,7180,6948,-9955,-1915
892,-7952,6116,2143,-3340,-187
92,-10628,6848,5391,-1780,-1080
-2368,-11300,7888,5103,-1027,268
-1704,-12388,6168,-1648,737,2594
308,-14612,8736,-2956,2642,2026
-1148,-13952,8364,-3636,3912,2536
1772,-18168,16660,-822,2523,127
416,-14348,9596,5476,2869,2997
-192,-12884,4368,4789,5295,4801
-11360,-12392,22700,-817,7360,-38
904,-12960,9928,-3190,3464,-1670
1224,-10904,10680,-3374,1436,-2208
-3352,-12952,11984,-2784,561,-1515
-2664,-11840,10248,-2880,3564,-1929
692,-12572,8680,-2921,2654,-3711
-3840,-12408,10264,-3620,891,-2377
-5744,-13996,13008,-1976,539,-419
-10084,-5384,-2292,2867,3882,6021
-3640,-12864,10836,551,-989,-1480
-2032,-12432,9864,-1232,-907,-3288
-572,-14316,4460,737,4359,-1592
-1024,-13200,9348,-2434,-861,-2499
-1056,-13144,9448,-2159,-937,-1992
-1280,-13224,9676,-862,-796,-1278
-1044,-13216,9232,1321,180,-107
-1028,-12884,9460,2730,1187,1488
-1836,-12920,9820,2185,1025,1803
-1968,-12652,10116,2342,457,571
