-2224,-13968,7980,-927,-567,-1598
-2012,-13792,7768,-191,-232,-673
-2364,-13608,7604,483,433,386
-2568,-13912,8176,665,385,335
-2192,-13752,8392,-95,-33,-211
-2196,-13700,8200,-1208,136,-76
-2648,-13892,8360,-1133,203,22
-2676,-14052,8348,-1044,-110,-319
-2372,-14012,7976,-866,175,-127
-2408,-14004,8072,-1209,22,-357
-2492,-13976,7848,-1352,4,-494
-2560,-14068,7696,-1104,169,-88
-2644,-14016,8016,-335,322,367
-2760,-14240,7696,1175,207,179
-2772,-14420,7856,4291,-451,-902
-2816,-14348,8020,7995,-1343,-2803
-1520,-12496,7564,9063,-2501,-3393
-1988,-14220,9792,10946,-2294,-2999
-2780,2488,4392,3923,-4362,-2156
-1976,-13192,12180,-3142,2610,-15
-1652,-14492,13076,213,-2535,-291
-1820,-12132,9880,-1307,-617,-1239
-1992,-14052,11100,-1629,2664,-482
-1664,-10536,9224,-1249,146,-1847
436,-12652,10916,1648,-1291,-1602
-776,-12892,13672,1714,417,-1431
-796,-15328,12240,-3318,3857,46
-2032,-8428,4668,-8175,3038,125
172,-13432,14308,-1632,-2364,-1802
-1368,-11448,9760,-2693,-597,-223
-1404,-13284,9532,-7328,1103,2564
-1260,-13460,8060,-9888,2159,4094
-3128,-14348,7984,-10194,2202,4643
-2920,-14364,6700,-9095,747,3948
24560,-17596,10712,10518,-23749,-18329
32484,-11216,-14572,12603,-22975,-20573
-3488,-15760,11116,-255,-5902,-126
-3504,-14812,8908,1471,226,753
-2352,-17996,8528,1153,2043,-1041
-2576,-15260,6812,1218,1199,-664
-2972,-14852,6520,1865,1705,-1382
-3488,-14704,8172,1112,1145,-1504
-3672,-15180,5500,2997,713,-917
-2572,-13700,5980,-15,1243,-959
-2284,-14476,6500,-1049,299,-1581
-4436,-14304,6172,-1920,1376,-2176
-3136,-14696,6448,-2465,1427,-1365
-3392,-14948,6324,-1992,1309,-1845
-5360,-14584,8644,-3518,427,-2378
-4156,-13840,6116,-1450,-243,-2144
-4104,-14764,6056,-2085,437,-2379
-4468,-13104,4792,-3204,14,-2027
-2824,-15576,7840,-5673,432,223
-4964,-14464,5744,-2670,-626,485
-2996,-15476,7224,396,-2072,28
-3056,-15484,7024,69,-1799,-242
-2156,-14504,6204,422,-2840,-475
-1320,-14692,6080,2669,-2620,-909
724,-15044,7132,1435,-1122,-16
-672,-15164,7248,533,-103,1814
888,-15604,8096,-748,-1492,262
600,-14796,6528,-1268,1438,815
228,-15616,8348,-192,2802,1787
-2368,-18768,9736,2014,-4246,-2003
-256,-15824,10264,3805,-7500,-2155
904,-11060,6656,5471,-9878,-2271
-976,-13104,8268,11737,-7522,-1483
-632,-9992,1604,1914,-470,-1056
-3496,-13344,7120,-2298,3149,-146
-3300,-15544,7664,-879,-1318,2227
-2044,-14440,5412,-285,-2955,2969
-1640,-14672,6556,-2729,-497,1933
64,-14624,6024,-2418,752,1012
72,-14304,6448,-3632,2010,1512
-3260,-15152,9960,71,5900,3132
-2588,-15696,7644,5860,3855,5765
-14056,-15064,20996,5460,7292,72
-524,-13216,7168,762,2069,-1915
-1236,-13804,11244,-478,828,-2048
-1772,-13676,9068,19,3053,-1466
-952,-14352,9520,1163,438,-1799
-2148,-12948,7876,-569,1775,-2159
-1604,-13668,8272,-500,750,-2066
-3960,-13760,10328,-398,1279,-1867
-1992,-13516,8824,-903,1536,-1670
-4200,-12624,8732,-939,970,-934
-4444,-12776,9080,-328,785,176
-10400,-5832,3204,6644,3220,8261
-3064,-13364,9600,1203,614,30
-2496,-13364,8868,-78,-1156,-2547
-2240,-13008,8988,-2136,-906,-2186
-2024,-13576,8632,-4043,-366,-591
-1896,-13980,8232,-3027,-178,111
-1832,-13996,8280,-1998,121,147
-2128,-14236,8100,188,361,377
-2332,-13688,8260,736,203,-33
-2204,-13684,8256,676,86,-35
-2040,-13516,8280,786,187,225
-2276,-13524,8612,231,421,402
-2372,-13492,8660,105,7,-222
-2152,-13632,8392,-79,-63,-537
