1508,-8560,13848,-388,516,459
1488,-8616,13788,-111,290,-82
1604,-8596,13776,15,-281,-893
1852,-8492,13824,-140,-500,-984
2068,-8212,13636,-246,86,-507
1912,-8312,13576,48,315,-286
1816,-8380,13740,8,199,-97
2064,-8056,13680,-695,485,435
1556,-8440,13820,-1214,1030,1150
1156,-8536,13928,-964,194,641
1532,-8384,13768,-785,-95,-64
1292,-8672,13552,-729,-490,-670
1720,-8412,13408,-700,-508,-751
1636,-8640,13768,-316,-451,-902
1928,-8376,13592,-58,-433,-683
2028,-8396,13856,-1070,406,298
1768,-8612,14056,-2707,-42,804
1260,-8884,14376,-4831,-1165,902
788,-8776,13896,-7353,-2648,160
2084,-9852,14148,-9028,-3901,-91
1912,-10228,11976,-9818,-5502,-90
912,-19700,20864,-8154,-713,1949
2184,-11176,8964,4743,-4708,1860
2276,-9332,8532,2764,-1954,1414
2524,-10364,11964,5374,-2164,1508
4988,-10744,13708,10654,-815,463
1932,-8832,11696,11328,158,-2805
3892,-7132,11704,10840,811,-3071
4348,-7196,11052,4844,517,-4034
-1724,-6272,10492,81,2374,-2305
5792,-7372,13956,-1734,1956,-1359
4576,-6960,11728,-3704,1063,-2006
1300,-6028,30648,6536,-1426,-1591
2036,-7340,14296,2614,2246,-352
2272,-7240,14136,1990,2656,-278
2444,-6856,15184,780,1763,-771
2132,-7384,14116,612,-415,-2197
2620,-7028,14028,1223,-357,-3326
2872,-6528,14348,1121,-364,-2289
3288,-6256,14600,722,615,-1292
2632,-6480,14764,182,1334,-606
2308,-6588,14760,42,1316,-346
2396,-6448,14940,-246,191,-401
2640,-6680,14508,-315,-188,-847
2332,-6520,14796,-418,-548,-1407
