-1868,14944,5492,-530,-3,-25
-1588,14656,5748,-455,279,-79
-2244,14768,5632,-473,71,-258
-2464,14896,5476,-591,91,-35
-1732,15052,5412,-289,431,-71
-2488,15256,6320,-775,-156,-443
-4080,16572,8844,-4085,-654,-2434
-6044,17224,8480,-3595,-675,-2132
-2008,15412,7472,-9179,-4378,4230
1168,11948,6400,-7444,-5627,1054
-116,12964,7964,-5462,-4689,151
-140,11424,7880,-943,-1722,1083
-800,12868,8848,-127,-1065,-37
-1508,13580,9280,379,-675,201
-1320,12948,8680,128,-888,406
-1604,13804,10080,-769,-786,303
-1724,13240,9428,-2501,-2185,691
-3584,11024,8428,-3189,-3010,2624
-2288,8260,7520,-2588,-3709,3080
-1392,10580,6628,3128,-1711,-1994
3152,17172,7460,246,10144,-4935
8,17232,7036,1413,3106,-842
2160,15096,5592,947,-730,-2417
-1908,15744,6064,2441,7943,-3333
-752,15592,5996,3788,-63,-2472
-1048,12236,3424,9445,-4660,-44
4852,22632,7120,11627,9018,-5489
6060,21796,8792,4272,6391,-2414
-2424,15404,3808,1651,3021,3433
2952,14400,1992,351,-3593,5381
-4880,13272,-1872,160,1132,6906
-1544,18996,5632,1987,7702,11169
-11032,12152,5972,46,8944,3610
-9132,17068,2284,-1348,8709,7135
-7304,13824,3404,-5840,5674,8138
-9392,16680,8752,2439,7746,-5017
-552,16912,10660,669,443,-6034
11364,18628,8512,833,-1474,-2273
6092,7752,-3148,3113,-8796,-6365
1048,11608,2660,5102,-9998,-6005
2144,10488,3360,2627,-6256,-5657
2480,14008,6232,541,-2844,-3118
-4152,11236,7300,-1299,-2884,-2300
712,18348,7748,-7386,-1439,6623
-4672,6484,6764,-8559,-3519,1258
-1420,16104,3608,-5902,2698,3460
-9152,11444,3272,-1712,4807,1440
-2752,18836,4700,-1622,3141,3705
-4648,17692,6808,-1191,899,5028
-9616,15768,-2884,-3692,115,5823
-5152,15988,6192,-4096,176,4688
-16,12676,1112,-7289,126,-5440
-2932,13532,6000,-8462,-4003,-5350
1492,10336,5892,-6196,-2966,-4627
6920,15892,9176,-4224,4290,-4876
4976,13540,7736,-4848,5491,-2517
4076,12736,8052,1441,2669,2492
2724,13460,8284,285,140,2036
860,10268,3488,4951,2010,2085
-7036,7080,280,20642,3901,-1814
-1580,17844,-1192,-4319,3689,4107
1960,15992,-8720,-5880,-7259,4232
-8752,1508,4092,14229,10610,-12552
-1044,32767,22620,-5315,-7148,-1435
1804,5348,10724,12778,4374,-8501
15668,24256,13400,-4867,-5949,3273
236,13736,8940,456,-528,-2568
-940,14716,7884,1731,336,-3711
-3468,15480,6488,2030,-345,-3659
-3876,16556,5940,-286,-1444,-1923
3880,18324,6096,-5527,985,2656
-864,17376,6360,-4954,-1040,332
-980,15632,5184,-2529,-715,-2316
116,15004,4752,723,-1370,402
1016,15780,5360,2079,-618,1745
-4312,15532,5104,208,-604,1494
-1996,13248,4364,-31,-217,972
-3056,12016,5776,226,-311,757
-2220,12656,6944,-22,-1232,1117
-2420,12712,7140,-986,-1499,1243
-1748,12820,7684,-310,-293,-184
