-3176,-14252,6908,-1393,288,598
-3388,-14496,6836,-1129,28,72
-3080,-14108,6420,-909,97,-33
-3120,-14700,6712,-1280,81,-231
-3348,-14548,6608,-1127,132,-209
-3444,-14512,6524,-932,201,-8
-3276,-14452,6444,-1565,40,-29
-3092,-14684,6448,-2311,411,403
-3072,-14532,6136,-3163,-105,389
-3600,-14500,6228,-3375,-578,380
-3664,-15012,5592,-1706,-349,252
-3656,-14928,5832,82,-333,403
-2392,-16124,4232,2605,2210,-1052
-3624,-15392,5780,5375,-21,-2194
-3252,-15596,5216,9538,-787,-4589
-4836,-13928,6676,10049,-4282,-5763
-3064,-14916,6664,-3926,-42,-1966
-3048,-14172,5628,-2411,-956,-886
-1008,-16276,13240,166,-2195,-1027
-2076,-12588,4840,-5716,942,217
-1780,-9300,3488,-7821,239,-238
-1856,-14100,7448,-396,284,-600
-92,-14088,8752,4687,-424,-720
-400,-12860,7992,-2087,2581,4311
-3028,-15228,6836,-10876,456,5951
-15328,-14644,16440,-8943,7188,688
-12,-16944,4672,-4059,696,-607
-1984,-16476,6568,-4151,-485,1625
-3468,-16060,2840,-623,488,620
-1424,-17852,3804,-626,2232,-1388
-1808,-15960,2824,-262,3436,-2110
-3416,-16428,4140,-98,969,-989
-4100,-16732,3420,1410,2020,-400
-5036,-14952,3828,2479,3088,-320
-6456,-16312,5328,870,2445,-1342
-4680,-15576,4248,-1377,1882,-2045
-5088,-14528,3460,-4472,2101,-2628
-4516,-18744,8936,-4371,2158,-530
-3784,-16644,6896,1657,-672,-1100
-5592,-13528,4340,1694,19,-745
-5092,-15180,6984,-1405,-77,828
-2968,-16564,8040,-292,-2837,-202
-2144,-14112,7140,-368,-960,2640
-1584,-12964,6996,3312,-3202,1567
-220,-15164,5780,2874,-2753,-1215
140,-16396,5984,-390,123,283
-624,-16576,6128,-4023,1876,1307
-240,-19436,9864,1385,-3441,-132
-452,-17532,7476,3019,-5351,-158
284,-13852,5564,3241,-6634,-757
-796,-13800,5724,2702,-4605,-1587
-2656,-14308,4080,2806,-1827,-1557
-1264,-13776,4368,1613,-127,-1693
-3124,-14316,4740,512,-156,-477
-1876,-14324,3780,-1889,-1316,1485
-2172,-16424,4688,-3462,-642,1419
-112,-15204,3628,-4076,2762,663
-2024,-17456,7816,-2277,7564,3198
-632,-15996,6108,1671,2750,-504
-1588,-16696,6216,-134,2507,-1792
-2344,-15544,6636,-3783,3611,-2319
-1888,-14520,5780,-2914,3190,-1400
-4976,-13596,5368,-152,1721,-526
-8436,-12788,6400,2491,-25,1767
-7756,-13924,4800,4810,-1028,1522
-2404,-14160,5748,4481,-6,-2075
-2876,-13668,6800,-140,811,-3196
-2496,-13672,7272,-5935,371,-2113
-2348,-15136,5836,-8638,-826,-1034
-1744,-15172,4700,-5666,-206,-1925
-2288,-15544,5084,-3291,109,-906
-2024,-15492,4632,-483,-79,-543
-2228,-15716,4724,2041,137,182
-1984,-15540,4988,4085,195,251
-2292,-15160,5780,5109,0,-1168
-1892,-14988,6148,4112,206,-1347
-2000,-14744,6496,2617,267,-533
-2212,-14540,6680,1939,639,809
-2584,-14668,6824,1744,333,235
-2484,-14604,6696,1093,-19,-508
-2220,-14716,6784,-330,48,-800
