2804,-10540,11544,979,-456,-1767
2572,-10324,12056,1402,526,-399
3060,-10160,12300,893,909,573
2300,-10252,12424,477,625,914
2232,-10196,12152,409,919,1438
2164,-9948,12444,895,1175,1284
1616,-10260,12652,1207,442,57
2116,-9888,12644,849,-124,-822
2128,-9876,12888,-206,-95,-926
2236,-9796,12904,-1169,-88,-805
2052,-9788,12888,-1778,-66,-919
2304,-10264,12512,-2101,-490,-827
2412,-10032,13260,-3153,-1507,-456
552,-11172,14236,-5955,-4071,-1798
4828,-14032,12976,-5608,1494,-1628
-4348,-8812,7312,12904,-3905,2464
1756,-6688,4344,6281,-3409,6162
2764,-8676,12732,-1714,195,6934
5720,-9044,13628,-530,-1786,2272
4500,-7612,9932,702,-2651,1913
4512,-9008,11080,-2699,342,2268
4924,-10300,10548,-2780,38,82
3504,-16656,14496,-575,4172,1307
2260,-12388,12156,506,1655,258
2268,-10056,13128,980,2010,368
1656,-9924,13104,-63,870,-424
1820,-9772,11792,663,438,-905
2176,-9892,12952,1087,948,-322
1680,-9692,12736,312,380,-68
2016,-9632,12924,-93,371,408
1788,-9580,13076,-337,429,513
1744,-9624,12724,-401,168,38
1332,-10000,12716,-694,148,-527
1832,-9820,12696,-849,36,-1003
