3056,-11368,10864,-625,-2161,-2463
3040,-11476,10824,-1056,-168,142
2932,-11772,10984,-633,465,779
1960,-12028,10796,-166,454,-332
2620,-11816,11084,761,348,-908
2372,-11664,10968,893,713,-1358
3332,-11336,11144,1227,-82,-1220
3504,-11148,10920,1403,214,-321
4160,-10592,10532,85,2080,1226
2884,-11112,11448,-491,720,1098
2160,-11368,11456,-724,-201,1023
2220,-11376,11332,-880,61,751
2252,-11516,11100,-742,98,278
2564,-11520,11088,-329,296,33
2436,-11532,11168,181,268,-627
2620,-11280,11392,737,-181,-929
2736,-11244,11396,976,611,-287
2424,-11168,11512,1302,750,-347
2628,-11128,11716,1134,608,-502
2780,-10948,11492,807,498,-524
2616,-10868,11784,982,177,-657
2460,-10892,11824,836,0,-647
2576,-10632,11980,301,36,-463
2668,-10824,11860,-314,-69,-300
2532,-10608,12080,-1385,-144,197
2308,-10772,11800,-1700,-565,-246
2552,-10996,11660,-1637,-398,-1120
2868,-11128,11480,-1418,-671,-2006
3556,-10728,10716,-1609,-518,-1580
3772,-10924,11404,-1978,-611,-808
3256,-10928,11192,-1740,-130,190
2964,-11212,11580,-1289,-115,820
3064,-11416,11004,-1036,-37,1386
2976,-11444,11092,-230,204,1349
2396,-11348,11120,575,86,361
2496,-11244,11428,687,349,-751
2428,-11364,11340,824,-19,-1779
3192,-10944,11212,873,30,-2114
3292,-10740,11596,970,-94,-1824
3376,-10872,11488,967,238,-829
3368,-10708,11680,534,518,175
3456,-10676,11764,122,722,1218
3180,-10644,11620,324,734,1721
2352,-10808,11896,589,732,1678
2356,-10784,11808,542,938,772
2404,-10956,11832,453,483,-243
2552,-10820,11952,338,338,-915
2604,-10552,12064,481,227,-1017
3128,-10328,11992,593,365,-555
2888,-10364,12108,404,410,372
