1900,-10396,12272,-332,-13,-275
2016,-10484,12280,-51,-222,-680
1964,-10336,12048,-188,38,-617
2008,-10232,12004,-189,-15,-480
1872,-10280,12464,-276,42,-265
2048,-10196,12360,-564,185,237
1992,-10408,12200,-701,278,509
1940,-10320,12220,-641,247,341
1528,-10464,12200,-482,247,-135
1468,-10704,12236,-287,-95,-690
1760,-10512,12088,-256,-185,-1000
2132,-10540,12072,-121,-58,-981
2124,-10008,12284,200,-618,-994
1700,-10544,12196,438,-1289,-1035
1316,-11200,12492,131,-2932,-759
-1416,-824,-5480,-7688,-2450,3854
368,-13692,12608,-3703,848,1688
1732,-10796,9036,-2908,-306,488
2012,-9988,9224,-869,-1172,-613
4092,-11888,13728,974,-581,-567
5692,-9556,9776,1205,354,996
6336,-9328,10908,1746,2569,1724
6200,-8340,12560,2720,9590,4824
2620,-14648,13396,-2010,6929,1822
5120,-10308,10528,-4858,4753,-5865
1136,-8920,10052,-5616,4052,-8526
-2552,-11844,12780,-2757,1811,-3887
-316,-13688,11628,-1805,1724,-2722
416,-12484,11124,-3234,2593,-4851
-2108,-10208,12500,-3175,1520,-5119
-1372,-12524,12700,-3001,-1982,-2822
-220,-11072,10396,-5008,-2229,240
-576,-10400,13148,-2802,-3672,1008
-192,-10524,12812,1120,-5156,410
612,-10324,11936,2134,-4271,929
492,-9888,12716,1950,-3893,6165
3372,-10104,12856,2347,-4294,8170
4464,-8648,13108,2830,-3111,6967
5744,-8696,9168,1771,-494,7080
3640,-11532,13048,-1572,-2208,6913
6740,-15364,17684,-709,-1210,3117
5884,-12460,13632,9235,-2916,-5089
2460,-7412,7384,2503,1500,-4087
2504,-8584,10268,1820,2367,-5972
-2480,-10448,11808,3569,302,-5087
804,-9972,7836,-1292,826,-1259
308,-10600,8720,-6135,-1187,-286
4504,-11676,4472,-14300,2628,-1609
5892,-12536,6516,-2489,4191,3847
8580,-25308,17444,-6964,-5275,-10882
3384,-9428,10936,-4356,3132,-4980
4376,-11436,10980,-2404,4593,-3933
3296,-11952,10400,-1006,4426,-2700
244,-12220,12568,1060,3504,-996
-5444,-9288,13104,1408,2878,2059
-1728,-11536,12748,2843,-655,1526
312,-11004,12528,1015,-1421,-3529
2124,-10320,12228,-699,-2088,-3855
2332,-10572,11780,-1761,-625,-1319
2108,-11044,11564,-1263,61,-508
