-1020,15432,4228,-215,344,-177
-1324,15780,3768,-581,-514,121
-944,15460,3764,-332,365,137
-1304,15692,4392,-554,54,51
-1036,15608,4000,-567,-336,145
-1068,15664,3520,-529,-191,-239
-1164,15640,4192,-405,-14,-206
-1012,15688,3976,-121,207,36
-1068,15512,4448,95,-170,-278
-1804,17092,6936,-2079,-2002,-2375
-1460,15524,5012,-1769,-5737,-3167
-3808,16764,6656,-4931,-4899,-1921
-1184,15520,6008,-10000,-5883,-3685
-1944,14080,6960,-8468,-5787,-2900
-3880,12156,6868,-6942,-4596,1900
-5344,10496,7628,-7218,-5188,3108
-3212,8456,4868,-5822,-5844,-5623
5516,21316,8160,-1014,6512,-8371
776,18336,8292,-5382,-2508,738
-2032,11764,7492,-3488,-3785,-48
-2420,9580,5920,1091,-3213,-3083
-1260,9752,4596,7526,2414,-969
-1324,12700,4072,9947,4684,-1957
-128,15516,2024,16122,8861,-1780
-11108,19440,11496,-8618,-12360,-3362
1792,15696,3636,-1250,10137,501
1244,16600,6152,-3511,7160,-25
-1884,17800,5148,-5460,9697,5198
-5448,16800,5652,-2937,7747,14030
-7688,13616,1488,-929,10012,12973
-6176,16784,3636,1916,14572,5494
-8132,16028,3936,-392,3206,9895
-6004,14504,3448,-496,7024,6080
-2140,14924,2652,4843,5474,-2220
108,10896,-1128,5832,3707,-2129
2608,13620,4288,8120,-726,-4796
2588,16036,8332,7707,-5748,-4763
2428,15316,6268,5543,-7990,-4574
2004,15212,5100,4423,-5201,-4567
44,15132,5840,3904,1026,-5900
-3780,16288,6768,604,1362,-2718
-1144,15196,6060,-3500,721,2291
-1648,14988,7704,-4281,1791,1450
-6944,15860,9316,-6003,-5299,136
-796,14284,1980,-7050,-2039,2747
-3720,15320,2432,-4886,173,1198
-6516,17676,1512,-64,4199,-1652
-7964,18788,3656,-2358,433,5060
-6460,15764,1236,-5520,-2903,12885
-15004,10348,3472,-6175,-5207,-7971
-8808,16064,7680,-7904,432,-3908
-3476,10180,5108,-8861,-2745,-1737
124,13136,5504,-6959,2612,-6240
2592,14916,7376,-3236,3014,-3067
3028,12528,7524,-1855,-509,-1967
2620,15276,7392,-1165,1936,-2669
268,13856,7720,2627,3562,372
-2096,10908,3052,6546,3170,26
-18804,30272,12452,-7526,-1234,1723
-17832,-2420,-8836,-1190,1222,705
-12284,9636,1668,8194,2889,-7746
-3312,18704,9116,3795,-6645,-2066
-300,10144,5424,-1028,-3317,-102
2684,17336,11900,443,-6439,-7534
2400,14236,7412,-2484,-2401,-1275
-1276,13908,6868,-1803,3886,-4309
-2712,18080,6392,-308,419,-3753
-324,17792,6160,-5558,-854,3058
