-2244,-15492,4516,-181,-19,-182
-2176,-15636,4344,-400,5,-255
-2348,-15888,4748,-455,176,-246
-2056,-15636,4480,-508,107,-127
-1880,-15396,4416,-684,-44,-77
-2076,-15704,4400,-699,-331,-404
-2036,-15720,4328,-855,136,-226
-2212,-15776,4348,-1302,16,-172
-2116,-15656,4084,-1041,-105,-49
-2124,-15820,4024,-682,62,85
-2264,-15836,4240,-518,-39,-92
-2192,-15672,4200,-726,-63,-207
-1960,-15756,4152,-1362,-173,-252
-2132,-16004,3876,-548,154,-182
-2308,-16036,4008,458,227,-714
-1948,-16356,3712,1778,247,-1114
-1700,-18292,4768,1341,-1708,-1892
-3168,-15472,3256,-5194,2280,-1580
-2896,-15620,868,-4271,5401,-666
-2208,-15144,2896,2547,95,-962
-1952,-16784,4332,4197,-1136,-284
-1612,-14240,2172,450,-185,-371
-992,-16408,8184,2295,-1074,-1586
-1232,-13328,5516,5370,-2714,-2715
-1612,-13852,5824,1408,456,-703
-2012,-14460,6224,-807,265,1120
-1708,-15520,5060,-5167,-88,1758
-1932,-16284,4676,-6462,1652,2324
5612,-19420,976,650,-4328,-1065
1220,-19744,6648,2094,-47,-126
1332,-16108,4392,2393,369,-431
-2248,-15760,5592,3344,2000,596
244,-17156,6000,1562,0,-1908
-1640,-17312,7032,-109,357,-1992
-2360,-16224,4692,-449,2598,-694
-2124,-16384,6040,546,54,-996
-4488,-15328,5828,746,1957,-8
-2704,-15436,3740,148,1499,-321
-2928,-15984,5572,-711,345,-1208
-1596,-15860,5172,828,190,-560
-4712,-15940,6572,-5964,399,-2195
-3412,-17236,7412,-6789,2257,-1276
-2704,-15292,4932,-745,-107,-1474
-2456,-17160,8280,-65,457,-1675
-4620,-12800,-460,-5694,1869,-829
-3824,-14316,3504,-6628,497,830
-3832,-15808,6028,-862,-1971,313
-3644,-14708,5728,2979,-2384,348
-1640,-15916,6880,2999,-1238,440
1024,-15564,5444,1810,-278,506
2508,-17584,7096,2422,-1339,333
1408,-16124,4724,1625,-558,475
-948,-15260,4828,-311,-55,334
120,-18096,6124,19,-324,684
-1188,-17880,7204,-824,-2855,-402
588,-15344,7152,4281,-6689,-1144
1256,-12776,5164,5083,-6222,-626
-1300,-13088,3700,8873,-3807,-1275
-1992,-14488,4068,-121,2657,-662
-2972,-14712,3880,-2720,-70,277
-2060,-15272,5532,-1687,-395,1262
-1312,-14312,2892,-4110,850,1630
-1160,-18232,3844,-4592,170,1362
-2040,-16160,6156,1208,604,2630
3708,-8460,-6992,-1067,14138,-1758
56,-16312,5840,-4598,2381,-1339
64,-16260,4844,-883,2447,-1286
-132,-18388,7076,-873,1433,-1996
-1080,-15456,5392,1720,2045,-1178
-4976,-15248,5196,478,2254,15
-5532,-18108,8716,-5,2235,-669
-7108,-14216,5796,2614,887,1344
1096,-16060,904,4213,-1529,1181
-2432,-15244,5864,1122,-786,-2721
-1800,-14528,6236,-2383,-387,-3014
-1352,-14932,5808,-4079,-649,-1643
-872,-15592,5256,-3791,-26,-82
-1164,-15728,4728,-2755,-105,-390
-1176,-15832,4852,-303,-30,-923
-900,-15668,4540,1804,-257,-1015
-1108,-15380,5164,4381,211,230
-1672,-15296,5444,5118,405,1494
-1540,-14948,5968,4207,196,1629
-1836,-14976,6492,2613,5,409
-1660,-14824,6544,477,140,-497
-1456,-14780,6600,-1104,37,-1065
