-1696,-10488,11680,-306,-399,210
-1728,-10040,11668,-138,-282,182
-1812,-10548,12348,-624,97,-160
-1176,-10804,11764,-489,54,-342
-1604,-10760,12992,-435,213,-166
-1900,-10736,12408,-266,-257,468
-1468,-10336,11880,-9,-308,-26
-1396,-10464,12728,-316,-235,-116
-1520,-9480,11476,81,132,-275
-2124,-10684,12476,-557,134,-316
-2324,-10808,12704,125,-719,-514
-1456,-9656,11356,-136,813,-433
-1884,-9980,11656,2,-361,258
-2544,-9836,12256,9,-251,304
-2764,-9772,12084,57,182,993
-2988,-9520,12024,339,546,2464
-3084,-8136,12752,-377,-675,2697
-1628,-8752,11608,402,1586,1718
-8,-8832,10996,1831,-1404,1368
-516,-10024,10052,1838,-670,-2463
-2116,-11568,10672,-48,3630,-2938
-11420,-21044,32767,4820,-10306,3974
-2040,-14188,15920,-4947,1076,3188
-1936,-10512,10884,-10502,3298,2340
328,-11556,12600,-9474,167,1257
2756,-10000,16064,-5222,-2377,-3902
4856,-10960,14664,143,-2758,-13423
-4028,-11540,9992,-1585,-5960,-9550
-6256,-11712,9648,-8527,-646,-2910
-9756,-14184,10508,-7452,-2285,3355
-2548,-7684,5880,-14614,5451,2989
-2620,-10928,4964,-11591,3858,7111
-28,-11076,12220,-6760,7351,9304
1952,-12700,15576,3747,3142,9222
404,-14852,18924,14014,-5572,3854
-292,-13728,14072,25274,-9458,2370
-3488,-7964,3724,16896,2813,1207
2332,-10036,2916,5608,-12795,960
1528,-11164,8356,-5581,-2451,-6197
10364,-17204,10608,2478,-3104,-2409
1808,-12780,10264,612,-5744,-13663
-3432,-10532,9512,-2435,1185,-7686
-4324,-12152,11104,835,4208,-2098
-2708,-10300,12532,-955,5037,1977
1020,-10512,12992,-1461,4731,3111
432,-9772,12520,6202,869,-1348
