-3176,-14616,6664,1212,460,550
-2908,-14400,7196,1109,70,-69
-2872,-14292,7136,293,4,-372
-2852,-14404,7052,50,329,-248
-2940,-14308,7216,294,-177,-681
-3020,-14396,7324,141,-63,-661
-2812,-14192,7076,-319,96,-327
-2788,-14268,7104,-1040,240,-17
-2724,-14548,7080,-1548,226,-175
-2968,-14344,7052,-1948,-7,-347
-2924,-14424,6860,-1804,-153,-516
-2960,-14652,6740,-784,72,-203
-2828,-14696,6696,293,142,18
-3020,-14668,6544,1670,-21,-371
-2800,-14916,6504,3849,50,-650
-3112,-14840,6800,6847,-126,-2239
-2752,-14772,7224,8488,-573,-3620
-6412,32767,-32768,-32768,-12217,-14066
-2612,-11668,7252,-3826,2641,-2088
-2024,-13140,7264,-3505,2387,152
-2620,-13828,6856,-4922,1055,365
-2728,-13472,7528,-3793,644,-841
-2552,-16016,8844,1280,633,-1922
-2708,-13524,5372,-2691,1498,-1304
-1588,-14980,9736,-889,435,-116
-748,-17196,13156,9304,-2091,-2057
-1332,-11512,9260,6620,-687,-1591
-1704,-13096,8832,-1947,1397,1877
-1668,-12612,8908,-10165,1678,3501
-2976,-14764,6604,-12315,1571,3750
-1620,-17336,9216,-9727,-482,2119
-11208,-22624,17160,-13100,3974,8002
7408,-32768,30444,13389,-4748,-3126
32767,-20580,-7420,12735,-20666,-18799
-6756,-13460,5908,-726,-4520,-1896
-4312,-15960,4760,-716,192,-1086
-712,-17000,5360,-368,575,-1392
-2400,-15868,4744,1239,2137,-936
-2808,-13696,3308,1205,2096,-328
-3904,-16036,5236,781,1900,-1455
-3076,-16132,5656,939,867,-2220
-3340,-15468,5556,238,2098,-1929
-3316,-14496,5280,749,1387,-2006
-3420,-16060,6264,5970,1229,-1908
-3776,-14640,7104,5023,-3602,-4555
-3376,-16348,6488,992,-261,-2807
-2968,-15188,6976,-4128,644,-3249
-2508,-15472,5868,-6636,2065,-956
-2624,-13980,6100,-3220,-814,-1648
-3200,-12400,2496,-3071,1012,-991
-2704,-14596,6244,-8228,1926,644
-2216,-15300,6448,-5613,-403,623
-2876,-15892,4840,-858,-1401,608
-1296,-15076,5276,-551,-1360,933
-976,-16252,6708,-250,-3241,-2266
-1448,-16072,5424,2392,-1256,69
764,-15632,5672,1542,241,1218
12,-15152,6328,1477,328,1596
-948,-14076,6808,550,446,1915
-1364,-17996,5456,-1120,1282,1943
-1316,-16616,5936,-5554,1101,2057
-2020,-18132,7036,870,-4868,-1205
-724,-15728,7024,2170,-8079,-571
368,-13552,6220,3130,-6968,-1426
-1356,-13400,4884,6473,-4435,-2376
-2240,-13092,4660,3368,-862,-1008
-1764,-14596,5576,619,749,-442
-2228,-15332,5288,2249,385,228
-4752,-15632,3712,-296,-639,1153
-3480,-15988,4604,-1632,-806,1986
-1512,-14752,3944,-1870,1201,1705
-1072,-15056,4884,-3039,2625,1588
-1880,-19616,5960,-633,997,302
-1020,-15252,4932,4654,3275,4852
-900,-15264,4800,3410,6745,2940
-760,-17588,6116,20,3545,-881
-1872,-15488,7292,-2393,2795,-883
-2048,-15652,7184,-1173,661,-357
-2444,-14708,6164,-751,1337,106
-3076,-15244,6184,-910,2302,-241
-4636,-14140,5832,518,-7,360
-3440,-15300,5868,-433,918,-837
-3344,-14192,6024,-1225,1770,-1900
-4984,-14724,6460,-1246,374,-1751
-3652,-15644,8048,110,-1310,-1182
-4632,-14260,6692,-218,-855,-135
-4848,-14188,5436,-64,800,-304
-3248,-14252,6956,724,9,20
-2712,-14892,6148,-794,140,-1082
-2740,-15032,5924,-1504,619,-1069
-2648,-14968,6008,-1748,319,-1277
-2680,-15100,5748,-1811,58,-1153
-2656,-15180,5812,-1154,-133,-780
-1960,-15412,4932,-603,-107,-46
-2608,-15104,5564,370,236,-136
-2176,-15320,5436,1420,113,-246
-2484,-14932,6032,2533,191,-18
-2484,-14668,6096,1677,154,375
-2692,-14760,6344,810,110,146
-2444,-14776,6376,660,73,218
-2700,-14732,6496,324,14,-429
-2712,-14816,6288,-53,302,-962
