2068,-13804,8672,95,25,-186
2040,-13796,8304,-302,79,-349
2012,-13752,8512,-322,107,-411
2048,-13820,8676,-221,92,-415
1988,-13680,8316,-374,374,-373
2136,-13652,8520,-676,402,-171
2244,-13756,8592,-485,-136,-122
1756,-13796,8572,-507,236,-334
2088,-13804,8532,-188,-47,-291
1964,-13624,8612,-120,75,-165
2116,-13732,8624,-245,213,-205
2036,-13768,8564,-333,13,-158
2024,-13736,8556,-308,140,-98
1908,-13680,8592,-130,103,-272
2048,-13636,8564,-38,47,-235
1956,-13656,8508,153,143,-204
1984,-13720,8572,346,9,-266
1792,-13572,8612,383,-792,-861
2516,-13644,8268,910,-1973,-1237
1960,-13716,8104,2234,-1618,-899
1180,-14016,8492,2840,-2616,-882
-2796,-13332,7836,-3553,-621,2983
1820,-15220,8080,-2586,26,3668
3432,-12980,8596,-451,621,1725
3888,-11972,9260,928,-26,725
4368,-11816,9404,451,590,2379
7660,-12352,7240,-660,8469,6407
6328,-14348,6956,-5240,11610,2828
11204,-17092,10084,-3950,9690,-18612
-5796,-11864,12896,-2513,3683,-11466
-3804,-12924,3328,-131,-242,4510
3188,-14712,5420,-2233,2152,1323
1880,-17088,4624,-4139,-840,-4219
-7500,-11716,908,-7656,1031,-1681
-3988,-14144,11752,-5980,-3955,5701
844,-13256,4412,-637,-4165,7411
3496,-13460,7928,3332,-2307,3376
4700,-11684,-1468,2220,-2281,294
-320,-8240,7368,3114,-6489,2973
1292,-11064,7884,1622,-1765,4139
2492,-12800,14668,-583,-3729,3077
9032,-10136,10728,-4151,-4602,394
4712,-22696,16528,2435,-6693,-4289
5296,-13492,5876,6812,-5727,-2241
3200,-10096,-532,941,3025,-2936
116,-16052,9580,6426,2860,-2869
1260,-12324,6744,7080,-3175,-2036
968,-12776,3612,270,-1925,-2972
-1184,-11992,3740,-2110,-2158,-2052
8640,-14224,-9936,1915,-10502,2740
1836,-14608,6272,3204,-10,1757
2508,-13148,8084,2482,5020,3329
-404,-14056,12196,-823,9063,3786
5848,-23448,15420,-8109,991,-9926
-5984,3628,-9908,-6653,11729,-5667
-632,-5824,7672,-2081,2513,-3518
2556,-14020,7008,-655,-1372,-329
17496,-29184,13468,1595,-382,-5454
-208,-14052,8124,2819,1403,-718
2304,-13212,8812,1266,-2103,-3282
1244,-12792,9132,435,-2027,-2966
2680,-13224,8936,-594,-1041,-1683
2388,-13280,8932,-836,210,-425
2252,-13376,9080,-755,63,-543
2328,-13368,8748,-242,-323,-933
1764,-13440,8804,-195,58,-1067
2812,-13076,8884,267,-372,-796
2592,-13336,8764,511,613,-76
2416,-13204,10196,974,151,573
2136,-13088,9712,416,5,581
1856,-13172,9508,-147,-79,-78
