-2316,-12644,9804,-331,221,-150
-2456,-12648,9600,-1003,96,-195
-2540,-12904,9684,-759,134,-140
-2684,-12876,9668,-619,93,-138
-2600,-12584,9676,-701,-168,-322
-2740,-12700,9520,-1204,-12,-165
-2436,-12812,9512,-836,87,-79
-2572,-12788,9648,-318,-94,-267
-2544,-12700,9684,-564,70,-199
-2272,-12828,9528,-652,209,-154
-2456,-12744,9524,-563,240,-83
-2428,-12812,9468,-599,123,-138
-2596,-12828,9436,-547,230,-121
-2648,-12812,9432,-646,271,-98
-2704,-12780,9348,-438,213,-142
-2576,-12936,9416,-303,171,-183
-2560,-12916,9616,-155,203,-142
-2684,-12996,9376,280,234,-146
-2420,-13032,9672,790,119,-196
-2232,-13368,9232,2922,16,-614
-2848,-12152,9860,5262,76,-1218
-2524,-12544,10272,2236,133,-600
-2376,-12448,10004,875,666,-560
-6040,-4972,9076,-42,766,-2797
-4268,-12688,13632,-1908,1527,-1268
-3600,-11960,10528,-2086,906,-1566
-1408,-12544,9740,-1512,872,173
-3212,-11960,8512,-1832,1305,200
-2948,-14068,10488,-1547,513,-616
-2588,-12740,10032,170,-73,-970
-2328,-13948,9968,107,304,-443
-2504,-12272,8996,481,32,247
-2076,-14228,10564,1785,-1537,-470
-2032,-16700,12540,1609,1649,579
-1964,-14236,11356,-2800,1152,629
-2664,-10448,10732,-2304,-1413,822
-2696,-13216,8548,-2661,-743,682
-2008,-11688,8996,-1900,-1715,-248
-3108,-11716,7384,-2032,219,-439
-1916,-12780,9720,-1049,-616,-713
-1860,-12848,9300,-2536,634,-3
-1600,-12472,8720,-2950,138,196
-2564,-13216,8880,-3731,1204,797
-1784,-13032,8788,-3963,2589,2605
-3500,-13912,8660,-5198,4190,3739
-3496,-13780,7688,-4903,1065,2046
-3236,-14428,7416,-4574,981,1329
-11944,-14836,9376,2017,7799,-2789
7688,-18608,9100,3322,-5001,-4255
-5196,-14056,7680,-1226,-19,-1332
-4388,-14568,8228,-65,1263,-2767
-3356,-15904,7528,-1470,2374,-1531
-2648,-14852,8660,-1417,1682,-2595
-2532,-11472,2592,-773,2599,-1440
-3592,-14908,6232,-2021,2923,-2731
-4824,-14856,5352,-2580,5226,-2388
-2832,-14508,6432,-2438,3371,-3230
-5112,-15016,7288,569,5769,-3212
-2044,-15400,4836,-761,4561,-2806
-4500,-15916,7884,2754,5779,-4124
-2456,-13428,6464,-2506,4954,-3318
-3732,-16896,6852,2796,3885,-2537
-3992,-11888,6060,-2746,2872,-4703
-2952,-13736,7428,-1365,3391,-2624
-3584,-11488,-100,-7819,3132,-468
-2472,-11864,7880,-2746,3129,-569
-3588,-15832,8648,-6075,1598,307
-2616,-10860,6404,-4880,-2701,-230
-4828,-8180,2204,-4088,-3918,456
-5336,-14936,5292,-3123,-5969,1218
-2760,-14924,6456,478,-9889,-1498
-1732,-15272,4728,1792,-9435,709
-1500,-16488,8264,3797,-8131,282
516,-15624,5212,4607,-6665,-1158
1008,-14736,6592,2520,-6221,-986
-2316,-14588,6536,-805,-1872,1841
-3688,-9804,12240,-183,-3823,3933
-3892,-11564,11012,-4077,-1236,3914
436,-15356,4044,-3649,-419,-534
-1376,-14540,6324,-4878,263,501
-2176,-15360,5716,-6784,201,969
-2120,-15412,5536,-2499,-404,-850
-1800,-15380,6360,-6902,342,633
-21876,-32768,32767,26084,-1435,14980
-1332,-10016,2156,14337,-14142,-853
1296,-10460,8012,14910,-9167,-1375
-1420,-12584,9600,14683,-10296,-546
-1136,-12452,6944,12049,946,-2716
-224,-10192,4312,6104,5214,-2766
-3836,-14172,11760,2543,3939,-387
-1492,-11288,9068,-768,1665,2749
-1908,-11860,6636,-6579,4151,4496
-4928,-19012,17616,-1642,10962,5107
-3916,-14564,11872,-2283,716,1034
-2108,-12640,9332,-530,2705,1887
-3520,-12896,9960,1251,2260,1620
-3348,-12084,10020,374,752,392
-2936,-12272,9312,-525,1003,342
2376,-8904,20,-2142,4940,-3153
864,-14056,10528,-1992,-2704,-4072
-3100,-13112,8568,-1067,1056,-1890
-2028,-13616,9704,-989,582,-1954
-3248,-12684,9544,-1424,2361,-2061
-4348,-14236,9672,-2113,2728,-2977
-2848,-13160,9580,-2064,3694,-2633
-2808,-14072,11212,-1767,2792,-3176
-3984,-12676,10328,-1895,1523,-2699
-4436,-10600,4916,-1515,5447,-2003
-4916,-14088,9892,-1771,2623,-1553
-4628,-14300,11136,-197,1821,-1364
-9776,-9596,6444,832,3506,1769
-2064,-13136,7936,496,320,14
-3304,-13144,9160,-183,126,-191
-3012,-13356,8764,-341,-233,-408
-2764,-13472,8596,-501,-199,-565
-2868,-13348,8760,-363,-262,-421
-2720,-13332,8812,-153,-199,-448
-2644,-13180,8680,-467,-192,-441
-2812,-13516,8624,-615,110,-216
-2776,-13308,8700,-475,71,-332
-2644,-13624,8760,-487,-158,-467
-2356,-13228,8612,-637,-114,-304
-2516,-13536,8620,-648,125,-183
-2892,-13480,8940,-230,-92,-220
-2608,-13240,8988,-142,-412,-555
-2696,-13436,8840,-170,-368,-614
-2636,-13436,8800,-28,-262,-370
-2520,-13468,8664,-358,68,-188
-2628,-13472,8796,-712,313,-113
