-824,15060,5232,-248,-654,-832
-16,15520,5044,-447,-659,-343
-724,14984,5380,-370,-496,83
-956,14536,5188,-217,-222,-308
-488,15388,5640,-162,125,-36
-224,15352,5732,-857,537,66
-696,16084,6628,-1868,1518,151
-2564,17632,9520,-9868,890,-889
820,12500,6032,-16918,-167,-861
-1128,14536,8512,-13612,3197,-934
-3392,11680,8180,-8554,3756,817
-2208,10120,7024,-1927,2586,2530
-1316,11268,6912,2070,-2248,784
-748,14432,9820,136,-4047,-2454
124,12700,7832,-1302,-2962,-191
-2304,12184,8036,-3362,-3599,434
-964,12876,8560,-6660,-2959,-6229
-284,14092,8752,997,6254,-3374
-1448,15836,9960,713,2154,-551
-2680,12508,8892,-2398,-575,-1546
960,12988,6432,-910,-1172,-6568
-1844,14644,9896,4103,7061,-3387
-2252,10564,6588,3180,504,-5632
108,12244,6092,9889,8989,-5065
-15036,32767,31736,7995,14046,-13119
-2612,15404,5040,-2601,7345,1411
-1432,18892,7152,1613,3735,6889
-2360,17116,5764,4559,3521,7986
-8196,14224,2632,7054,-703,9295
-8400,14356,2900,5579,8123,7441
-8652,15668,3248,6597,8180,5244
-1628,12752,1924,8019,2794,2058
1368,15020,7640,4264,2787,-1280
2276,16016,5664,4626,-454,-2345
2012,15216,6296,4424,-3579,-2332
1484,15276,6280,4169,-6793,-2001
256,15852,6560,2521,-3297,-2725
-2072,15984,7488,-1359,-1035,625
-1440,16048,3644,-4577,2876,4762
-10052,10396,7644,-7470,-989,5959
-10948,10848,-3916,-5149,-1242,210
-5844,20236,3472,-1229,2294,3277
-6672,16476,-436,-489,2069,6660
-9004,12948,2948,-4394,-659,822
-7576,16392,5172,-8763,-3742,-3349
-3168,9660,2928,-6693,-2594,-2277
4568,15868,6432,-5222,1819,-6073
3880,13992,6352,-4182,1384,-2908
3224,10184,5480,1612,-1059,1192
520,13376,4988,2988,-1140,-2870
-3772,11192,464,10420,5030,-905
2772,31496,-560,-2701,-3601,7541
-472,15084,-6696,233,3094,-5322
2884,26600,13228,432,-3962,1062
3736,16332,7932,-3697,-1137,3752
5704,16008,10600,-2927,-3864,-1274
1868,11436,7596,1313,-973,-1398
-2728,15708,7060,3527,472,-4622
-2820,16528,4828,896,-1116,-3810
-228,19684,5156,-3678,-677,4939
96,16524,3752,-5984,-6308,1782
-916,14628,5032,1098,-2616,-26
524,14504,4104,3073,-621,3125
-400,13360,4216,5251,2517,4745
-1532,13016,3116,6700,2268,4263
-1824,16252,4892,4923,2517,1154
-660,17036,4368,514,1291,268
-2292,14816,4868,-439,976,607
-1500,14812,5604,-885,-382,117
-1012,15480,5620,-2353,-472,-229
-1832,14068,4816,-1308,-366,484
