-564,-9144,13524,498,-713,-1277
-540,-9304,13456,-1004,-802,-1503
-576,-9492,12208,-673,-104,183
-488,-9104,13136,-537,-195,20
-764,-9588,13324,-367,613,-281
-824,-9332,13272,-377,-298,247
-656,-9292,13956,-493,-758,179
-912,-9788,13708,-244,-1579,60
-736,-9636,13124,-323,-1419,395
-172,-9012,12832,-455,-1053,262
124,-9200,13436,-959,790,-181
-356,-8704,13348,-242,-767,577
-544,-9196,12800,57,-497,1007
-1540,-9368,12936,-889,134,1191
564,-9592,12416,-614,-866,1434
-192,-9708,13736,656,-80,136
-476,-8600,12164,-197,47,633
-176,-8992,12812,-661,-1060,895
500,-8064,12324,142,-1757,315
1216,-9372,8036,-2438,1548,-2568
-9884,-11764,2632,-19232,6336,54
10300,7264,-11172,-7525,5036,10460
3196,-9372,11120,-8464,-1157,6840
7676,-8336,14848,-7022,2347,-1764
4356,-10796,14672,-2713,-2399,-19608
-8304,-13232,6288,-7087,1182,-9780
-10148,-14432,10004,-15554,-616,2835
-3916,-14144,7604,-19269,4066,16170
4448,-10304,14232,-16336,4392,16100
2864,-13496,23716,16659,-14455,295
5012,-11456,9692,32767,-12829,-4740
1100,-14044,4712,4916,-11387,-12489
6960,-17284,4992,7409,-4832,-9694
-4884,-11988,9000,1741,2782,-7085
836,-11112,11784,1166,2423,-379
2012,-9524,12864,1488,1607,889
4648,-9936,11396,-316,3651,3815
940,-9888,16732,1456,2492,2351
2280,-11080,14752,4844,-159,-1188
1236,-8676,11916,2479,995,-2001
344,-8820,12256,-12,2897,-396
136,-9104,12988,-804,2675,-293
772,-9520,13712,70,286,-97
316,-9528,13624,79,-500,-791
1208,-8028,12480,-686,-269,273
624,-9212,13340,-1436,314,270
464,-9208,13228,-1485,499,366
1004,-8756,13292,-1071,7,316
968,-9104,13852,939,-650,56
1208,-9108,13448,279,-323,-353
336,-8980,12396,31,-20,-906
1524,-9220,13616,329,-772,-2997
