-544,14264,7168,-90,-1,-188
-572,14452,7184,28,246,-283
-1012,14436,7284,-573,-24,97
-348,14152,6984,-607,-97,62
-856,14240,7300,-527,-14,-101
-356,14612,7196,-755,-158,80
-584,15308,8312,-2600,431,-1504
-600,13356,7340,-2435,120,-2725
2120,14144,11052,-4164,-4981,-791
540,17612,11280,-15039,-6427,-3292
624,12532,11504,-4034,-7794,-823
-1188,12264,11188,-548,-5825,36
-4096,11160,10532,-3529,-9989,-1884
1012,7844,6852,-1578,-6137,-464
824,9488,7024,727,-69,-3246
-2028,11584,7796,7430,2599,-4409
-1932,14016,9860,-3386,-2365,-6292
-488,14632,7548,-1129,4066,-5358
-1712,16500,9240,1274,3030,-4257
-4000,13380,10504,-1488,-4292,-4098
-2612,9496,5252,10837,1946,-4324
4204,13724,3388,18577,8498,-4804
-1036,32767,32767,4354,16020,-8583
-1684,13440,3304,-1322,6309,-1610
-1960,21080,6500,-1860,1644,2918
1412,20944,5780,-1232,-1261,12121
-3484,16904,5960,601,3688,13291
-2732,17360,3024,1343,3822,14055
-5880,13640,5220,516,13816,7032
-5992,13688,7464,-440,7014,5936
-5392,14624,-32,-1521,10795,-1014
460,20764,14072,-2434,6544,-4308
-6724,10780,9676,-1669,6819,-8366
5276,16468,5012,-2874,343,-4137
5404,12192,5600,2524,-5768,-4057
4884,15312,10664,3841,-10157,-6517
3672,15188,7668,4920,-9125,-4975
24,16068,7044,5528,-1592,-3704
-2852,14680,5808,-147,2380,-1070
-3500,9888,6544,-2188,3707,1082
-1528,14976,8216,-4611,-1004,3207
-10776,4764,12928,-8627,1562,1529
-4188,14540,12044,-7406,3098,6812
-6528,14696,11624,-4658,2858,6986
-584,13404,7984,-4319,80,4284
-8400,18092,6668,-482,2660,-1431
-228,20524,3448,1466,953,4092
-5900,19664,8368,672,1721,5246
-7388,22488,8028,-12154,-5676,2517
-4180,10196,3212,-9739,-2792,-3797
-3028,9896,5292,-7708,-2450,-5228
6668,9852,2336,-1421,-55,-7704
5280,17332,9560,1657,3778,-4658
5976,13792,7664,-587,-1918,2939
2608,11132,7220,2851,-1383,-834
-2432,13092,6144,6294,6315,-2063
-6436,11796,1020,12077,1758,-2263
-7252,11396,3460,-7400,5416,7229
-9128,10908,2932,7194,6493,-8529
-3736,18100,4576,3421,-3381,-5308
452,18388,8588,1021,-2127,-2905
6304,13112,4040,-4706,-4632,718
788,12716,10976,-305,-3654,-2691
3856,16192,11464,-781,-2256,-954
-440,13032,6624,475,1107,-4402
-3384,17568,7028,-535,-1415,-5825
-2052,18844,5464,-8776,-2039,2117
-2648,15592,6464,-10803,-6599,-1537
228,14188,5344,-1422,-3819,-885
-1476,13440,5404,-211,-2407,1563
-640,12992,5284,715,-747,4037
-2280,11804,5636,-803,678,3484
-1872,11168,4884,-5739,760,1397
-1444,12144,6584,-3658,2437,341
-3824,11816,9272,-786,3364,1646
-1376,13472,10088,-1877,906,824
