1400,9860,12180,-1,1152,-144
1316,9872,12576,1190,1844,-228
576,8480,11804,2439,1055,132
1176,9888,14224,2738,2396,412
36,11028,14464,1604,3188,1051
-704,10992,13712,2262,2780,1313
588,9536,11572,4687,1866,2610
-528,9912,11388,6242,3053,3502
-2268,10544,10192,10104,-4145,-1751
-1740,11888,10880,8053,-1402,-514
-2052,11696,8664,8431,1205,-594
-1504,13580,7808,8641,2193,-1674
-1724,14680,9056,6108,980,-1648
-776,14008,7696,4944,928,-966
-728,11992,4948,8349,1757,-1283
-1572,13908,5704,8577,1083,-6245
-1308,15152,6484,-468,1226,-6568
-4664,12900,6280,-905,1749,-5798
-5448,13912,7672,-2475,952,-10918
-7032,15836,6204,-3008,3721,-3172
-5896,11412,2732,-560,3500,-6939
-11644,11868,12300,-635,2112,-5161
-7056,15384,13160,98,-17747,3328
-5144,13600,10728,450,-8958,1170
-3404,12336,2520,-13,1281,1266
-188,21348,9456,3161,3645,292
-4048,16100,5304,5008,3033,1661
-2640,15436,10132,6194,7178,1278
-6008,11948,140,10409,-1379,-4082
-4200,13240,1948,11536,-1140,-3408
1456,17652,8464,7981,-2396,-3090
-1316,16800,6188,2564,-5077,-987
1204,19448,6344,2949,-2637,-1630
-1700,13556,2060,4558,-1143,-1979
616,14420,3556,1871,790,-4969
-2604,17200,3808,385,2869,-4387
-2064,17228,4520,177,2936,-1277
-3116,13936,4048,-1834,4958,-50
-2592,17848,7140,-3577,1071,1211
-2324,17536,2896,-8460,5406,6914
-4592,12716,1376,-12942,6009,10771
-8400,13808,4320,-11421,5400,11527
-8232,14808,7332,-10414,3634,16176
-9660,11324,4592,-7605,4949,12571
-7324,14488,4672,-1805,6279,-15
-9516,17884,4944,-197,1933,1222
-5112,16884,2968,-2943,-2273,8408
-3324,12672,1284,-4176,2921,8646
-6964,10032,1824,6787,7506,-9094
-8480,12944,6276,6953,-1122,-10517
-1568,16120,4656,-1818,-5460,-2458
-3752,12052,5180,-625,-4285,-9629
-4048,13224,7144,884,-2294,-9622
3100,17100,7700,4220,-5052,-7531
2488,15224,5084,6975,-797,-6764
-2276,15612,8400,5675,-1564,-3806
-696,13688,5920,1838,-2232,-2291
-4872,11260,5016,1754,-1009,-4923
-2088,16092,5092,-3349,-4195,-2143
-3028,13752,4720,-3023,-5204,-4419
-2228,19052,6676,-9647,251,4177
-5184,16952,8068,-16422,-2494,10891
-3444,13064,9368,-20696,-5928,7089
-1220,11008,8436,-16606,-1482,7331
-2684,8588,8820,-11304,-2019,8831
-1136,9576,10300,-7922,-3626,5588
-2252,11900,11932,-12090,-9253,1320
-816,9164,10168,-5902,-5790,1878
-1416,11652,10368,372,606,1560
-3792,11856,10756,-1393,-2424,1429
-2132,9816,9592,-1036,-4981,1444
-1264,14084,11384,3368,2792,-2707
3216,21432,12860,-4850,-2661,-5
