-1752,-14560,6956,-682,-145,-286
-2088,-14436,7200,-1125,-215,-730
-1476,-14704,7052,-953,-785,-376
-1716,-14072,7240,-1113,-269,1462
-1912,-14840,6580,-2387,120,1183
-2704,-14592,7140,-3090,714,1526
-1800,-15880,6468,-1887,552,362
8908,-20360,-9180,-3117,1533,3247
-11244,-16944,18628,1298,-5579,-645
-4396,-8908,3620,562,5695,889
-3244,-12616,3076,1093,3986,-157
-2704,-15268,9168,1340,1002,-1645
-2168,-13688,6852,1719,2441,-1110
-1420,-8296,-292,3434,2966,-249
-952,-13216,6792,456,1712,-1886
804,-14776,7620,-904,672,-3102
-1976,-13924,7532,-1161,1975,-2099
-4880,-14700,10448,-2705,1862,-2627
-2324,-13648,7152,1454,2193,-901
-3088,-14800,8480,1679,1465,-2031
-3300,-14356,8820,-1901,580,-3092
-3324,-12264,6112,-2088,-1151,-4014
-2988,-7636,2100,-2250,-451,-2717
-652,-18572,13880,-331,-481,-1561
-3484,-12740,3512,-1864,98,320
-2640,-14272,6828,-1082,-1454,332
-2932,-12220,4664,-1334,-1112,1851
-656,-16224,8392,-138,-2286,-1169
-1284,-12264,4716,399,-2520,-1604
-724,-13380,8664,-1628,-771,2492
-564,-14720,7448,-1505,71,1699
3612,-14344,7692,1408,-4053,-4073
260,-14816,7344,-682,635,1262
-924,-14752,7200,-1058,1901,4927
-2164,-15340,7396,-125,3647,4786
12256,-16096,-3048,814,-9423,-8566
-1904,-16840,10036,-2029,-892,-930
208,-15272,8784,-276,-950,551
812,-17440,8476,-747,-824,-16
-1712,-14372,8224,-1142,-579,-68
-224,-12980,6552,-1310,1330,-855
-452,-14100,5872,-272,589,-323
-1992,-15320,8252,-2294,1774,-2128
-1804,-13904,7224,-517,2041,-579
-2456,-11864,2300,874,793,-53
-1668,-15324,8760,392,20,-151
-1864,-14300,7532,-706,1167,-599
-4504,-12124,6396,-548,1805,956
-10068,-11508,9684,-234,2201,2986
-3436,-14232,7536,1444,334,-760
-2300,-14260,7176,-130,653,-1806
-2268,-14136,6996,-1234,856,-559
-2208,-14516,6752,-850,444,167
-2444,-14772,6892,288,182,242
-2244,-14484,7100,1449,173,360
-2656,-14484,7416,1692,-29,78
-2472,-14268,7584,1128,-367,-437
-2420,-14140,7464,274,-36,-614
-2364,-14328,7308,-39,287,-258
-2568,-14228,7440,-297,276,-80
-2552,-14340,7424,46,352,-409
-2480,-14128,7480,-184,169,-585
-2260,-14176,7516,-356,159,-384
-2152,-14268,7124,-73,108,-97
-2440,-14240,7656,-5,140,-206
-2572,-14108,7604,190,125,-374
-2448,-14092,7680,-280,56,-207
-2544,-14236,7624,-297,-13,-162
-2332,-14144,7640,-350,53,-183
-2456,-14160,7624,-527,84,-111
-2496,-14172,7708,-408,195,-100
-2604,-14076,7880,-537,169,-58
