1044,-16128,3068,-92,61,-302
1108,-16088,3208,17,-68,-340
1024,-16052,3348,15,76,-274
1140,-16172,3448,-124,-17,-219
1004,-16144,3416,-164,45,-153
872,-15988,3356,-189,81,-243
948,-16072,3452,-254,-5,-559
1008,-15996,3344,-480,-46,-365
1104,-15900,3332,-693,148,-94
864,-15896,3092,-821,-21,-158
828,-16020,3384,-922,-21,-278
1040,-16008,3416,-1204,150,-130
720,-17100,3724,6,639,73
-1120,-16332,8556,3590,5128,1975
-704,-16544,4692,-2539,2259,-71
976,-15948,3828,-2195,445,153
1016,-15964,3864,-2455,-120,103
2480,-24736,-136,19920,5029,-1917
2944,-16004,3204,-3245,256,1087
4392,-13444,-204,-3588,-2103,1558
-11956,-6044,372,2630,-1395,4029
-8636,-14724,6616,556,4939,-375
8068,-10580,11364,2861,-3128,-5123
1164,-20108,776,2976,5560,-3360
-2340,-23180,3780,1954,5481,-3221
9088,-10992,1444,-2614,930,-1100
10840,-15472,-2052,3429,779,-4404
2388,-24388,16304,1648,4346,-2225
-4240,-17208,11048,-1829,4683,2083
-4320,-23068,-2032,-3889,4455,750
-3184,536,1632,-8725,-537,-279
3968,-31540,3948,4245,6237,629
1852,-5740,9884,-787,-4155,-2462
2484,-12192,-2160,-2414,1245,-1709
-3148,-6236,10332,-2814,-2993,659
880,-32768,-2676,5736,3546,-565
-2580,-3184,-9876,-1135,-901,2084
-4968,-16692,2408,113,-1549,4233
4548,-14436,-8092,205,780,14
1188,-17364,1144,-970,-953,2381
13052,-32336,15360,8652,228,-759
6104,-16976,14408,5158,464,762
1260,-21856,3016,-87,-1368,417
11028,-10576,11500,948,-3155,196
1200,-15640,4996,175,2287,574
3612,-19696,5148,-795,386,98
2452,-17448,7372,-2494,5637,310
1564,-19472,7356,1008,5573,-3591
3852,-17128,936,703,4966,-1908
3616,-14728,14760,1497,3083,-2328
4852,-11008,16788,1324,-1429,-5309
3012,-18088,6468,986,4893,-2619
7996,-21136,-1348,4536,6229,-2616
1224,-14884,7332,2516,4082,-2685
3272,-21340,22296,3991,1475,-3108
8212,-18516,1600,-74,-4101,-1999
