-2180,-13952,7640,-285,-238,-440
-2168,-14140,7752,-323,-175,-123
-2520,-14044,7724,-395,13,-228
-2524,-13964,7904,-765,-217,-422
-2404,-14164,7616,-568,-29,-80
-2284,-14208,7688,-211,-109,-382
-2060,-14216,7844,269,-563,-632
-2108,-14040,7772,-72,-316,-522
-2344,-14192,7688,-355,-395,-711
-1384,-14432,7184,-61,-836,-939
-1772,-13952,7920,-200,-1339,-1074
-1716,-13376,8668,-2211,-2024,107
-2112,-13660,8524,-3549,-2032,191
-1928,-14176,7792,-6012,-2373,831
-2116,-14600,7640,-5829,-4113,691
-632,-14060,6288,-6395,-7082,1682
-2500,-12688,9056,-8202,469,6819
4340,-18852,-2696,-7300,5456,6094
11244,-27992,-11480,-10886,-2592,5344
-56,17176,-25372,8370,26463,1723
-32768,-15964,32767,-2254,4903,4211
1908,-11440,-5268,2916,2507,-1808
-148,-24336,20388,2061,2580,-2253
2756,-18032,7692,3068,1728,-6485
-1352,-20140,15052,2572,7929,-5337
-4000,-14064,10092,1376,7358,-3808
-2936,-11588,3448,708,7106,-3118
-2548,-12956,7556,-1132,4590,-3720
-4472,-14828,9452,-1265,3726,-3003
-4504,-13780,7472,-657,2596,-2247
-5844,-12832,8856,-4161,-1046,-3213
-4136,-17048,10260,-5087,-2220,-2397
-4708,-14736,7148,-6737,-1855,-860
-2436,-15852,11860,-1379,-4186,-1164
-4896,-13320,8836,-2476,-3303,2399
-344,-14460,10872,165,-5737,-137
-2272,-12736,6208,1993,-3093,1157
676,-14788,9812,4218,-5013,-2027
320,-13468,6680,2018,-802,1530
2700,-15356,12012,-1746,-2151,1935
3620,-16508,14360,-2026,-4662,-1420
1668,-14096,6776,-6622,1050,-617
-188,-14516,7000,-4062,418,5796
-1568,-16004,6472,683,2294,5673
-2008,-15952,7112,3069,3545,5920
13188,-15068,-2252,4600,-8491,-7822
-288,-14420,6012,-3583,3280,-452
-588,-15668,6924,-5850,2249,-1468
648,-18532,8740,-5233,2967,-2174
-1328,-13948,3516,-1030,2823,-1536
1268,-15900,5724,603,1803,-2899
-1464,-13748,4076,435,2713,-1991
-4168,-12688,4608,787,4275,-1770
-3240,-14852,6076,1554,-575,-2075
-4444,-17392,10672,-409,606,-1068
-6620,-15076,8712,-350,1098,-1320
-2924,-17308,10816,-156,-975,-1685
-1208,-13628,2120,1610,-7945,1785
-3140,-14820,7384,-332,-93,-2911
-2324,-14348,6980,-2875,1328,-2232
-2772,-14984,6792,-4546,428,-2112
-1912,-15108,5956,-2104,-282,-1440
-1800,-14916,5896,496,127,640
-2436,-15148,6220,2557,263,1006
-2380,-14724,6812,3668,-12,285
-2376,-14408,6976,2704,31,123
-2580,-14224,7416,275,222,-27
-2612,-14528,7216,-938,40,-750
-2344,-14524,7088,-977,146,-490
-2400,-14584,6952,-676,105,-111
-2308,-14516,6920,330,110,-48
-2356,-14396,7184,316,69,-83
-2324,-14372,7200,340,165,-64
