1800,-13616,8680,-532,-108,-640
740,-13292,9300,-108,-164,-305
1896,-13392,8388,-335,188,41
1668,-13520,8092,-309,135,-79
2020,-13752,8524,-135,-94,-184
1816,-13580,8724,-188,-4,-149
1812,-13584,8496,-86,141,-261
1904,-13560,8852,-54,94,-190
1676,-13596,8864,-266,136,-191
1700,-13536,8984,-432,-96,-337
1924,-13480,8620,-531,63,-308
1752,-13596,8808,-354,19,-272
1884,-13612,8756,-354,-19,-208
1872,-13632,8892,-254,-305,-299
2088,-13512,8900,-373,-377,-267
1628,-13608,8516,-634,-1319,-745
2180,-13492,9260,-1018,-929,-17
-1372,-11844,13108,-384,153,1692
240,-11384,9896,977,977,587
1464,-9692,6084,1210,456,726
2320,-15108,11012,-578,-914,291
10100,-10072,2852,-122,-3088,-326
5012,-11784,9324,393,-2118,-700
2296,-12604,3988,414,3456,-687
2808,-14032,6944,-563,2018,-530
5008,-14924,5948,110,2997,-2297
-2376,-14252,13504,561,1556,-2956
132,-20920,16564,-435,2144,-2472
20,-12780,6220,-656,3053,-2030
404,-15904,8808,-2215,4358,-2312
1960,-13072,6444,-1283,2354,-1190
-980,-16036,12576,-2193,215,-1769
-1012,-14128,10904,-2237,2765,-1142
1800,-14480,9060,-2203,1809,-1381
-1644,-15224,11740,-3418,1097,-1020
764,-13692,7536,-2461,1803,-600
-736,-11936,7212,-3231,1015,601
3608,-20500,12248,155,-1218,-625
740,-12784,6840,-1584,-222,867
2780,-19012,9944,-827,-2356,1102
7312,-19392,8808,-1332,-1828,1041
-56,-8092,1740,-3924,-125,2575
-2220,-5352,5940,-3056,-103,3068
5540,-11384,6988,-501,-2611,802
7536,-18760,8388,-491,-2405,-191
-3796,-16188,8596,-906,-1263,991
2904,-13260,7296,681,-1252,2111
1580,-17024,10812,-1745,-285,-332
4376,-15784,10248,1647,-3973,109
-2300,-12640,12840,-936,-1708,1425
5764,-11208,2788,25,-23,1019
5060,-14888,8408,663,-286,-1474
1956,-14044,7648,890,774,1037
2984,-14552,6928,998,1569,2527
2652,-16272,11552,-1396,-798,-1874
6400,-14492,1456,-226,6728,-3112
700,-14568,7580,-150,4247,-1492
1068,-8024,-1948,143,3717,-537
532,-11656,8236,-1321,1884,-3173
2084,-9364,-36,-1193,5443,-38
844,-13936,5752,-1149,2915,-1496
4836,-14384,2436,-909,3673,-2459
-6060,-15180,10432,-1461,2928,-730
1128,-13836,10324,1104,-96,-2417
-2492,-14248,12072,1652,155,-1639
1396,-15812,9144,641,-3339,576
-568,-14432,9688,295,526,-903
1772,-13988,8092,-224,-197,-2171
2248,-13648,8080,-665,3,-1351
1896,-14032,8168,-880,339,-442
1696,-14076,8232,-708,168,-481
748,-13756,8176,-37,444,-850
2040,-13936,7996,7,136,-901
1948,-13944,7988,116,234,-406
