-2592,-14160,7356,-285,98,208
-2576,-14172,7348,-636,-55,-84
-2520,-14352,7284,-347,43,-267
-2456,-14184,7412,-251,48,-128
-2556,-14160,7392,-688,137,178
-2496,-14200,7308,-544,4,32
-2584,-14172,7400,-270,56,57
-2652,-14180,7356,-480,81,-8
-2660,-14264,7328,-651,-101,-309
-2492,-14312,7396,-658,-46,-360
-2404,-14192,7236,-626,122,76
-2836,-14264,7400,-728,-44,51
-2760,-14348,7296,-568,-640,-469
-2392,-14288,7228,-490,-969,-426
-2088,-13484,8052,-1123,-882,748
-2180,-14372,7140,-1489,-1464,1842
-2824,-14444,7208,-1826,-1128,2603
-3008,-14152,7304,-2296,-288,1757
-2204,-14632,6980,-2782,1094,1858
-32768,7400,-8692,8858,27116,3022
4268,14004,-19852,7638,12268,-6122
-17272,-4560,2372,1814,10608,2555
-3056,-10656,1184,-390,1162,-167
-2936,-22368,16836,1688,1028,-4820
-6680,-6412,-3484,3941,4944,-2335
-4824,-15628,10540,1642,2706,-2434
-1564,-12820,5908,1630,3245,-3411
-1384,-14340,11888,-507,2448,-4896
-2852,-12808,6608,1091,3929,-1262
-2152,-13004,7348,-2041,2388,-2491
-3200,-14336,7564,-1637,1751,-2540
-2748,-14692,8736,-2085,175,-2459
-4096,-12048,9352,-5089,-1573,-3541
-1648,-17160,11760,-2259,107,-996
-2052,-15048,11776,-815,-2076,-1281
-2824,-14564,9000,-1580,-3102,-657
-2280,-15636,9732,-3348,-1866,544
-2560,-14248,7280,-2999,-2560,2371
-2160,-15636,8936,537,-1996,-347
-3136,-12780,4472,527,-500,1349
1056,-16488,10812,-1627,-1265,1493
1064,-15724,10192,-2635,-1209,2156
-732,-12988,4568,-1845,224,1488
5916,-16584,8196,-2117,-2860,-6766
-304,-14568,6792,-968,-99,1693
-976,-14264,7092,542,-477,5187
-216,-14244,6036,-68,2880,6867
-2504,-14836,7724,-759,299,5954
-7984,-13636,13412,-4591,6455,1979
-1728,-15392,7424,-1403,796,-225
-3388,-15112,8032,-1337,1676,236
-1264,-16288,8020,-1586,-322,-1281
-2708,-13836,6568,-833,1324,866
-2112,-12552,3188,776,963,182
-3936,-13084,5436,106,960,396
-1304,-11704,2944,515,3269,363
-1768,-15420,6012,66,1744,-1839
-1340,-15108,7932,-393,1551,-969
-1976,-13904,6284,219,1790,-1637
-1556,-15160,6096,443,1727,-1479
-4332,-13936,5528,1029,2081,-129
-4124,-14252,7768,954,1999,506
-3184,-15596,9028,1799,-1498,928
-9568,-9236,4292,1379,2630,2622
-2340,-14684,6084,2816,-425,-352
-3032,-14008,7488,-350,53,-2051
-2748,-14104,7320,-1985,885,-706
-2676,-14464,6548,-1994,855,540
-3356,-14816,6672,-761,671,706
-3300,-14424,6636,-2,183,-219
-3080,-14524,6784,715,109,-509
-3020,-14460,7108,1013,-110,-548
-3240,-14200,7244,632,-83,-277
-3312,-14192,7180,-307,-20,-199
-3284,-14240,7148,-921,284,-147
-3004,-14464,6880,-817,265,-232
-3196,-14336,6976,-214,150,-519
-3096,-14376,7132,-58,155,-485
-3236,-14432,7312,-301,170,-248
-3028,-14160,6984,-697,35,-132
-3264,-14448,6776,-319,242,-56
-3024,-14312,7100,-317,112,-295
