-2984,-15020,5564,-2073,-394,332
-2868,-15412,4972,-3249,-314,539
-2572,-14832,4856,-4791,-843,516
-3408,-15632,5092,-5458,-2296,136
-4296,-17488,9568,-2284,-6115,1060
1472,-19584,1784,-8627,-156,3348
8216,-1332,-3988,12174,-6180,-5638
-4704,-19216,12332,1196,-4061,107
-2996,-16756,4500,3594,-829,-1577
-3128,-16308,5916,5910,4192,-377
-3420,-10612,168,5536,597,-4053
-624,-16492,7472,6790,3279,-3176
676,-15468,5104,6871,3756,-4085
-2296,-15612,5272,6256,6063,-3349
-2140,-15812,6748,6299,9104,-5262
-3584,-15064,7304,7198,9538,-5472
-3680,-14904,7756,7798,9572,-5635
-6204,-14300,7672,11815,8208,-4241
-5232,-12988,8148,9990,5328,-5255
-5884,-11664,11400,8196,3310,-8009
-5012,-11100,12968,-614,2070,-5486
-4768,-10336,10528,837,2229,-4819
-4844,-11272,10432,-272,-75,-3574
-5844,-9852,9164,-2195,-4243,71
-604,-10892,11872,-3099,-5948,2986
-1752,-11944,13892,-1862,-4125,2512
-768,-10300,8812,-2138,-3160,3041
-424,-15052,11288,531,-4186,1126
2576,-10368,10424,-1668,-2727,4377
5308,-14596,12020,-1571,-605,476
1452,-11480,8620,-3186,-1462,-1221
-1080,-13692,9684,-776,2983,6488
372,-12900,10820,-1872,2943,10175
-1492,-13024,11496,-4257,-3768,11269
-11248,-16340,16416,-6777,-5722,510
1340,-14160,9868,-4971,2902,255
-1012,-14108,10380,-2108,-45,-718
-3940,-12464,5788,-886,435,-700
-1752,-14076,8192,-769,1374,-3376
-1940,-14840,10584,107,790,-2753
-1816,-13272,7524,215,623,-3243
-2136,-16060,10516,-328,1191,-3339
-1536,-14888,9544,419,2473,-3391
-5496,-12296,7252,-469,2891,-1022
-7088,-10880,6304,-399,2590,-1061
-11104,-12684,9140,-562,2879,473
2732,-12520,728,2313,-5005,409
-3496,-13552,9740,-82,-464,-4266
-2252,-13108,8956,-3378,1385,-586
-2252,-13920,8388,-2367,645,175
-2480,-13936,8224,-30,44,81
-2628,-13752,8500,1610,-58,-268
-2360,-13716,8312,1780,-74,-614
-2172,-13472,8828,1370,-254,-798
-2512,-13084,9188,374,22,-141
-2520,-13532,8828,-789,112,-76
-2504,-13568,8740,-1173,-237,-755
-2128,-13356,8876,-49,147,-524
-2152,-13448,8660,77,195,-8
-2596,-13492,8820,101,97,-159
-1980,-13312,9044,-41,-118,-375
