-3288,-14936,6304,503,81,-150
-3228,-14672,6216,-387,154,-142
-3188,-14676,6336,-1059,52,-203
-2980,-15040,6016,-854,-167,-486
-2876,-14740,5960,-359,-375,-506
-3116,-14868,6156,-568,-288,20
-3192,-14724,6184,-964,-826,-474
-2656,-14556,6156,-1719,-732,-96
-3156,-14812,5960,-3210,-524,662
-2532,-14696,5848,-3842,-402,1260
-3544,-15016,5856,-4268,714,3331
-1744,-14596,3516,-4103,2527,3556
-32768,-32768,32767,-21394,17538,19690
-16188,-5796,-4512,9147,27354,955
-3052,-9044,3636,1080,8588,-736
-1940,-12280,-3320,1479,2035,-1727
-4592,-14916,4564,1206,3260,-3964
-3944,-15796,5596,-362,3644,-3586
-4008,-13760,4104,-958,4640,-2883
-5788,-15128,6628,-96,1977,-2804
-5144,-14068,6592,-503,1731,-2070
-4600,-14244,6248,-1792,548,-2832
-4944,-15092,6780,-1512,2081,-2333
-5080,-11944,3772,-6386,1116,457
-2180,-17880,10420,-1499,-2690,-893
-4360,-12832,3200,1678,-3171,231
-3000,-14988,7532,233,-3156,769
-1620,-14424,5740,-241,-2224,854
-580,-15348,7196,-480,-1444,1081
-392,-16108,8432,196,-1297,511
1180,-14548,3340,-225,-633,-700
-300,-15544,4932,-3671,1828,1929
-1404,-15260,4712,-463,4477,6301
-4516,-15036,6224,2337,3694,4200
-12960,-17128,13712,545,1781,648
-3588,-14008,4220,-548,2817,575
-1928,-14944,5524,-473,958,-549
-3264,-15096,6044,-12,1503,-498
-4612,-14644,5960,-321,2136,-54
-2784,-15124,5332,-791,1867,-1112
-5704,-12740,3464,404,833,841
-3004,-16312,8356,-794,-513,-1591
-4688,-13744,6428,-8,557,-178
-5624,-12560,3716,849,293,125
-3044,-14948,4544,1581,-886,-767
-3640,-14648,6524,-1391,-219,-2566
-2988,-14592,5712,-2715,283,-465
-3416,-15140,5376,-1162,-125,-179
-3584,-15028,5444,305,41,15
-3552,-14876,5848,670,-50,-196
-3384,-14832,5932,-181,-279,-471
-3160,-14716,5844,-420,57,-207
-3404,-15016,5980,-510,-94,-328
-3348,-14876,5824,-337,-21,-400
-3128,-14788,5564,129,-121,-402
-3484,-14908,5824,-103,-30,-342
-3204,-14936,5764,88,-103,-395
-3172,-14836,5828,369,-376,-519
-3356,-14696,5924,502,79,-31
-3380,-14624,6128,-36,204,-72
