1904,-12844,9804,-189,218,-241
1812,-12792,9948,68,213,-95
1920,-12732,9928,222,351,-153
1836,-12800,10000,436,305,-315
1900,-12760,10088,358,326,-318
1876,-12588,10148,178,120,-175
1816,-12480,10112,208,410,-106
1192,-12236,11264,1405,1138,-500
1800,-12304,10540,48,258,-431
1464,-12360,10352,-421,-24,-413
1592,-12688,9948,-472,-4,-364
1840,-12448,10396,-413,-94,-338
1732,-12444,10272,-426,-129,-246
1692,-12548,10256,-453,-168,-293
1856,-12372,10160,-314,-200,-363
1660,-12452,10356,-194,-274,-306
1840,-12372,10584,-225,-712,-205
1852,-12476,10556,-207,-463,7
1896,-12264,10396,-315,-199,81
1660,-12412,10148,-438,-68,183
1672,-12480,10332,-477,-117,-74
1756,-12296,10620,-811,-348,-364
2088,-12468,10136,-1090,-172,57
1964,-12368,10320,-1178,89,443
1640,-12520,10068,-1052,385,392
2940,-12484,11872,1872,-154,-885
996,-11020,11880,2221,-2198,-572
3420,-14396,9388,4180,305,-795
2972,-13220,11748,855,988,-8
3692,-11956,11268,2291,1421,-1077
3948,-13088,11320,1426,3173,-2883
2560,-9888,9344,1111,3173,-1711
1228,-10712,8984,-252,4314,-1991
-1268,-13316,11112,-1554,2580,-967
656,-14116,11164,-2785,2539,-1785
1016,-13424,11032,-3590,3335,-3222
668,-11796,9716,-2299,615,-1833
892,-13048,10332,-2042,975,-1759
584,-13408,10420,-3968,798,-2217
784,-12764,9556,-5258,369,-2210
140,-13468,9464,-3227,268,-1432
260,-11976,10440,-3089,-1900,-1659
2152,-12240,9296,-757,-2387,-1640
920,-12836,11136,-786,-1675,-1786
1392,-12488,10100,-1717,-880,-798
908,-14104,9644,-2453,-73,64
1228,-12420,11740,-3032,-1532,1232
1428,-12692,8960,-3043,-1324,1232
1184,-13264,8980,-2685,-1282,1737
2096,-13312,8468,-1733,-799,2531
2560,-13596,10804,-329,-1939,2760
3164,-13028,8216,262,-1351,2356
2704,-12660,7392,1225,-1519,1978
5368,-11780,6136,1030,-947,772
6936,-12652,6992,1054,-539,-326
4112,-12700,8576,587,1750,2479
2480,-13276,8452,501,4772,5209
1032,-13244,9344,796,4822,5322
2584,-14452,8404,-1799,5091,-1815
1312,-12384,8028,-2535,2767,-2677
2136,-19836,12532,-1071,1266,-3376
452,-11148,4332,-2349,5391,-1614
6540,-25740,18368,-414,2587,-7644
2020,648,4648,-630,6403,1306
-3320,-25120,12172,-1438,5178,-5869
-1552,-4552,8548,781,333,-1040
936,-4968,5116,-152,4368,1102
-3020,-7416,10312,-1164,4268,189
-424,-5108,6860,740,-861,62
-1392,-12996,10040,703,-1583,766
604,-13372,9352,465,-563,-1821
1112,-13428,9648,209,-852,-2451
1496,-13152,9400,-505,-501,-1303
1712,-13176,8908,-841,183,-467
1464,-13324,9280,-875,68,-464
