-4352,-14492,5316,-275,-62,-110
-4432,-14720,5552,-50,-414,-288
-3972,-14820,5600,47,-379,-271
-4280,-14524,5936,-551,-907,-357
-4088,-14484,5700,-685,-1396,-111
-4096,-14640,5988,-1193,-1816,-144
-3908,-14684,6028,-862,-3092,-111
-3696,-14680,5296,3026,-4500,-2378
-2604,-13776,6040,3800,-4767,-3003
-1520,-15800,10444,4004,-5212,-2120
-2224,-13828,5724,2618,-3417,-2276
-1548,-13932,3528,3377,-4178,-3906
-24,-16460,6824,2130,-5382,-3791
-2620,-13312,7196,709,-1823,-3272
-1256,-15928,9596,-605,-2401,-4123
1872,-15880,2660,-3843,-2707,-5490
-724,-14632,4648,-7809,1752,-3290
-1828,-12960,1632,-9789,1657,-1613
-4708,-15700,4088,-12204,4007,568
-7964,-13576,136,-13434,7896,3624
-6440,-15140,240,-16429,13892,9788
-6616,-16772,6320,-12120,12285,9282
-1276,-16212,6940,-6940,9602,7251
924,-19980,3140,-4250,6812,2699
268,-18892,3556,-1302,363,1362
-2180,-15476,2216,-259,-504,238
-3168,-15316,1884,-1107,-2601,841
-716,-20192,4644,-1763,-2732,3154
-1264,-19172,3664,4071,-5866,-4162
-480,-18272,876,8263,-7245,-9497
312,-14712,280,4630,-6523,-10877
988,-16672,3392,2687,-6255,-9026
2900,-19724,3928,4075,-8362,-11119
-2696,-16972,3952,3978,-3776,-10846
-6568,-15332,3668,1895,1445,-5727
-9404,-14764,2540,1324,1187,1155
-1412,-18004,2356,-510,1180,3733
-1480,-16444,4192,219,-111,-504
-580,-15724,4148,938,1209,-2085
428,-15504,4680,1213,76,-2685
688,-15704,4456,647,-42,-1753
520,-15876,4180,-30,-326,-1186
