1760,-13548,8980,-631,25,-143
1796,-13628,8584,-394,112,-80
1752,-13432,8760,47,148,-103
1736,-13440,8852,196,361,-246
1912,-13112,8908,46,301,-273
2124,-13328,8788,-120,127,-119
1628,-13504,8872,-239,-29,-133
1720,-13372,8992,-228,-10,-454
1852,-13504,9064,53,190,-430
2008,-13276,9292,7,-156,-443
2036,-13040,9064,-197,-258,-308
2256,-13220,8912,-255,-563,93
2076,-13284,8944,163,-157,477
1736,-13260,9524,-587,-779,439
1616,-13208,9616,-986,-1158,296
1488,-13200,10304,-755,-2034,-61
2592,-12988,8860,1978,-2275,-92
1416,-13840,10468,2097,-3369,280
3144,-11144,9900,850,-2388,913
3716,-11832,10804,1182,-509,-716
4868,-13924,6972,1024,492,-1237
-116,-15236,8920,88,1560,-2261
5084,-9600,6412,-718,1788,-1627
4656,-16740,14864,266,1006,-4018
2160,-10608,5192,-381,3442,-2014
3436,-12288,5808,175,1413,-2323
2116,-11152,4292,-375,4832,-652
96,-11268,5960,-1508,3049,-2415
124,-13640,9148,-1613,34,-1785
-724,-15092,9916,-2434,4290,-785
880,-13792,9040,-2167,1793,-956
128,-13472,9124,-1877,374,-1073
1460,-13652,8576,-2237,386,-574
1564,-13428,9432,-2769,137,228
1072,-13140,10452,-1697,-773,248
1512,-13868,8316,-1132,-1148,638
1096,-13284,10212,-1004,-1550,1322
520,-14124,10988,-1485,-2064,1273
-1200,-12408,8496,-1683,-81,2150
1388,-16192,14176,-3094,-1357,35
-3700,-12728,10308,-2274,194,4430
5492,-15568,12376,1730,-1490,3475
2796,-13264,10388,1877,-2784,1533
4716,-11776,6924,1546,-884,2792
8928,-13212,5296,496,631,-34
2848,-13424,8616,431,2274,2060
3184,-13592,8040,534,4566,4149
-2460,-14828,3388,-1069,13658,660
1004,-11420,6172,-658,2694,-4308
5848,-8576,6404,-200,1545,-2228
3624,-19280,13192,-332,4725,-5461
2856,-13192,9936,606,1980,-4830
1648,-10492,7720,801,3805,-1516
-248,-6940,7492,344,2798,-3290
1984,-10564,8108,2569,2075,-3853
-484,-11444,7576,1873,6732,1313
928,-19272,13756,2373,-1397,-2064
600,-12980,9356,1949,-748,623
1276,-13084,9792,1078,-247,-1132
