1844,-13844,7712,373,247,-250
1696,-14036,8232,247,323,-117
1504,-14040,8000,328,308,-420
1644,-14044,8468,308,227,-367
1776,-14004,8236,451,479,-235
1216,-13548,9504,728,748,-194
1624,-13908,8376,-68,231,-261
1728,-13788,8284,-115,154,-271
1828,-13824,8384,-146,99,-216
1536,-13744,8300,-45,137,-326
1796,-13672,8464,-192,7,-370
1536,-13656,8260,-113,103,-295
1672,-13656,8384,-117,77,-154
1720,-13688,8716,-214,9,-30
1600,-13712,8440,-420,55,-26
1816,-12412,8760,-432,-770,97
1872,-13680,8576,-470,-293,-119
1864,-13672,8484,-831,-339,-35
2208,-13372,8532,-806,-167,326
3440,-15764,6804,2026,-1114,-50
2656,-11780,10176,1492,-1521,-215
5216,-14716,5780,-238,305,614
432,-11848,11628,994,-231,-713
2072,-13752,10828,205,-401,-231
2260,-12900,1872,-994,4181,1495
5356,-18508,8352,1124,1278,-1443
-3204,-6200,-2020,-214,4451,1387
2776,-11924,3396,-420,3485,-599
580,-14292,11752,-1062,2737,-1219
-1548,-18080,6412,-784,4584,-4132
3468,-8428,6976,758,-801,123
-472,-9584,-2684,-704,9014,2348
1428,-15492,10636,-349,-583,-1893
2344,-10472,5828,-887,3447,-1125
4056,-15084,9040,-2012,2569,-1171
1152,-10784,6256,-2396,3441,-1101
964,-13656,8792,-3738,1052,-1412
608,-13760,10072,-1422,635,-1006
904,-13324,9772,25,-609,-1493
1232,-14044,7700,-209,-657,-1149
1380,-12524,6888,-824,-1656,-175
2236,-13672,8780,-22,-485,-385
864,-12996,9960,228,-436,-1058
1316,-14368,10472,-611,875,-554
1848,-13508,10168,-303,-652,-153
804,-13520,8336,-879,-47,628
816,-12048,7624,-1139,-215,1491
1336,-13220,8760,-1004,-597,2175
-2488,-13868,12084,-1372,1417,2641
4708,-13912,14560,-1172,-2432,846
3836,-13568,9440,517,-2163,363
5084,-13700,10724,1087,-1137,-1695
3240,-12672,9452,944,540,1057
2804,-13256,8688,561,2329,3806
2200,-13316,8824,796,4065,5478
452,-13520,8936,1667,4005,5378
14668,-32768,22336,-3193,-11066,-15657
6796,-7340,5804,553,1126,-3848
-3096,-15032,14400,-1149,2976,-3913
-11732,-1324,-5172,-2199,10451,4687
2932,3156,3204,-741,2719,-324
4252,504,1432,1499,723,660
-5180,-4664,5876,-186,3703,2609
1116,-4624,9604,-220,-1168,391
-2972,-4552,4760,-867,3751,304
-6716,-12348,15140,37,-2834,1159
588,-13360,9168,218,-299,-1428
1136,-13116,9152,-188,-909,-2133
1252,-13164,9516,-1078,-1020,-1601
1080,-13508,8976,-1413,4,-874
1424,-13384,9056,-1259,-444,-972
1356,-13488,9192,-1382,-391,-967
