876,-7316,14224,888,-411,193
304,-6152,13624,358,353,388
-332,-7204,15472,386,741,1478
-396,-8100,15404,1379,-639,1671
-1384,-7308,15712,3211,-1955,3532
-2176,-5676,14808,950,-4532,5963
-916,-7612,14400,1220,-4872,8750
704,-6572,15816,2442,-7445,10141
6152,-5280,11932,-1677,-2407,14462
2288,-2884,14000,1423,-8096,13469
5404,-988,11408,-6243,-5311,16104
2700,-8016,18656,-471,-9558,10975
916,-3804,10508,-3203,-7744,15374
5184,-8296,14660,-8695,-5018,7269
5924,-8728,13028,1872,-7455,813
8308,-9056,8716,-2428,3598,4630
3016,-8936,11692,-5451,335,-1102
-840,-8016,11136,-10727,1096,429
4460,-13796,10568,-14462,9534,-887
172,-15340,14260,-18729,6369,-10371
2464,-15392,11564,-4744,7164,-11202
3648,-15312,10464,-10883,10378,-18044
600,-14004,8008,-10275,16479,-19935
-1180,-14132,7324,-11255,19272,-13465
-3728,-14316,9128,-11059,15535,-9813
-7092,-13832,11288,-7430,12641,-8191
-6584,-13724,10576,-4758,2855,-2176
-4296,-12032,10264,-2187,-1387,-2514
-3788,-12880,11984,475,-5692,2970
-264,-12372,12148,4218,-6010,10014
660,-13188,5728,7862,-2449,26682
5008,-13204,10364,7762,-6925,25309
5656,-13768,10040,4491,-443,19476
812,-15824,14804,2201,-9220,10469
4908,-15756,10656,263,1285,4042
748,-12580,10936,-640,-2220,76
4796,-16188,9064,-1273,2135,-5239
6784,-15992,8980,-4276,4208,-17617
6780,-15788,7616,-6272,12546,-27477
4648,-10532,9052,-2387,19057,-24309
-10412,-10276,10280,-41,25302,-22836
-5152,-13188,7528,-2214,9897,-9276
-12292,-9460,11440,-873,-240,-4649
120,-12392,8640,-711,-4513,-3149
-5876,-13460,14060,7928,-2528,5101
-328,-18128,15392,8900,-6471,6264
5036,-12764,10700,14698,-7115,259
976,-9588,11472,11655,-3313,2423
1884,-8508,10788,5952,-2214,3933
1772,-9916,12240,5194,-2399,-88
4680,-10672,13304,6827,-373,2851
288,-8000,13392,4904,-1264,350
1884,-8220,12276,2874,-828,-518
3576,-8348,13008,2203,259,1375
1536,-9020,14004,4079,-1056,-216
1388,-6712,12016,2606,-370,610
2424,-7676,13392,258,559,-8
1564,-9728,15408,3056,-619,-69
