708,-10860,12352,89,110,-308
484,-11080,12440,-302,107,-139
560,-10820,12080,-141,-100,175
-16,-11120,12300,96,313,-197
-280,-10732,12876,466,797,186
288,-11360,11976,249,-418,372
-284,-10956,12276,-368,-161,546
-92,-10224,12392,-217,-386,687
-776,-8948,12340,-1433,1411,-779
-2016,-10216,13204,-2250,-275,866
940,-11200,11668,-2020,-278,-358
444,-12492,12392,-969,-1832,-1328
212,-10652,11516,-2184,-873,-546
748,-8500,11680,-2794,-1003,856
1168,-10292,11344,-2216,-1566,-1160
536,-10024,11812,-2634,-751,-564
1640,-11348,9204,-3478,235,-1713
1044,-10924,9944,-4280,-602,-2294
3000,-10600,10656,-2820,-1043,-2559
4424,-11404,11660,-1686,-1478,-4975
4760,-15392,11936,5810,-5016,3953
3676,-12236,11332,6370,-10171,3785
4500,-11568,11600,10318,-11126,9670
4460,-11544,7552,6050,643,1450
1700,-12232,11332,642,8273,-4656
1720,-12212,12076,-2847,7910,-6792
6120,-32768,7548,-25681,20718,-32768
-1460,-12340,13804,-5029,-2500,-2574
-996,-13980,10040,-6273,-1926,-60
-2980,-14700,11368,-8812,-8424,2887
-124,-13860,8072,-6247,-6176,5834
-512,-12112,10064,-4923,-4718,5073
-288,-11224,10668,-1586,-6035,8037
3460,-10036,12880,-568,-3598,11499
8616,-11436,12228,-935,-6061,9623
5380,-11732,10520,2250,-5473,-1680
7932,-11332,11104,3116,-654,-12252
2884,-12332,10864,448,4389,-9359
1432,-13388,9568,335,744,-6907
1212,-13240,7028,663,5196,-5719
656,-15880,7664,-697,9699,-4815
-1044,-15092,8604,1043,1093,96
728,-15088,12688,3930,-1170,4069
2476,-13716,11468,11336,1778,5332
1452,-10460,6956,4100,7601,-277
1172,-10428,10136,-1142,-969,1608
904,-10880,10972,-501,1392,767
1424,-11236,11288,634,319,914
