-1836,-11736,11252,-279,-588,-143
-2056,-11820,11060,20,-925,295
-1388,-11692,11428,-347,-1039,659
-1100,-12224,11292,-221,-1050,189
-1704,-11708,11548,-329,-1135,133
-1420,-11564,11216,-340,-1261,413
-996,-11944,10676,-208,845,66
-1736,-11668,11004,-1119,-1435,603
-1768,-11124,10772,-698,-1098,371
-1604,-10996,11168,-885,-866,475
-2152,-10568,11240,212,767,-430
-1660,-10416,10976,-6,-2470,943
-640,-11144,11588,-19,-1804,882
-788,-11296,11184,920,-2226,734
-1040,-10288,10740,439,-2081,1832
-896,-11164,12000,-274,-2564,706
1032,-11516,11248,-188,-1507,300
-288,-11064,12024,-1900,1150,-1911
-2000,-14892,17828,-1060,-905,-713
3652,-11504,11840,2658,1503,-2042
1560,-9088,13308,-497,3802,-5003
2472,-9112,11428,173,1105,-6861
36,-15792,11864,1613,5501,-5050
1072,-13140,9216,-5163,7240,-8232
-1164,-13256,9980,-1911,-1197,-2704
-872,-12716,9780,-1559,443,-1780
-704,-13604,9880,-1874,2465,-1203
-2048,-13576,10824,-3209,-3955,-229
-2772,-13404,8744,-5368,-3182,2010
-2652,-13344,9960,-3047,-4603,2975
-1136,-13684,8128,-751,-4371,3748
-3216,-13368,9784,-1952,-6324,5168
1320,-11920,9584,-1710,-4959,7613
2512,-11452,11036,-1660,-4437,5405
2360,-9788,12880,63,-6308,3247
4548,-10332,12500,-1177,-1696,552
3684,-9956,13500,-971,2684,-1158
1392,-11404,12152,923,-2330,-3267
748,-11284,10588,802,-3455,-1405
796,-11948,10864,1781,-3564,-118
312,-13292,9944,1959,-2143,-714
256,-12852,8748,2084,7035,-2913
-420,-12420,10972,2488,-910,108
-904,-12296,10280,1542,250,-80
-1020,-13112,11300,893,551,569
1024,-12256,11520,409,690,-1530
-4832,-7828,12880,-6979,5072,889
-20,-12336,11216,986,-1004,2509
1420,-11600,10788,2128,2582,960
