920,-8056,13680,-927,1355,174
-420,-8204,14708,199,263,-180
-540,-7440,14036,-201,88,1002
-300,-7424,14068,-966,27,917
-600,-6748,16464,515,-2237,1649
740,-6560,15176,826,-3537,137
-940,-5648,15528,-1951,-4257,1315
-1960,-6776,17484,-3302,-5128,5425
2460,-5588,12096,-3616,-6064,3156
-784,-1832,9736,-13582,-5221,6610
1820,-11160,15560,-19492,-4050,6052
-180,-6976,10936,-5776,-8875,3081
6024,-10776,10448,-9084,-7403,7376
2476,-7924,8232,-666,-1677,3918
2872,-12544,11876,-3885,-3350,1940
4004,-12908,8728,-6218,1927,144
5816,-17544,7420,-1412,7001,-3285
4380,-16444,9300,5115,7932,-11833
5392,-16952,8296,-2780,14998,-15532
-1228,-13680,9216,-7989,19501,-17144
-2536,-13528,10236,-8631,13549,-12682
-2668,-14768,8608,-7749,17325,-8967
-13028,-8700,10208,-3383,14176,-3469
-7516,-11644,12136,-1344,-3340,505
-4028,-11996,11620,-3142,-3271,3849
-4992,-10348,12436,-2034,-5714,7054
-2008,-10864,12880,3835,-5483,9687
3612,-6268,4648,1398,-5022,19498
2588,-12096,10244,-648,-6156,13256
2920,-12888,11440,-1858,-8640,6194
1016,-12656,10216,-3014,-8799,7319
10820,-15892,4288,-1424,-1232,2347
1480,-12348,8336,-920,-2422,445
5296,-15848,7496,-2854,3844,-7993
6192,-14904,7996,-2387,6083,-14391
4764,-13404,8744,-239,13614,-13218
916,-14328,8620,-5,17572,-17604
-2204,-12448,11524,-1749,17518,-19358
-7728,-11036,11592,-1376,9506,-10493
-7344,-13796,10304,-399,1715,-3801
-6096,-12808,8640,-759,-1824,-1017
96,-13956,11212,1000,-1265,-3435
1916,-13392,7808,4985,-3073,-3305
-748,-14980,11308,13342,-7914,5150
-1624,-8996,5992,19304,-4275,1998
764,-12236,13208,11312,-6270,3801
220,-6680,10092,10120,-4612,5657
4368,-7648,10268,6923,-3251,1946
3708,-8388,12988,5614,-2076,682
