-2408,-10852,8684,-5337,1110,2530
-116,-13236,8504,-8882,-1913,1843
1624,-17612,14504,-3712,-1526,-2031
-1372,-13260,9212,-1445,2113,992
-3292,-13356,9548,-524,-381,294
-1680,-13344,8836,171,-1035,-104
-2556,-13156,9876,-283,-907,129
-2136,-12440,8940,-195,-507,62
-2304,-12368,9760,-1166,-2230,-509
-3868,-13928,10304,-2393,-4525,-1990
-3316,-13328,10964,-1819,-3996,-1324
-796,-12892,8588,-1627,-3745,-945
-832,-12492,9888,-3892,-3371,98
-1132,-13048,9724,-8580,-1503,2326
-5484,-32000,32767,32767,7678,6032
-480,-17704,8380,-11273,1948,4762
-10608,-13452,20496,-19566,-254,2943
-16708,3028,-44,3873,32225,-3446
-3140,-10100,6172,1958,14739,-5781
-24,-11388,5468,2501,9312,-5939
-1560,-14668,9500,1094,9394,-5140
-6376,-13700,7664,-2286,11998,-3098
-1812,-13312,5360,216,6501,-2997
-7112,-12932,7140,41,6574,-1748
-6348,-13960,6600,-337,6340,-2175
-5956,-13820,7020,-1998,4967,-2974
-6828,-13596,6920,-1415,1641,-3234
-7676,-13592,6924,-719,142,-1913
-6432,-9816,4772,-1792,-2039,173
-5092,-12220,6576,-4383,-162,2568
-5924,-11764,9336,-1123,-3853,1765
-6936,-9272,4244,405,-3597,2873
-3468,-9264,5808,478,-2538,3418
-3392,-14656,10380,881,-4165,2932
1260,-14728,11508,951,-4641,1611
1292,-14372,9012,144,-1893,1860
3144,-13304,10040,1527,-1705,-488
-2328,-10104,11252,-3192,-367,-657
-1940,-13864,8652,-1672,4142,6419
-2376,-14816,8184,1060,7751,6683
2536,-4584,-10592,-2477,10311,1271
-684,-13360,7112,-2725,1382,-3422
-2388,-13608,7516,-477,2872,-1102
-2888,-16000,10828,38,3079,-1027
-3600,-15508,10456,45,2271,-2799
-4624,-14180,9760,-283,3707,-3164
-5416,-14416,10116,-310,3800,-2467
-2544,-15344,9844,193,3775,-3319
-5832,-13088,7432,468,2714,-3155
-6940,-11508,4392,1048,2562,-1796
-6236,-12504,6936,62,1314,-516
-7340,-11012,4396,-1078,846,1193
-1520,-16744,3864,813,-724,287
-3796,-13768,8532,406,-1840,-3951
-3132,-13348,8536,-1099,-195,-2352
-3196,-13896,8052,-722,-231,-940
-3016,-13524,8148,-36,-201,23
-3092,-13604,8312,-214,-53,481
-3012,-13588,8320,88,-185,372
-3416,-13532,8328,714,-2,376
-3404,-13396,8628,717,-6,261
-3676,-13272,8536,259,-156,-265
-3216,-13472,8456,-342,-236,-683
-3288,-13524,8400,-897,-295,-744
