-704,-11748,11024,-293,-121,-494
-1164,-12480,11304,-293,-210,129
-1036,-12032,10936,-313,-178,102
-984,-12116,10936,-537,-353,-333
-828,-12020,11164,-711,-798,164
-552,-12160,10736,-344,-926,-226
-1440,-11456,10752,-428,-672,104
-376,-12044,11336,-481,-705,9
-884,-11600,10756,-110,1510,-19
-2012,-11560,10880,-606,-960,99
-848,-11764,10792,-939,-592,-86
-636,-12308,11212,-74,-799,-686
-1096,-11076,9952,-394,-2158,-388
-816,-11276,10556,-1305,-3336,-361
-1752,-11528,8784,-2434,-2704,-1357
-4,-11724,11988,-2852,-4392,-1516
676,-10816,10056,-4925,-4063,-3233
468,-11876,12752,-8114,-3503,-454
1928,-12604,11604,4251,-7563,2970
6416,-11484,14444,2026,3892,-1468
7560,-10460,13576,5108,9325,-9044
1580,-17352,12332,10119,2430,-8559
5140,-15988,5796,-14197,14267,-22229
-9276,-16836,7632,-3068,4062,-2255
-4556,-17452,5300,-1138,-657,4345
-6668,-15596,6364,-4116,-17874,13337
2212,-11304,12480,-4307,-13400,18380
14812,-10736,16784,-262,-16750,18722
12056,-8908,18164,195,-7775,-2059
9644,-4904,12120,303,4741,-16864
-3180,-12768,9364,5671,14713,-19089
-8252,-19896,1784,-239,13243,-3920
-9536,-15548,9688,-7712,10638,4027
4956,-11940,11160,10122,842,11849
2008,-10832,11872,590,5959,3023
2532,-8780,9576,-1239,2135,757
396,-11120,11256,-594,1250,-871
