-436,-3048,15204,-296,-347,100
960,-3760,15848,-52,-833,-95
1032,-3620,15308,-199,13,-311
680,-3440,14920,-217,562,-435
644,-4556,16668,-84,-24,-274
588,-4284,16232,-753,-99,763
928,-3812,15952,-455,-538,219
24,-3848,16216,-1253,-203,790
396,-3368,16368,-1873,-946,1634
92,-2132,16364,-4335,-2836,3330
-860,-196,11532,-12640,-1587,7830
-604,-3408,10132,-25604,1775,11764
-1460,-9532,18508,-18554,-4682,12942
608,-12276,16112,-14446,-1966,5224
2688,-9864,12280,-9255,-7149,3937
3584,-12068,12996,-12821,-6637,4167
4008,-10740,10956,-773,-4030,2874
2552,-10484,6596,-10325,1584,3825
5320,-12856,5072,-12113,1248,-4241
2388,-16552,10368,6552,3756,-4155
4088,-15196,4876,1232,6321,-16607
5452,-18364,8560,-10528,6363,-17625
5012,-13476,3648,-13019,18040,-21510
-2592,-14204,7836,-4087,20480,-13673
-4972,-15120,7932,-1962,17395,-8914
-6212,-14724,11000,-3200,11777,-8407
-5168,-12980,9164,-2842,7301,-3074
-4656,-11084,11204,-980,3641,-2486
-4656,-11968,13304,-854,-1653,-2372
-1180,-10884,10564,968,-478,8521
-1968,-7712,15612,-161,-12807,11866
-8,-11552,11880,2570,-16707,18335
4376,-15572,14424,4141,-5313,22526
9520,-8320,8208,-1200,-9952,3846
9424,-16828,7852,618,-3226,1727
992,-12796,8020,454,-5256,4957
4192,-16676,11088,-1165,577,-8033
7932,-15044,7996,-542,8877,-9907
592,-13792,8088,2492,16480,-15963
3208,-12404,9504,2163,16301,-13287
3180,-12176,8336,-188,16321,-15594
-3268,-12748,12164,-2028,9314,-14328
-7664,-11604,13740,-3598,4940,-10011
-5648,-12228,11732,-3569,-1692,-3745
1048,-12956,8672,-2948,-6,-4885
460,-15968,10820,-1408,-4403,-2765
-948,-16916,11292,17928,-6357,5141
0,-8640,8860,13787,-3801,293
-956,-16416,16368,9558,-9450,2665
2148,-6280,10888,12448,-3746,1893
840,-7836,13432,8519,-6854,3527
960,-8540,14524,12432,-10547,7461
5284,-3460,10504,5633,-6641,3446
