-588,-12208,11560,-105,-575,84
-1108,-12392,11296,-118,-682,-205
-664,-12668,11432,-436,-1732,-56
-708,-12508,10900,-424,-988,-48
-240,-13168,10780,-210,-711,-113
-556,-11940,10156,376,575,49
-776,-11484,10664,-333,-261,301
-380,-11092,10496,-679,-694,-14
-396,-11100,11140,-1126,-1119,-48
-260,-11764,10612,-405,-915,-407
-1812,-11944,10660,-1618,-1521,-238
-460,-11692,11596,-2288,-2171,392
-728,-11520,10252,-2155,-2387,62
464,-11048,9256,-3199,-594,57
880,-12472,10596,-2892,-1341,17
4504,-7028,4936,7156,-6813,4870
4804,-10868,11292,2836,-1511,896
5820,-8868,14300,7169,2126,-2020
4540,-12476,10300,4769,15024,-13384
-6228,-18132,6816,-3141,13730,-12960
-3720,-18040,2832,-4786,-3390,-2518
-5960,-17416,6088,-10419,-5094,3883
-3640,-15700,6820,-13790,-15562,13110
1108,-12120,9924,-16209,-16035,14679
10296,-9556,18488,-4320,-18544,6487
14964,-10976,20812,6689,-5169,-7467
6248,-11628,15776,5286,-6441,-11676
376,-14984,6808,11966,15667,-14464
-11160,-14960,1340,3746,16859,-14015
-4128,-16584,6252,988,15940,-1348
-4524,-15240,10628,1627,-1435,9122
1232,-12584,12460,5380,4753,7979
1828,-11756,11952,6078,1354,5746
400,-11096,9404,2764,2780,1311
-2424,-10416,12240,-1297,1280,749
