-2832,-15156,5040,-173,381,-123
-2984,-15140,5484,544,552,164
-2984,-15232,5332,448,60,77
-2972,-15140,5256,-331,135,-172
-3024,-15012,5528,-505,123,-80
-3256,-14984,5704,-726,-886,-142
-3176,-15024,5496,-635,-563,48
-3256,-15012,5416,-602,-543,-129
-2756,-14984,5808,13,-1365,32
-1624,-16184,8012,1365,-2833,19
-2416,-14772,8156,5507,-3081,-4075
-1880,-14584,7528,4842,-5160,-4860
-3056,-15300,9060,4502,-4264,-1538
-1260,-13912,5928,3953,-4298,-2692
-2644,-14852,7072,2198,-3552,-1859
744,-16016,6096,1358,-1630,-2503
-1464,-15816,6464,-2005,-719,-3528
-1028,-15936,3712,-6686,-87,-4313
-1440,-15392,3096,-10095,-1375,-5741
-3488,-15012,2292,-11743,6061,-1831
-5548,-15616,2876,-11074,11428,3883
-3640,-14496,2012,-14851,14654,9108
-3212,-16064,7480,-10799,11113,5906
-1912,-15696,4048,-6236,6178,4526
-1740,-15188,4508,-3572,2479,3860
-1776,-16424,5512,65,-1719,1343
-1784,-16060,2272,779,-3888,577
-1740,-16144,1276,-1816,-2375,1995
-3016,-15576,2928,-1111,-534,-391
-2688,-17368,7516,1911,-5231,-2979
-496,-16656,3568,5374,-7415,-6423
-1228,-16060,5972,4534,-9063,-6900
-940,-15904,4672,4976,-8096,-8494
-1308,-15200,3240,5196,-5855,-10124
-1892,-15616,704,3046,-3623,-9331
-7432,-15408,3236,1207,580,-2293
-4732,-15756,3684,-71,1676,3416
-828,-16300,4176,572,1538,586
-156,-16284,4156,592,31,-1626
564,-15640,4844,-224,1072,-2048
828,-15284,5136,-312,208,-1972
1136,-15476,4800,-300,-204,-1269
1352,-15864,4468,-448,-94,-609
