-36,-12128,12040,-1010,-109,228
-452,-11976,11480,-673,411,-563
-1756,-11476,10804,-189,118,-672
-828,-11272,10952,-390,-444,-228
-460,-10792,11276,-250,-1008,-589
-1028,-10788,11448,-636,-1305,-124
-300,-10332,10956,922,804,-590
-368,-10868,10716,608,-856,-524
-1088,-12616,10244,-504,-2298,-191
-508,-12892,12224,-540,-2365,1337
-972,-11192,10756,-703,-982,53
1128,-8592,5208,-5047,-2078,-3263
-13964,-32768,32767,4095,-1687,-4461
2792,-9124,9232,966,-3577,1667
3404,-13760,11576,3055,366,659
3320,-10344,12936,2417,2783,-3645
2736,-11132,8576,3221,4374,-6260
0,-11336,10104,11132,-7872,6820
2748,-14012,7324,4406,-4962,6296
1600,-12420,8292,-5243,12359,-9303
-7700,-8172,12988,-9895,14768,-17770
748,-13984,9432,3016,-1999,3109
-280,-12740,11472,-3791,998,-1362
-1084,-12316,10512,-4348,-3656,-209
-1216,-13036,8904,-5247,-2829,-249
-4556,-13548,11752,-8331,-4454,790
-792,-13584,7976,-7921,-4714,3602
1236,-13020,8704,-5255,-4300,6566
824,-12556,8388,-3598,-3285,5143
3264,-10700,13096,-1333,-6352,1736
6356,-10204,10716,2448,-5271,1430
5780,-10704,13040,338,2300,-1708
3468,-11452,12960,373,-2203,-3741
2912,-11536,11048,957,-3949,-3424
2472,-12444,10136,3858,2816,-3217
824,-13100,8316,1940,3956,-2590
460,-14916,9192,1380,1390,-2802
-1732,-14948,10504,1193,2801,-3237
-1676,-14828,9056,4538,5510,590
-2240,-16096,13044,1371,-298,394
64,-13996,10664,6559,1729,5077
-792,-11536,8988,5457,8663,4476
-1404,-10092,11256,-2165,-290,1620
