-2776,-13780,7936,-646,-43,-228
-2676,-13964,8188,-502,-70,-324
-2728,-13880,8024,-364,-58,-216
-2836,-14056,8168,-438,-180,-330
-2452,-13688,7784,-583,-178,-405
-2588,-14044,8208,-394,-110,-376
-2840,-13640,8172,-588,-240,-231
-2932,-14004,8132,-803,-287,-452
-2412,-13776,7884,-844,-7,-266
-2472,-14020,7668,-622,-37,-560
-2796,-14172,7956,-630,-362,-790
-2296,-13788,8188,-1168,-712,-633
-2224,-14056,7892,-1241,-385,-203
-2680,-13904,7820,-1688,-405,-508
-1964,-13744,7804,-4842,34,850
-2768,-14172,8428,-5770,-432,650
-2136,-14132,7024,-6670,-1007,864
-2044,-11772,7900,-12003,-3984,2417
-3340,-15884,6984,-11553,-5566,4100
-10136,-13976,11228,-18464,-19520,354
-8484,-26840,16396,-2559,-1223,4551
-3628,-13156,3744,1931,8050,-953
-4012,-12328,-1108,2189,5100,-2464
1224,-24064,17336,1831,-2180,-3560
-2396,-13292,2772,3104,2592,-1690
-4688,-14440,5380,2163,5931,-1998
-2668,-17460,9080,264,2955,-4189
-5640,-14748,9396,-291,4730,-3295
-4612,-13760,5980,1758,3796,-2223
-4148,-15540,7048,189,1580,-1796
-4560,-16500,8856,-5077,-1140,-2706
-2488,-15256,7252,-3573,1269,-1884
-4140,-12476,7440,-608,-1516,-2890
-3084,-12768,6040,168,-2015,-1966
-2976,-12224,3868,-5083,-1450,1093
-2080,-15236,9144,-155,-2133,-554
-136,-17200,11376,2769,-2544,-3064
-964,-17836,10408,-2246,-573,49
-1972,-15060,8020,-1316,-812,203
-1048,-13896,6328,-182,-315,963
-564,-15216,8860,-1070,-2119,3
-396,-14460,6476,-671,-976,1249
-60,-13204,4732,474,-640,994
-180,-13052,1672,-196,1714,712
8372,-16020,3968,-3967,-6325,-6136
-420,-14760,5976,-4038,-374,277
-1028,-15072,5316,-1657,168,3579
-1852,-15460,5764,518,967,3607
-616,-14708,5220,1619,3555,5760
-1288,-15224,6336,688,4354,4710
-8800,-19156,14612,-3921,-418,-994
-3496,-13532,2844,-1241,5335,1728
-4184,-15272,5712,486,3901,317
-1052,-17472,8192,802,955,-850
-2296,-13116,2640,1693,1791,430
-2856,-17080,10180,-703,495,-637
-2128,-17584,9816,-225,710,-2757
-2584,-15284,6884,34,1688,-1944
-4776,-14064,6392,432,2325,-973
-3520,-14184,5436,2036,1079,-949
-3828,-13784,5772,-86,3263,-681
-3460,-17148,8064,-662,1544,-2287
-4236,-14088,4952,-15,1770,-741
-6968,-11856,2736,47,2869,1164
-11604,-13016,8484,-633,686,4400
-3880,-14640,6320,-706,477,-2252
-2624,-14480,6212,-1803,244,-1062
-3060,-14900,5904,-1851,241,176
-3380,-15040,5772,-178,161,27
-3168,-14960,5800,1025,-125,-277
-2920,-14668,6212,931,184,-58
-2968,-14612,6468,518,-77,-129
-3240,-14476,6376,258,30,-172
-3128,-14596,6184,-81,293,-56
-3308,-14592,6336,-475,216,-303
-3004,-14968,6112,-559,128,-395
-3252,-14724,6216,-356,-53,-376
-2504,-14800,5716,31,20,-51
-3232,-14644,6496,28,70,-65
-3272,-14684,6488,-474,-78,-216
