-1248,14656,6492,-231,-64,-348
-1568,14752,6860,-223,247,-490
-1468,14632,5924,-241,104,-247
-1560,15076,6904,-395,-491,181
-4320,20368,14812,-8330,-2494,-2302
12224,23456,9928,-4081,6471,-6163
-2840,15156,13644,-19442,-6034,2212
164,9648,11068,-16050,2841,6575
-1712,8028,11464,-6168,1486,10073
-2112,8776,11644,1326,867,9359
-2508,8636,11996,-1234,-5107,9691
-3792,2420,16592,1882,-15039,-2229
2636,13516,8880,3418,-8885,-4914
1736,14332,6588,3757,-7997,-3453
408,9400,7544,9698,-5464,-2409
256,13672,8632,5867,-3705,-2492
-1160,12368,7228,3943,79,-1528
-1816,15032,9956,7082,1262,-3177
-3796,11948,5504,12929,4511,-13100
-724,17468,5528,1582,-5973,-1488
-5760,14584,6448,964,-7139,-10924
-1664,19732,1860,40,-2903,-18427
-2152,16928,2036,3077,8162,-10289
-324,20888,7564,2675,19901,7609
2528,15588,-920,4214,10343,5004
4412,17040,3080,2587,3674,3489
6668,16216,5648,3335,1011,-524
6908,15168,6040,2361,-3043,-3014
4224,14772,8164,1006,-1650,-2011
4424,15080,6652,1214,1709,-1286
2452,16220,6984,-249,7399,1473
-2356,17056,8480,-3168,8867,3292
-4240,15472,9064,-5499,9822,6444
-6988,14884,7332,-7974,10734,13350
-7832,13028,2372,-8171,6875,14072
-8044,11780,5464,-3312,6393,3055
-10856,22328,4272,432,-3441,-1724
-5772,18392,4952,-6385,-4102,11299
-5336,15844,3244,687,-15074,-5041
-396,23192,11872,1795,-3960,-9100
1228,22352,8920,127,-8897,-3112
-2460,12820,1712,1959,5673,-7745
-372,15324,7636,-1482,-5561,-3433
-8160,8752,10476,1416,-13507,-12240
2984,16824,10580,873,-6480,-5622
5424,14468,8852,593,415,-206
5124,13460,9036,-348,4421,538
1504,12768,8544,-979,2220,23
-2204,14236,7076,725,106,-2586
-3256,15340,6072,1840,2641,-2360
-2552,14976,6176,222,-2113,-126
-1824,15032,6000,-1291,-3853,-131
-304,14008,5976,-1953,-2529,-984
