680,10380,12384,118,392,622
-720,10168,12384,376,126,401
-728,9880,12176,-102,-429,127
376,9692,12448,67,81,-182
1264,9632,12436,402,-181,422
84,9600,12684,187,167,-11
660,9272,12300,991,786,64
1408,9900,12268,-1300,1874,50
672,7604,12468,-1216,3354,-2240
-2284,7776,12700,5618,3479,1493
-1004,10184,13248,2311,2455,131
1240,7892,9696,5757,1713,-792
52,14324,13532,9034,747,-2404
-1344,12668,12952,5647,-2044,-1741
3328,13028,9864,5323,-623,1663
400,13260,10624,5436,828,856
-672,12720,8580,4782,576,3275
-1712,9532,8316,3558,792,-1314
-3536,10972,8128,6438,5184,-1348
-3340,12216,7396,7381,2924,-1407
-4360,12556,6656,10799,-64,-1730
-1848,25880,12304,3061,825,-2992
-6064,14076,7044,-1040,-4259,-3478
-4960,14884,5576,-646,-385,-4506
-2060,15892,4516,-621,4750,-4572
-3004,15788,6856,-2544,4538,-2118
-1900,16752,5860,-720,5220,823
1120,19604,5228,31,5008,2699
-4104,15844,12308,1420,-697,-1211
2232,18028,11396,910,-2924,13
876,15156,9380,1988,-3238,-1668
196,15004,6236,1945,-607,-611
712,14876,8688,3512,1489,-1355
-716,14904,7548,4536,195,-2102
-808,14884,7484,3640,-2062,-2067
-612,15000,6740,3287,-2852,-1312
-1168,14516,6724,1748,-2614,582
1332,14568,6060,1734,-51,14
816,17500,6732,1396,2111,1172
-3000,15016,7024,-2105,-320,5733
-1672,12552,6124,-3468,2202,7703
-1356,12020,7672,-3678,1823,4793
-2080,14324,9548,-3591,2833,4732
-420,13892,7976,-5974,-1196,8873
316,12968,4800,-2935,2187,2475
-2716,15904,8584,-2205,2694,1740
384,15980,6660,-1820,2163,7253
100,12816,6652,-2704,1116,6341
-1040,13588,7784,-1790,3421,5098
-1404,15564,6696,-467,3124,5354
-3204,13452,6876,-239,2576,2713
-3120,16056,7320,-60,1513,824
-4924,14556,5568,285,-124,241
-1132,15104,5708,51,677,1630
580,14036,5748,-1472,525,3295
228,14516,5984,-2741,1817,3536
-6172,13172,-600,1687,5651,-3150
-2704,14684,6428,493,705,-2886
-2588,14128,5400,1713,2275,-3883
-2204,14716,7232,1602,-695,-3468
-152,13924,4948,418,-828,-3496
1220,18144,10016,-806,-4879,-2959
1120,13932,5364,1174,-1549,-4458
-2596,13780,11840,2302,-2122,-5767
3688,18600,8540,1248,-2978,-3135
1208,15088,4888,813,-2728,-3364
488,13476,6496,2310,59,-4259
3704,16380,6696,1490,-2396,-5070
3936,17964,5496,2748,-3492,-3538
-2732,12004,5240,862,-1339,-3965
-2968,11448,2264,104,-869,-4418
-5200,10560,1776,-929,1132,-4356
-768,9556,3452,1509,3311,-1654
1100,15664,5860,277,-1546,-753
-1564,14868,8744,-1075,-1112,-192
1348,18592,9608,-2172,-999,1017
-932,14204,7212,-893,-618,385
-1744,14700,6372,-220,10,-1590
-3644,16304,7044,-3128,-327,-3220
-2872,14692,6300,-7594,-3229,-3713
-3348,14224,7024,-6245,-3266,-3318
-1332,13420,8140,-8756,-2773,-510
-1348,13448,8484,-7075,-1849,-543
-2672,13056,9468,-7039,-3583,819
-2092,12096,8584,-7088,-4049,1092
-2232,11452,9068,-3925,-3004,1434
