-2340,-14008,8244,666,-426,113
-1992,-13820,8092,971,-251,-19
-2344,-13668,8500,669,-251,77
-2172,-13864,8532,-72,-312,-104
-2060,-13528,8252,-625,-274,-741
-2032,-13896,8544,-270,-513,-1231
-1780,-13716,8388,145,-338,-745
-1984,-13812,8500,367,-466,-349
-2220,-13496,8468,-175,-556,49
-2212,-14104,8968,-287,-454,-144
-2124,-13532,8556,-1076,-454,-356
-1880,-14308,8764,-1227,-769,-913
-1600,-13516,8516,-1656,-788,-390
-1712,-13608,8380,-2410,-1143,118
-1792,-14140,8068,-3021,-1002,735
-1388,-13644,8176,-3615,-764,1846
-1792,-14500,7372,-4363,-357,3199
-2260,-14052,7656,-4252,167,2372
-2292,-14040,7156,-4614,-588,1408
-29936,-29320,32767,-14332,-23331,-33
-32768,-10180,13332,-5554,32767,18906
-32768,-5316,7848,2092,32767,13682
-19752,-10928,14332,-6644,-12128,5939
13008,-19240,5384,3885,3437,-3853
-8068,-2124,-11372,1410,7427,328
-4736,-12032,1852,888,6479,-2656
-3856,-15088,8420,-24,5400,-3749
-3200,-15524,8964,-1202,5623,-4738
-3568,-13076,4532,793,3622,-1798
-1668,-17208,12236,-3224,1863,-6234
-2884,-14628,8116,-2826,3733,-4170
-5048,-12056,10420,-2415,2234,-3653
-4688,-15024,9236,908,538,-3256
-2972,-15024,8992,-2775,1299,-3160
-3884,-12496,6272,-4069,-1139,-3085
-2760,-14696,7168,-5753,675,705
-5964,-13680,7376,-2935,-1295,88
-2088,-12176,3332,-3149,-3286,956
-2236,-14436,9828,-1512,-2888,1268
-2156,-13688,7972,313,-1311,470
-116,-14680,7624,-813,-1531,1739
872,-14252,7812,-1838,-1962,1797
1380,-13396,7252,76,-2246,599
2972,-13676,6288,-364,-1775,-500
2596,-14872,8576,-826,-226,-466
800,-14136,6548,-428,910,1861
1024,-14464,6660,878,4403,6923
12776,-28040,21380,-3667,-5421,-6529
1856,-14584,5528,-1364,-628,-2292
-980,-13460,4700,-1575,1359,-453
-580,-15564,7260,-915,1135,-1641
-2196,-13612,5100,-377,2799,113
-1380,-14720,6116,-627,2595,-999
-2920,-14864,8920,-78,1956,-1809
-2436,-15336,7476,-470,2826,-1846
-3520,-14172,7296,-1105,2891,-2247
-3712,-15372,8012,33,1648,-298
-3320,-14236,5968,1353,-697,1259
-4616,-11040,4064,1857,514,926
-4260,-14440,8388,939,39,-35
-2536,-14364,7300,-170,741,-2954
-2108,-14432,7440,-981,836,-2914
-1624,-14424,7092,-1794,-230,-1368
-1432,-14668,6692,-2157,-169,-120
-1932,-14784,6240,-682,296,392
-1864,-14952,6660,445,27,-92
-1352,-14808,6328,874,170,-246
-1588,-14704,7296,1037,234,-384
-1700,-14356,7300,-161,146,235
-2036,-14468,6944,-463,12,670
-2000,-14712,7036,-751,-193,-417
-1716,-14652,6800,-731,18,-730
-1840,-14592,6860,-1107,39,-319
