112,14976,6904,-169,-235,59
48,14664,6512,-202,166,-448
240,14268,6468,-598,-521,-479
-216,14940,6964,-522,-330,-263
652,14744,8084,-978,254,-972
3020,13620,7476,-1641,-208,-5848
852,17984,13916,-1983,3098,-342
5808,14656,9328,-7921,-834,6507
3476,13056,9640,-7395,-1656,5986
1508,12232,9164,-5833,-756,8180
196,8820,9988,-4030,-745,7640
-4652,14148,7796,-5130,-18133,-4808
-2660,13008,9356,-5264,-9661,-5698
-3344,14116,8436,444,-5874,-6093
-1452,17592,9544,-2056,-7605,-5444
-2032,12164,8188,2078,-2874,-3245
-1652,12064,6152,7026,941,-7942
-2876,13344,3584,10693,837,-12455
-1264,32767,32767,-4311,-6938,-2448
-10948,3360,4540,234,-2410,-15060
1720,18384,-152,1080,2305,-3441
-1176,11216,308,1854,17057,3376
3556,17252,-2544,-1834,18262,11956
3380,12140,8720,-2638,8321,5976
10240,16528,6828,-2144,3131,6012
8536,15336,9688,-313,117,392
5736,13668,9492,-718,619,-1445
5524,15864,11356,-1846,-171,6295
2920,10972,9884,-4322,73,6673
-9288,11844,11588,-2949,3641,-3637
-13712,18008,13948,-2465,-753,2363
-5984,12728,716,-1173,3279,2223
-5800,17296,5152,251,3960,9626
-1036,14268,6236,-1661,-2970,12221
-2324,15356,6008,1411,10050,-8276
-9260,14512,5804,-4167,-2205,-3225
1364,13988,5540,-1085,-1903,833
9096,25032,10856,-3774,-4228,2848
7696,9648,-3896,-6861,-9137,4261
888,17532,29020,2877,-2330,-7725
-80,12272,11124,402,384,-2979
1456,13488,9752,-1627,684,153
296,13968,8644,-75,2228,-2927
-776,14480,8712,-189,-447,-2266
