760,-3920,16164,32,-2196,824
1076,-2756,16068,-165,-3399,2145
624,-2576,13056,2873,-4801,4049
-1612,-1760,15652,-348,-4989,8941
456,-860,14976,-3446,-6724,11022
3608,-3488,16196,-1135,-6581,14235
4252,-4520,14384,-6067,-3504,13155
5040,-2484,9500,-15565,64,13674
7452,-5672,11500,-23672,2224,6859
4116,-9140,13616,-16087,-2194,2507
2716,-8616,13144,-8178,-2182,844
1748,-10016,16544,-835,-8498,-2839
1464,-9848,12052,-5441,-1346,2010
3196,-8756,9684,-7726,952,864
4372,-10648,8404,-10928,2533,-2101
7488,-10040,-620,-20077,10119,-8582
8048,-22320,11312,2016,14523,-8832
804,-17248,7864,-4519,13906,-12471
-4380,-13324,12488,-9401,14309,-9718
-752,-11636,7964,-7826,7032,-2450
-2712,-14928,11016,-5751,12267,-512
-5296,-12488,7940,-3748,4412,-2118
-6300,-10760,9444,1297,3444,1660
-5752,-11536,10628,4533,4299,2455
-3928,-12008,11828,2457,-525,1586
-2976,-10940,12012,240,-3514,5991
-12968,-9800,23380,1918,-11686,10994
6096,-11792,9408,381,-6944,12006
3348,-13600,13984,-1792,-8479,4979
6088,-12836,11732,-133,-5272,13
4044,-17700,15936,412,-8782,-1197
2276,-13680,5676,3592,-1715,4411
5744,-13516,7160,4052,3950,-1446
1844,-15216,11404,2264,5777,-8490
3672,-12600,8172,172,11135,-13469
2852,-12604,10216,2255,13470,-9658
1520,-11600,10564,2620,12863,-12576
-7616,-8428,11024,2183,11401,-9328
-4640,-11300,12120,-529,6095,-8592
-7472,-10568,11836,-1653,2135,-8590
-7168,-11176,11600,-1097,2931,-3766
-4892,-11168,11728,-1083,1156,-1689
-724,-12144,11132,-979,949,-4545
-1808,-12452,14792,7426,3403,-7755
-3016,-10496,10068,8286,-3455,1910
-3220,-13056,16216,8443,-5696,6285
-3312,-10792,15464,13045,-6641,9631
-4504,-5808,10792,12817,-9574,14923
712,-7056,14692,5334,-9736,11380
2884,-9036,15364,9829,-9201,4579
-948,-5004,11212,6672,-6114,6785
2648,-6848,13548,6641,-8163,7786
4964,-7260,11880,8768,-7030,4236
4268,-5056,8788,10893,-1401,4378
1144,132,5732,-3693,9276,4507
-1452,-11660,20944,-10299,4798,2598
3768,-11412,21324,2614,-1058,-1775
2168,-4036,14264,6337,1124,-4961
