1656,-4632,14784,-2278,1460,1355
1792,-4708,13768,-2084,811,1787
-132,-4720,15708,-3004,-632,1749
776,-4820,15364,-506,619,2581
372,-2640,12916,253,-193,4437
2080,-3496,14796,-2609,450,2993
1012,-4624,10724,-7651,2891,2832
-828,-6420,12636,-10335,3388,3701
624,-10708,16564,-8213,3173,922
1212,-8244,16088,2506,-1004,-677
-368,-8444,17052,-1808,330,142
268,-8528,15776,-2915,-425,1075
-200,-7240,14920,1496,79,1324
-2552,-7436,14696,1445,355,1662
-728,-5768,12552,-3001,589,680
-1716,-9108,16884,-1326,1476,1057
-1964,-5352,13196,-2164,680,1973
-748,-7284,13400,-8877,2497,2184
-4284,-6860,13932,-7173,1136,2425
476,-8184,13300,-6360,934,1492
160,-9788,12544,-2328,-4098,-2331
1044,-10608,13508,-3446,-1641,-7679
3540,-12416,13420,-4889,4879,-14756
1072,-12744,10380,-6420,6736,-26298
-2060,-11092,11872,-5630,12024,-19574
-508,-11376,9164,-5202,11899,-17203
-3344,-14736,13724,-7850,10872,-11562
-2216,-10472,10680,-8521,8739,-6496
-1564,-12944,9152,-5636,8888,-3111
-2092,-12024,11952,-3339,1589,1686
-2944,-12408,12724,-5197,-2723,589
-4844,-9840,11420,-1081,-6255,6488
8780,-9316,9176,5533,-6151,9129
252,-11448,14856,-1942,-4380,7780
1012,-9252,7424,-3226,-4990,16792
1320,-10316,9904,2402,-14007,22371
6528,-12740,13216,6027,2874,13827
6840,-14484,7752,-1460,-2099,8232
3724,-14720,10828,-2160,-1075,171
1032,-12088,8916,-449,-4632,3215
6156,-13164,2764,2116,9582,-7269
4564,-15212,10688,-1841,3372,-12534
5204,-11904,5996,-2415,10740,-20050
3648,-12780,9860,-1121,15196,-15770
-1532,-14028,10888,-1991,17090,-19253
-3788,-12144,9496,-2385,13516,-18055
-6736,-13060,10528,-1237,9359,-12826
884,-13084,8892,-1456,4482,-3313
-5996,-12716,11704,-1520,3224,-5647
-3220,-11784,14156,-1509,-2880,-2907
3052,-14976,7860,12285,-9006,2400
-212,-22992,25048,31292,-8902,7158
-1192,-7732,10404,29998,-3660,4780
2016,-488,6844,15465,-1738,7632
