5104,-2952,14556,-4603,-4114,4880
7148,-2468,13880,-8990,-1548,8321
7864,-4120,15220,-10923,-1918,8126
4192,-6044,15336,-6791,1967,7983
6476,-4688,12056,-6866,-3007,3080
1392,-7992,15692,-12238,1077,4788
3316,-6060,11216,-8985,4809,6499
808,-6236,10168,-6936,5914,5823
2612,-10872,10104,-15401,7533,5039
5544,-10852,5756,-4706,5670,-360
6612,-13372,7536,-17546,7827,-7125
10992,-16500,576,5459,7734,-6241
5624,-14852,7572,-3493,7331,-13475
664,-15308,12560,-10347,11911,-19269
-5908,-9988,12836,-4484,13547,-9186
-4560,-15412,11108,-2755,9187,-5796
-4160,-13708,10840,-983,5834,-3898
-7648,-10800,11396,-1972,5555,865
-3868,-11804,12000,167,1847,5482
-6364,-11168,14124,-1241,-3250,4961
-4108,-10496,13172,-318,-3051,10780
-2064,-7600,17976,-2293,-9590,18091
4940,-12256,14168,420,-9978,11997
3872,-14720,14368,239,-3631,7041
4392,-18460,18588,404,-3082,3339
2448,-11588,6960,-104,-2428,3420
-2772,-11012,8952,-1169,2218,-577
-1752,-16784,11816,326,3418,-6649
9296,-12708,10184,4285,8791,-13556
-504,-12948,12384,9007,18286,-8388
-4420,-11484,12196,5555,11430,-15230
-9980,-6804,13284,-984,1487,-10044
-6888,-9560,12516,-1798,-129,-7921
-6008,-10700,12580,-1993,-927,-7205
-3512,-12592,13864,7,636,-6314
-5624,-10960,16268,6318,472,-6885
-5264,-13068,14920,25027,-445,4575
-3892,-8288,14292,25698,-5334,7384
-620,-5300,12112,21097,-9557,11153
-88,-4476,14176,11124,-6053,6684
448,-4188,16572,6458,-8627,3840
336,-1832,15288,8371,-9484,7106
2940,-412,12244,-1433,-6785,11707
3592,-5612,11932,-10024,-3101,12424
5168,-5464,11960,-1743,-1404,7751
6228,-6492,10336,-2352,7466,7466
-868,-13000,24512,-9350,7681,-3051
