-1968,-14532,7080,-494,-227,167
-2192,-14680,6640,-985,-139,-92
-1860,-14784,6920,-173,-212,-715
-1740,-14860,6948,-488,-565,-496
-1692,-14576,6860,-1178,-176,-81
-1540,-14516,7000,-2940,-1181,204
-1748,-14680,6596,-4504,-1048,1412
-2264,-14804,6700,-7284,-1689,1031
-1656,-15036,5348,-7671,-2861,909
-1644,-15724,6528,-8891,-2935,2320
-32,-11172,-192,-25311,-8754,5041
-17564,-9980,8216,-13905,10370,8123
-3508,-32476,21296,2657,-9349,-4885
2552,-20544,5828,4188,-860,-2971
-1164,-9160,-764,2736,2047,-1295
800,-24364,16500,3555,4167,-1881
-1692,-12164,636,6980,3858,-2487
-2936,-14124,5824,4465,6489,-1813
-2188,-11484,1700,2654,7480,-1162
-2616,-14584,6276,747,4993,-1932
-3120,-13996,6140,-130,5390,-1677
-3292,-15068,5060,-790,3501,-1551
-3692,-13828,6360,-4836,2585,-2041
-3796,-15532,6212,-2828,2159,-1652
-2992,-15128,7316,3747,231,-3017
-3380,-13760,5472,936,1709,-1904
-4052,-10088,1884,-5993,1427,627
-3184,-13944,6636,40,-717,63
-3804,-13668,5552,5649,-2298,-2071
-180,-14652,6292,11344,-2223,-5453
-204,-12860,6948,9638,1968,-2320
532,-16600,12064,14331,1104,-6897
-1792,-7768,5864,21175,5639,-5501
-2704,-8844,8828,5779,3575,3653
-660,-11992,12200,596,1184,2684
2236,-13564,12112,3080,2,-1574
4816,-18920,19532,2476,-3267,-6112
484,-11276,11300,-331,123,-3447
-96,-10960,11260,-948,1591,709
-28,-12276,10800,-225,2108,2409
-1140,-11476,11568,1692,7010,5062
-960,-10044,12512,-1763,8845,9796
-792,-17264,15596,-5816,2488,-29
-2496,-11696,9580,917,713,882
-3628,-9636,4560,-329,3421,609
-100,-11404,9672,-20,1064,-471
-608,-7868,6868,-2169,4041,-329
-1012,-9556,11108,-1577,862,-2508
-3272,-11456,10796,-740,1088,-2752
-4776,-9312,10548,343,3875,-2548
-3168,-10268,4832,128,5985,-3739
-6264,-10976,5492,-115,3338,-1550
-9424,-7568,7180,-216,541,1850
-112,-12236,6524,2090,-2474,3163
-3208,-11288,10816,394,-3270,-3176
-2224,-10752,11236,-1457,-111,-1880
-1700,-13108,8780,-119,2617,-827
-2696,-12100,10440,-640,-15,-227
-2892,-11740,11112,259,65,7
-2840,-11624,11100,35,-192,-68
-2692,-11676,10964,862,-346,-248
-2616,-11604,11508,1661,-623,-486
-2540,-11092,11108,-10,-260,-268
-2868,-11692,11248,-455,-385,-516
-2484,-11296,10864,-368,-221,-352
-2916,-11452,11212,-300,46,-186
-2440,-11312,11232,12,-60,-320
-2516,-11300,11212,291,241,-250
-2580,-10904,11760,-149,127,-188
