2656,-8888,13060,-38,96,-257
2756,-8856,13220,-215,-96,-209
2632,-8868,13476,-370,31,-183
2600,-8988,13148,-401,59,-155
2404,-8948,13304,-585,162,-180
2492,-8872,13164,-676,-16,-187
2484,-8964,13196,-607,-146,-312
2436,-9000,13060,-610,-197,-332
2516,-8980,13228,-665,-151,-106
2580,-8924,13776,-980,-610,28
3156,-8944,12848,-1989,-1409,345
2732,-9032,13456,-2549,-1755,802
2980,-9228,12552,-2274,-997,1078
2700,-9372,13140,-2220,-857,896
3120,-9480,12712,-3301,-631,1097
3684,-9452,12216,-3383,951,2053
2772,-8544,13780,2894,-654,-462
2728,-9228,12788,4485,184,-1839
4632,-10360,13204,965,2058,-1054
4036,-9444,9980,-960,2967,-1401
5244,-9044,7152,-1921,2866,-2563
636,-8600,10436,-1681,3332,-1758
4772,-10180,11088,-1640,1644,-1951
1756,-8276,8384,-1093,4525,-1412
2524,-10856,10332,-2171,3196,-1326
876,-12032,11808,-3347,2050,-2287
-288,-10152,11956,-4757,1046,-2536
244,-10988,12468,-4682,702,-735
808,-10380,12124,-4578,-1377,374
-28,-11320,12768,-4483,-3899,124
880,-11204,11412,-3677,-2526,397
504,-12136,13136,-2276,-2783,1390
1280,-10940,11760,-3407,-1924,1536
1668,-10288,11568,-3277,-910,2256
1208,-11264,12132,-2692,-1881,3274
1180,-11040,9900,-2334,-1806,5789
2720,-11740,11348,-844,-1086,5631
2084,-12312,10608,699,-1268,3201
2128,-10308,11348,2228,-2730,3736
5452,-11876,10648,2213,-1984,1661
10460,-10632,7400,1784,678,-2476
3768,-11320,10436,1633,4875,2990
2192,-11520,10920,1887,6698,4196
952,-12748,11276,625,2819,-5448
2416,-11984,11904,-473,3309,-6794
104,-11288,12308,-1535,3674,-1908
1072,-11148,11748,-1893,4438,-2290
368,-11960,12316,-1347,2498,-3680
116,-10844,11080,-559,3075,-2696
-1048,-11880,10800,-694,2717,-2385
-1184,-10812,11716,402,860,-2465
-4584,-13116,12688,1129,-90,500
-276,-10908,12752,3182,90,-419
1092,-10884,11988,1143,-1345,-2201
812,-10656,12684,-218,-1005,-2525
