-964,-10228,12104,-1390,604,541
-832,-10328,11772,-542,197,66
-884,-10692,11840,-1188,-74,-145
-1304,-11224,12048,-972,-218,97
-1132,-11124,11204,-816,-41,153
-1408,-10852,11568,-1142,94,-175
-884,-11272,12440,-1547,65,418
-1912,-11400,10744,-1815,166,613
-2876,-11176,10100,-4549,-1171,1697
-1552,-10492,9116,-7807,-5942,3404
-1184,-9928,9500,-9451,-9067,-217
128,-10704,10888,-9285,-9357,-2893
328,-11660,15836,2345,-4946,3493
5448,-10028,13892,4987,-580,-911
7428,-11164,13056,6984,9087,-9876
3744,-16956,13992,1649,14561,-18455
-1136,-19004,7772,-2635,13403,-15039
-940,-18872,3808,-2700,-5539,-1597
-4952,-17484,6512,-8084,-5253,3720
-1896,-13784,7776,-5531,-19958,14332
7084,-10820,9908,-5938,-10136,15395
12332,-5404,15096,-3969,-7406,3801
13548,-8572,17624,-3545,-3223,-676
8640,-10468,15580,7513,4039,-17392
-7544,-9852,6348,9965,25449,-19844
-8184,-23328,10220,4720,8434,1145
-1976,-15520,11684,662,-4246,5364
-1344,-14300,15760,5691,4753,5294
-168,-10012,9040,6054,4821,6731
620,-9532,10476,908,4046,3223
-1460,-10380,14952,-2020,-1484,1266
196,-9600,10912,391,1563,796
-2868,-9920,11916,-1226,1355,276
