-2908,-14068,7456,-288,-16,-261
-3088,-14128,7384,-449,205,-177
-2784,-13912,7240,-493,61,-197
-3092,-14108,7604,-214,38,-233
-3072,-14300,7760,-231,16,-216
-2920,-14036,7536,-423,-27,-212
-3028,-14296,7476,86,-293,-642
-2956,-14052,7536,973,-189,-753
-2844,-13900,7740,541,-23,-118
-3104,-14708,7388,1425,16,-108
-2796,-13900,8036,1105,-690,-895
-2492,-14056,7544,1622,-691,-934
-2856,-14136,8300,359,-572,-1045
-2556,-13880,8216,-475,-821,-861
-2472,-13628,8360,1136,-652,-360
-3216,-13672,8352,1321,-551,-241
-2588,-13564,8516,-730,-1658,-1218
-2068,-13844,8056,-1832,-540,-828
-2588,-13832,8712,-3303,-694,-998
-1436,-13904,7288,-5268,23,225
-2188,-14320,7920,-3836,-506,-300
-1620,-14260,7144,-4826,2,708
-2332,-13604,7292,-8668,-86,997
-4044,-15084,8028,-15971,-2233,2317
-3264,-17124,9312,-11551,-1676,4828
-32768,-32768,32767,-26440,5469,4741
-18964,21104,-30632,-16236,20806,16230
-26860,-18744,27404,-6842,5538,8216
3636,-17288,7264,3263,10412,-1094
-3640,-15680,1712,5190,8210,-2223
-2592,-16632,10360,3806,9358,-5048
-4888,-15296,7808,3817,7924,-4329
-3184,-15188,6788,2284,6814,-3866
-4760,-13812,6976,1870,7579,-3588
-5248,-13456,7544,-2836,5920,-4652
-5200,-13636,6400,-3774,3634,-4243
-5388,-12244,6128,-1319,1086,-6294
-4480,-16056,11576,-6193,1593,-2788
-7240,-10828,5304,-9746,-838,382
-3764,-16384,12240,-2290,-7376,-720
-1448,-16468,8772,2896,-6717,438
-1492,-15376,8432,-1631,-3732,3983
-20,-16208,6996,-5776,-543,5994
3328,-15520,7256,606,-5833,1529
4848,-16204,8848,1837,-3223,-2278
604,-15000,5604,-4518,2868,1533
112,-14880,4584,-4565,3451,7600
-3152,-16620,6124,-103,499,6974
1504,-32768,14376,-2348,-3136,154
1416,-15240,6492,2933,2184,-1117
1728,-14676,7480,341,3481,-2334
-896,-14408,4976,226,1829,-1819
-1344,-16784,7312,385,2089,-3274
1704,-14440,6300,-335,4702,-2245
-7100,-15044,9828,820,4785,1248
-968,-17368,7780,3839,-664,-3159
-4960,-12180,5160,1886,1990,-3073
-11524,-12804,7228,2896,1781,1017
-6008,-17064,6384,4871,-7248,1079
-3908,-13856,8108,490,-160,-3683
-2700,-13656,7576,-2939,865,-3383
-2828,-14132,7444,-5223,1059,-2271
-2068,-14444,6228,-4883,284,-227
-2312,-14868,6164,-1383,337,317
-2604,-14748,6412,1252,221,304
-2876,-14652,6652,2976,-22,99
-2740,-14200,6984,3118,-237,256
-3112,-14196,7468,1355,-95,395
-2720,-14260,7372,152,118,-255
