-616,14884,7288,-970,-909,-518
-1548,14496,6880,-1185,-1796,-573
-688,14484,6776,-597,-761,-826
-1024,15024,7248,-1183,-1127,-804
-1916,15496,7768,-2668,-2153,-352
-3360,16236,12040,-6405,-7019,-1218
-1952,3700,11780,-16870,-15792,-13924
6744,16092,9260,-26739,-16811,-8873
5560,13624,11288,-8232,-4540,7512
2708,8988,11616,1632,6522,9409
2272,7972,9336,-28,7431,11100
-936,7524,9376,1733,2888,11575
-1956,13164,10604,5211,-7810,-8207
204,11868,10392,4390,-9482,-6141
252,9816,6752,7528,-958,-2809
-132,15868,7924,7369,-452,-972
-2028,13204,8088,6275,3390,1374
-2584,12160,6480,10232,2206,469
-4872,14128,8420,9728,-1136,-2732
2100,14060,4384,2811,1140,-4275
-8044,13660,9764,2997,-5371,-10968
-6128,14072,3304,461,-7984,-10937
1472,21744,128,2647,6097,-4629
1388,21804,7044,4628,11294,9419
-1872,12396,-1056,2833,23829,11370
19696,9192,12440,3995,6545,-3809
8536,9772,-364,4682,6660,-2391
7532,15888,6336,1128,1725,1191
7544,15008,6668,-470,1388,-2216
64,14220,9404,-610,4140,-2777
1008,15148,5824,-2560,7338,-2437
-6136,15796,11676,-4074,4436,-3174
-8580,18096,8168,-6192,6579,8911
-7668,15564,6060,-7012,4607,17884
-11024,9352,3208,-1864,2319,-961
-8560,18624,6520,-4470,240,8894
-832,14944,5312,-4843,-3139,12868
-5384,6472,-4576,5860,12917,-12625
-8488,21856,14868,-448,199,-4967
-2200,21488,22180,3594,-3201,-8768
14600,26700,16756,344,-2180,-1202
8168,25704,13284,-3212,-10287,2394
-4052,5284,4496,543,-3691,-8291
22592,19932,-468,-3634,-7387,1034
2116,12568,9948,-1069,2017,566
-64,14460,7800,417,2897,-3330
-2016,15360,7248,179,574,-2002
-1800,14648,7280,-163,-1193,-876
-624,14316,6916,-374,-1757,-1182
-1388,14524,6900,-91,-1778,-1270
-764,14156,6284,-163,-833,267
