152,10632,11428,-354,241,-120
860,10272,11560,98,359,35
660,10292,11992,479,866,-558
-1192,9500,12696,813,301,-993
-1128,10956,14052,2022,-1179,-1114
1408,11916,12068,4192,2420,814
376,9192,11352,6792,3462,273
-1644,10924,11608,9430,2946,-1778
-964,12912,11624,3131,2025,-4607
832,12976,8892,4410,3726,-3805
-1540,13096,11348,8162,2778,105
-2008,10688,8136,3282,2269,2734
196,12756,7320,4339,2629,-319
-432,15312,7436,4171,4531,-723
-2716,13764,7860,5023,4745,-194
-2840,11976,6580,4792,2900,-1553
-8944,17808,8008,-3121,3594,-4252
-4212,16172,4920,1739,4357,-1358
-6476,15328,5140,3312,3579,-2041
-2936,11312,3028,3750,7553,-8725
-1040,25392,13412,-1671,-7648,6814
696,12860,3708,942,-1923,3411
3408,14624,4120,12,3241,2246
2216,12664,8376,828,4568,-193
3588,14564,8776,92,2555,-1018
2068,16096,9932,2455,-2191,-1491
2380,16508,11296,566,-6546,2123
-2392,14048,8572,-649,-4296,599
-2904,14692,4336,-1223,1198,2650
-4480,15084,6928,-988,1830,5796
-11184,12380,7396,-46,2471,2375
-10492,13552,4500,223,204,-2560
-5348,17696,5484,-2607,1567,3737
-5060,13784,4892,-4621,-209,7563
-6548,14316,5228,-782,852,457
-2780,18652,3964,1636,5688,-1685
-6392,16024,5028,-3178,-2769,-2772
9344,20700,-1224,-7276,-3919,3771
820,10908,2796,-3659,-4820,-1568
9992,26072,15972,624,-4050,-3790
-600,9956,6768,-1028,3178,-2135
2148,14608,11280,537,3358,-2104
-2644,15464,9500,-2622,1306,-4913
348,16828,8524,-11329,-2867,3627
1132,13312,6992,-13376,-7077,4212
452,12164,9700,-13843,-5699,1932
