-1168,-11112,10812,-1213,553,-28
-616,-10480,11084,-365,61,531
-1076,-11448,11296,-527,209,-170
-1504,-10820,12280,-942,339,332
-704,-11012,11916,-598,-159,460
-1556,-11600,12104,-686,-330,488
-1456,-11364,12956,-643,-1216,1318
-2768,-11312,12520,-1089,-3255,1207
-3400,-10580,11176,-2540,-3280,2574
-1788,-8660,8648,-519,-6466,4902
16,-9228,8004,-4262,-5166,823
2132,-8576,14040,-6526,-5271,-657
5404,-9036,12560,67,-7848,-3634
10076,-10208,6292,11082,-3876,-1011
9568,-10644,13700,8957,8674,-9767
96,-15920,6240,17624,-2364,1206
-672,-14520,4276,-12972,15946,-21647
-12104,-22456,14300,-11858,9041,-9305
2288,-15884,6996,-5984,-11381,11123
-384,-13048,6804,-8678,-11698,14070
2776,-7628,10920,-3888,-14417,16547
11580,-2676,16172,-2870,-15542,13290
12004,-8156,14948,2730,-2148,3256
10428,-10172,13636,-883,880,-14271
-2284,-12592,11224,5620,8084,-19219
-17304,-18664,8352,-362,13432,-6396
-3312,-14660,12588,-4898,8705,-4593
2240,-11552,12188,6140,-6601,-3779
2580,-10960,12316,661,6360,-1413
-516,-10668,12676,-405,336,10561
4260,-10516,10960,10398,1178,163
-2176,-8928,12776,4890,9121,-1658
-960,-9016,10684,1093,282,2283
-1428,-10256,11988,-1370,930,-72
