-2716,-15076,5896,-1549,-239,-705
-2244,-14864,5920,-1560,294,-464
-2452,-15000,5876,-2458,22,-138
-2528,-15072,5460,-2459,148,118
-2644,-14948,5516,-3001,67,766
-2660,-15180,5192,-3104,-264,1249
-2984,-15236,5104,-3311,-663,987
-712,-16636,4028,-2425,-492,-425
-23240,-1200,-1080,-701,2068,2295
-12,-14028,3868,-5788,-1331,4583
16712,-12108,-14568,8733,-7423,-9189
-5320,-19400,10932,1253,-2709,-2373
-2452,-17600,11784,3081,287,-2866
828,-17932,5284,3806,-665,-3522
-1572,-13716,4288,3569,1222,-2027
-2420,-11428,28,3208,2525,-1864
-2328,-13000,2208,1723,4703,-2017
-900,-18084,11888,-235,1763,-4308
-1200,-14068,6344,371,2549,-2520
-3328,-12836,4676,1332,4846,-837
-2600,-14516,7028,705,2994,-1892
-2640,-14408,5568,727,2637,-1330
-2284,-15224,6776,346,2197,-1084
-2804,-14756,7296,-198,2177,-1514
-1748,-14844,6416,-104,1983,-708
-2316,-13696,7804,-1364,703,-1893
-4388,-14680,7168,852,2430,-676
-2348,-15380,6372,1087,2176,-485
-2680,-15004,8768,2252,2215,-1566
-2640,-13408,3916,-482,929,-2816
-2596,-15636,8256,-1393,692,-2972
-2100,-13192,4820,-3987,1845,-605
-1704,-14212,6544,-2384,1100,-657
-2044,-14476,6680,-1557,42,-960
-3792,-14048,4948,-1050,-919,-888
-2708,-14876,7160,-1124,-926,322
-2688,-13368,6072,-1789,-42,1308
-2224,-16180,8808,-56,-1333,-22
-4120,-12764,4816,2071,-1714,501
-1580,-13460,6672,-300,-932,1235
-2320,-13708,6040,551,-706,815
-2600,-13096,3232,2826,-2433,-1790
-1484,-14036,6468,-1482,219,1911
-448,-14676,7408,-946,-1393,201
-936,-15480,8884,-794,-1407,63
-380,-15248,8412,-3164,1095,1817
-1292,-13764,5012,-2975,1953,1792
-120,-15300,6668,-971,348,-143
-584,-14412,5800,-1801,5,-1113
-1080,-14884,6664,-1641,876,2360
-1420,-14344,5528,-532,792,2425
-2276,-15000,6384,553,1645,2515
-2844,-14516,6436,504,1089,2681
-2628,-14960,5884,123,1217,2285
17932,-14820,-11692,8041,-213,-5228
572,-15752,6212,-2612,326,201
-1856,-17352,7184,-1317,-786,5
-5144,-13924,5104,-865,770,1122
-3292,-14036,5628,-237,417,251
-2108,-13784,5544,84,1095,-318
-1644,-15084,5368,-241,1054,-603
-2560,-13536,3916,-128,1001,-127
-1628,-16396,6276,397,-898,-1970
-2368,-17052,8792,-924,854,-1514
-2856,-14660,5508,413,506,-1458
-5276,-12800,5676,-1017,1916,-870
-3412,-13760,4748,454,1633,-923
-3500,-14664,6876,-845,1848,-1401
-2224,-15016,6944,-969,595,-1882
-3472,-15932,7964,-819,469,-1310
-3900,-13312,4160,-690,1066,-481
-3368,-15380,6996,226,4,-801
-8108,-10656,4316,1602,1992,2120
-2556,-14728,5824,1119,499,-911
-2432,-14856,6424,-389,890,-2498
-2292,-14824,6280,-1308,310,-2282
-1888,-14980,6000,-1652,-8,-1150
-2132,-15024,6036,-905,-110,-189
-2080,-14996,6008,-625,62,492
-2328,-15132,5932,-164,90,271
-2236,-15176,6000,212,32,-278
-2168,-14944,6036,166,61,-404
-2196,-15008,6184,57,68,-258
-2164,-14908,6196,438,60,-328
-2392,-14992,6348,572,86,-357
