2580,-8744,13280,-576,317,-287
2608,-8888,13116,-285,863,-395
2308,-8760,12964,-309,708,-346
2740,-8736,12972,-356,-228,-237
2508,-8800,13380,-655,-30,-20
2356,-8900,13316,-749,90,-145
2356,-8656,13292,-997,-254,-505
2476,-9008,13136,-823,-78,-534
2588,-8788,13092,-1118,-189,-274
2548,-8856,13188,-1233,-215,-82
2680,-8864,13488,-1409,-312,-229
2756,-9144,12772,-1110,1,-115
2904,-9260,13032,-1391,-339,159
2872,-8972,13176,-1938,-609,723
3148,-9108,12772,-1668,582,1144
2188,-10216,13856,1240,2352,363
4528,-8084,13664,4327,497,-836
2784,-9772,13100,3442,19,-137
2060,-10188,13980,-256,906,522
4300,-11856,15688,-1058,11,-990
3624,-9340,12624,-1584,1776,-2171
-1092,-7256,11612,-1024,2304,-1719
5316,-10620,11520,-1531,1326,-2404
300,-7880,10804,-1068,3391,-2297
828,-9720,12356,-897,2421,-2705
2028,-8656,11732,-2147,2784,-2575
1532,-9200,11580,-2932,2654,-3214
8,-9280,12400,-4219,1359,-1289
1760,-10228,12156,-3201,439,61
84,-11024,12340,-3013,-320,-426
1044,-9732,12772,-2948,-1401,-130
604,-9576,13804,-1770,-1807,-168
1336,-10280,13036,-2589,-1897,686
2216,-10216,14140,-3349,-1903,1681
1892,-10384,11752,-3261,-1631,1728
1868,-11976,15164,-2618,-659,1141
2344,-10564,12804,-3238,-1233,2282
948,-8652,10720,-2901,-670,3221
1988,-10108,10872,-2225,-2262,3046
3564,-12788,12508,-2620,-970,3530
1952,-9928,9532,-938,-675,3159
1640,-11932,9800,306,-2396,2388
5524,-12728,14020,1387,-1757,2589
7148,-10892,13108,1376,-1669,58
3672,-10940,11512,140,716,246
2248,-11244,12416,-278,1079,4277
2604,-11516,9964,960,8454,7041
32767,-24544,32767,9709,-18809,-16907
3692,-12236,12312,-965,2476,-7765
-968,-12180,13472,-2571,2756,-4591
1668,-12012,12808,-1619,2519,-4875
1092,-10816,12164,-1242,1652,-4952
-132,-10172,10316,-2087,1410,-2588
2944,-11040,10936,-3017,1332,-3482
-420,-10892,12052,-3092,2050,-4354
-3144,-12572,13232,-2425,1847,-1434
-2900,-12604,12376,-587,-650,2627
-44,-12252,11216,738,-1022,-339
1200,-11352,11032,656,-2003,-2954
1416,-11616,11160,99,-1231,-2582
2236,-11236,11452,-695,-391,-597
