1412,-3916,15748,614,-12,390
1476,-3524,15016,-353,388,502
428,-3380,15980,-720,499,501
52,-3420,15948,-347,223,1314
336,-3300,15772,-1472,-3003,2708
-296,-1648,16136,-1560,-1270,3534
1584,-1988,15980,-3143,-3328,5290
2712,-240,12364,-12627,-3097,7993
1660,-6812,14328,-17261,-95,9089
2480,-5680,12896,-15105,-1904,8881
680,-7884,14080,-9043,-5268,6826
-580,-9656,15496,-10075,-6919,6284
2668,-12204,17600,-10256,-4579,6480
2964,-11328,13188,2721,-9019,-368
928,-7248,6268,-10589,-6822,1579
4480,-10660,7432,-15416,-1957,465
2248,-13588,11616,-15571,-4160,-6667
6992,-16180,7588,-1539,4403,-7121
9020,-16348,5916,-5455,11788,-9423
6180,-16712,5500,-11694,15686,-19757
-24,-13968,5932,-9198,21722,-15907
-4452,-14784,10440,-3028,19819,-6089
-4428,-13508,8600,-2545,16601,-4140
-10380,-11108,12208,-1837,7014,-4067
-4280,-12188,12320,-834,-495,-414
-6312,-10976,13272,1727,-3333,0
-6596,-12796,14852,893,-10734,11232
3056,-13000,10196,1600,-1959,24822
6188,-11812,6380,3015,-5982,13292
10172,-14924,5800,436,-14160,12250
11336,-13608,6116,479,-6341,12261
5484,-17608,11572,2347,1666,2685
5924,-14296,5940,1682,1691,6516
3900,-13956,5164,-1785,7494,-8664
5220,-15520,8652,2402,12569,-14025
1100,-12248,8144,5571,24050,-17213
792,-10680,11692,3863,19497,-19971
-7588,-10792,15612,763,12133,-16107
-6880,-9620,14348,-1552,2044,-9793
-8164,-11956,10820,-3434,290,-8295
-7920,-12200,11580,-3063,-920,-3372
1364,-12256,8544,-1438,4332,-2427
2100,-12064,10572,-1275,1200,-4083
224,-12108,12436,1675,2666,-4037
1744,-11180,7784,6940,-7577,6190
-2424,-11900,13832,9272,-7801,4925
-1968,-15452,15676,13724,-8831,8806
1436,-9288,12512,13606,-7991,8624
2008,-9240,13236,15046,-8545,4781
3344,-5696,10468,11413,-8878,6796
4988,-6020,12104,9184,-7251,4045
3584,-6908,14216,7934,-8090,5541
6648,-5056,11108,7834,-6127,4007
5720,-4816,11044,4660,-1065,2775
5068,-5892,11944,-153,1435,5138
5420,-6776,16016,-797,5260,411
884,-8132,18188,-1791,5066,56
784,-5672,16812,-416,2781,-310
