1156,-14672,6872,-500,105,-199
1116,-14680,7044,-281,78,-300
1548,-14684,6932,-179,265,-105
1240,-14780,7168,-282,158,-217
1264,-14460,7252,-308,162,-296
1120,-14656,6956,-211,270,-178
1424,-14684,7072,-238,132,-153
1488,-14596,7224,-330,124,-247
1296,-14612,6868,-291,122,-252
1316,-14628,7156,-249,169,-156
1228,-14668,6840,-241,76,-187
1472,-14832,7208,-325,84,-101
1316,-14744,7248,-278,69,-153
1260,-14556,7256,-216,-78,-303
1492,-14576,7188,-233,-21,-268
1272,-14560,7168,-284,-11,-160
1172,-14560,7188,-568,69,-209
44,-13256,8004,195,-143,-81
1228,-14608,7296,-889,240,65
2256,-11200,8780,2947,708,-147
4380,-13572,4708,3871,-1699,-697
2952,-11976,7600,1672,-2055,-623
2660,-14112,6728,-159,462,-516
-712,-13652,8408,-1384,1837,316
1884,-9868,8588,1653,-258,-1901
4516,-19056,8232,712,685,-1332
1136,-14940,7780,733,1742,-1627
6508,-15028,8128,997,1414,-3973
1016,-12164,7040,-287,2953,-2112
6548,-12980,9120,-1059,117,-3253
-424,-13420,10168,-1178,1277,-2836
-2040,-17852,15364,-1832,1627,-1980
-1316,-16036,10132,-814,3149,-1182
-2292,-13368,8788,-2354,2893,-749
-68,-10768,9308,-1169,451,-253
-5356,-11092,7468,-5551,1539,283
944,-13096,5052,-1845,1741,753
1608,-18564,10952,-1678,-753,657
1008,-16828,13612,-520,-639,662
-3592,-13660,8608,-3553,650,1655
-2684,-11712,6280,-3430,-743,2152
-4664,-15416,4928,-2316,1184,1933
-1964,-13412,8244,-1011,-834,2155
-1820,-16184,7356,-2385,363,2639
824,-14980,12964,582,-1603,2010
1540,-10756,7672,-817,-2178,2145
1164,-12920,8420,-263,75,1536
2072,-6508,-1624,-2527,2781,2724
3896,-13788,2108,-184,2334,810
2688,-14216,6728,2318,2995,2053
14200,-13128,3772,5,-2375,-3263
10712,-16864,5920,346,-2721,-5982
6484,-19028,16936,27,-913,-6235
956,-9628,-1500,881,3974,-2031
-4752,-28872,12092,-3523,9138,275
-6652,-4248,-2664,-37,3355,-1077
-316,-18504,12712,-506,1798,-4653
3352,-9912,2108,-2350,1155,-1676
-3284,-18468,11876,-1671,5500,-1204
3412,-8620,3020,897,665,-1720
-10248,-14628,12116,-79,324,1822
1080,-14192,7712,-27,-583,-1132
1204,-14280,7772,-309,-270,-1806
1908,-13964,8136,-698,195,-715
1472,-14156,7612,-733,334,-75
