604,-4884,16732,4660,-3751,3578
1200,-4396,15008,3702,-6710,6403
1624,-7424,17940,5691,-6530,6226
1524,-1188,12920,5955,-4760,4337
1120,-1036,12672,-2030,-4129,8735
1904,-5176,19260,-1419,-7998,1856
5780,-1580,11496,9327,-9091,-1664
1324,-3548,12992,-7998,-1178,6636
4924,-5568,11264,-8750,-1105,6792
1432,-4548,5860,-21549,2735,5418
1296,-11884,18204,-14218,2606,4297
2236,-6288,3856,-27480,6263,-1070
-5196,-16592,25884,-19255,4436,-2984
288,-14528,14320,-4908,8923,-7009
9796,-17076,5504,-14156,9137,-18061
3756,-14676,6520,-10955,13192,-17580
-3056,-13512,7884,-6107,18069,-14869
-4028,-15836,7708,-2278,17134,-10219
-6188,-15092,9808,809,10824,-3161
-10156,-13368,11756,1491,4728,-3285
-6348,-11428,13528,1631,3296,1601
-4588,-9752,14232,536,-2074,125
-4304,-10088,13608,431,-4568,6844
-7324,-8936,16116,2656,-4947,17166
4600,-11152,8692,-355,-17015,23573
7920,-13176,11560,-3299,-11647,11973
11540,-11272,8536,-1735,-1116,8736
6792,-13864,10120,-497,-3323,5438
-56,-12916,9552,700,-2795,5408
9748,-23384,9160,942,-772,-323
1760,-15644,11540,-487,-721,-8587
6572,-11932,7188,-2001,4658,-15626
5608,-13948,9392,1930,12292,-14574
-96,-11836,9612,4278,13606,-16524
-6936,-11144,10744,3852,12536,-10417
-6924,-11764,12280,87,3931,-8506
-4836,-11864,11276,-2210,-1483,-6906
-3632,-12780,11232,-2382,1915,-6688
-4544,-11508,10632,-2152,2828,-4260
-1616,-11708,12080,-1360,-138,-2616
-3360,-13528,12948,3461,-1648,-4668
-248,-16348,12648,11261,-11508,6767
-3568,-13784,14576,13300,-6300,7395
-2028,-9304,14960,18855,-6990,7582
-2772,-6056,12028,20972,-10516,13033
2520,-6492,13188,10398,-6862,9554
2328,-6404,15112,11119,-12005,8438
3076,-3848,12412,7140,-7772,7439
2996,-7424,14388,7972,-8168,10134
