-144,13652,8144,-1167,-503,-543
-152,13808,7808,-919,-1181,-903
-240,14732,8008,-363,-883,-474
-456,14296,8584,343,1052,-607
244,13892,9096,-659,-1867,-1107
1140,16396,10404,-3590,-3290,-5059
-2472,16796,18796,-10236,1096,1420
3916,13052,11716,-9631,-1876,4205
2912,12544,10812,-8219,-684,6688
3124,9500,8328,-3579,2770,9748
-4752,8124,6776,3798,-17142,-10501
136,13780,9520,5234,-7733,-1881
732,13396,5760,6360,-3940,-617
-2656,16360,4720,6156,-2419,3728
-7072,9668,9056,7846,6558,4013
-8524,14556,8408,10422,7677,-6979
-6908,16996,7912,6373,-150,-6203
-1072,18808,2348,-1910,-4857,-2299
-1452,21536,6576,-48,-5764,-13097
-3856,16936,5356,1968,-5821,-15457
-184,17752,2592,-817,-1372,-6333
-1260,20260,4544,-745,16763,4086
3368,12884,8684,933,12398,5431
9120,14848,6452,-3289,571,4541
4576,15452,8324,-2480,-1700,-3528
3464,18272,8428,-2339,-427,-3
3600,16632,8756,-1687,5058,6285
2684,14232,8428,-2625,5143,11667
2172,12456,5708,-2699,1440,14257
-4640,9152,3324,-3945,3660,5911
-14616,15292,8368,-1580,6583,-3610
-4772,17480,4232,194,1338,6618
-8356,8824,5772,885,2803,6864
-7400,11496,3140,2039,8044,-8764
-2976,19332,9516,915,469,-846
584,15800,5256,-1214,-2896,-2488
8988,23660,9260,-3121,-7246,-1887
5884,13404,5440,-2323,-5716,-901
2236,10760,8592,494,-1666,-4612
13156,11500,2132,-3859,3170,-800
7176,12656,6268,-1861,2349,1861
320,14004,9404,-1754,1530,-1420
