1592,-13096,9120,-346,353,-456
1628,-13080,9456,-59,65,-456
1372,-13204,9544,-21,263,-476
1752,-13144,9536,172,-74,-511
1560,-13156,9996,206,34,-518
1308,-13136,9684,441,-186,-913
1504,-12612,9648,-142,-778,-804
1952,-12808,9544,-470,-383,-400
1720,-13028,10200,-789,-375,-439
1932,-13004,9876,-1269,-300,-367
3864,-7736,15848,7377,-1686,-2608
3984,-10996,10692,5128,-1910,-728
2764,-13152,9200,3406,-983,172
4176,-12356,9248,2284,2085,-442
4108,-11360,10836,2857,770,-3576
1732,-12860,8632,1880,2247,-3818
1580,-12676,9364,-770,2984,-1354
2184,-11928,8316,-1071,1986,-1544
544,-11792,8332,-2308,3943,-2459
1372,-12620,9008,-1831,3047,-1288
-52,-13660,11360,-1451,2617,-1518
1928,-12548,9172,-1568,2735,-2205
12,-13700,10728,-2465,1659,-2539
424,-12908,10044,-2361,899,-1452
732,-12580,9988,-2974,-168,-826
108,-14332,10160,-2265,100,-770
532,-12836,10520,-1986,-533,-848
660,-12724,10640,-351,-1493,-1494
12,-12920,11960,406,-4901,-774
848,-12368,9672,-1815,-1821,496
688,-12316,9848,-1436,-1032,1122
1116,-13736,10572,-2193,-797,1381
1548,-11916,8604,-408,-1039,2031
1772,-13268,9548,-414,-1595,2544
2812,-12740,9232,-629,-691,3485
3288,-12012,9580,193,-1478,3380
5792,-12568,9500,1320,-818,661
6508,-12036,9684,1522,-646,-1169
4288,-12156,9548,1859,2159,995
3788,-12136,9524,1273,5188,5921
1552,-12792,9756,284,5941,7368
3252,-15160,9860,-2146,2991,-2655
2368,-14684,11092,-2304,1527,-5327
1496,-11716,10096,-1276,1463,-1895
2092,-13248,10172,-855,2169,-3395
1772,-14680,10268,-1086,2055,-3370
1244,-15636,10772,-1429,1384,-3332
-176,-13924,9652,-1124,2540,-2883
-2908,-13168,10712,-656,1858,-1180
-2544,-12644,9228,385,-301,1411
-36,-13604,9164,1127,-8,-898
948,-13040,10064,528,-930,-3249
1312,-12644,10464,-207,-794,-2555
2020,-12676,9576,-857,-382,-1428
1884,-12860,9704,-1077,-2,-511
1776,-13024,9572,-1050,336,-356
1768,-13232,9572,-552,-172,-769
2340,-12584,9020,-90,-118,-755
2044,-12868,9648,83,239,-37
