-436,13860,8072,-85,350,-728
-260,14484,8256,-237,-618,-920
16,14204,7272,37,304,-305
-48,14392,8288,-41,510,-622
756,13932,8928,-1386,-938,-2833
980,13648,9460,-5661,-4198,-8246
7220,15876,7628,-4600,14060,4962
4676,12948,7328,-5472,3340,6936
2528,12700,9388,-788,6950,5345
424,13236,10432,-684,7649,10158
-1140,11300,7916,-5435,3364,10367
-5464,9980,9608,-1165,-3312,-1795
-4404,7796,8244,4002,-4531,-5981
-3784,14052,9572,1558,-1937,-4548
-4292,16688,3472,3467,3988,311
-2684,12760,6060,4444,4492,-4149
-1896,16956,7916,3538,4461,-5467
-3232,15076,6572,4981,630,-1463
-6416,12568,7008,3267,-824,-5563
-6512,16868,8232,1582,-2917,-8801
-10504,10484,5396,2850,-7018,-11025
-11500,11276,824,-227,-7380,-5022
6088,19272,1316,1682,5335,1996
1592,20660,4996,6373,23384,7557
2140,15904,5840,4332,3730,6583
7048,14040,6612,3465,4103,3074
8212,20832,11020,-2261,-3963,656
3960,16808,9888,-3966,-5149,1549
3828,15208,9860,-4201,803,2299
2040,14008,6452,-4259,2832,167
-2700,16108,5684,-4280,4372,3840
-9744,12184,4844,-5581,6562,11710
-15788,7876,6776,-3548,-3167,197
-7308,17784,5300,-126,-1857,6698
-11224,564,2392,2723,2768,43
-7772,18472,10800,2288,-975,-4577
-5632,16244,7268,4328,7779,-4005
3252,14532,9248,4857,3381,-2891
-4516,8792,7720,2582,2557,-9850
356,9464,4360,503,-7303,-3374
4756,11928,4780,-694,-6228,-4749
5512,20736,17880,-719,-8593,-444
6628,12308,6876,-877,3906,913
764,13348,8280,-1879,1577,-1125
-1832,14700,8740,-2513,-145,-3148
