484,-10524,12228,248,545,336
556,-10600,12152,371,317,534
488,-10128,12488,-3,343,805
-584,-10316,12544,138,270,820
-128,-11012,13252,-1503,820,-1359
-32,-10324,12640,-1358,210,560
2020,-9808,13260,177,-1285,1675
-108,-9816,13808,-662,-967,-204
340,-8936,12568,-272,-234,178
900,-9476,12424,-1040,-1129,38
440,-10952,12916,-1323,-1478,-240
144,-11556,12044,-1409,1430,-1684
-1404,-8728,13420,-3414,-336,958
-356,-10968,11920,-3099,-4198,1136
776,-10360,11544,-3511,-714,-45
920,-9984,9908,-3175,-231,-118
1660,-9412,11408,-6311,-3428,-582
1196,-12252,14372,-1754,-4146,-142
-8988,-21124,20300,1152,-1160,2049
3728,-12576,14268,8536,-8085,2759
4672,-9696,13356,12412,-10798,9037
4408,-12092,9668,5553,-3726,6345
3172,-13016,10944,-3692,16503,-15824
344,-23628,12564,-27133,25724,-32768
-4092,-12632,10144,-5773,-6147,-1232
-2372,-14660,8320,-11937,-2871,2557
-968,-13496,6916,-9483,-10276,8503
-1228,-12912,9132,-5798,-7491,9781
512,-13424,9960,-3747,-8458,9886
4604,-11884,10972,-1900,-7582,8449
8160,-11884,11748,291,-6867,1216
7836,-12140,14108,2842,-5111,-4122
8248,-10800,11144,-2045,-728,-13016
4888,-11968,9136,1589,5489,-10196
-448,-13736,9228,1526,5032,-8308
-644,-12752,8980,661,2664,-2463
-1704,-16396,7752,188,1244,-1556
-292,-15464,7532,-259,-1063,2435
3460,-14332,10664,5031,5245,-724
-4620,-12744,10948,6821,7993,172
3604,-9792,7264,8631,5551,3934
964,-10044,10056,917,2832,454
