972,10340,12832,-665,120,712
-1468,10216,12720,-1393,263,417
-404,9848,12636,267,-1183,649
1596,8016,12908,2198,1614,-1191
1304,9376,13000,2024,2703,-915
1604,9404,12248,3217,3783,-593
1844,9504,10860,8394,2002,-246
1572,8812,8976,12673,2799,-2355
-2752,11340,8780,14262,4557,-5159
-5080,12912,7524,16143,1207,-2927
-11484,22376,11084,-1716,1243,-3745
-6580,14060,4356,1284,-290,-6073
-6056,16868,4552,5341,5530,-4071
-4024,14480,2252,10367,4814,56
4616,18932,4332,5445,1656,1860
1840,12716,3732,4971,-962,-416
3164,19088,7788,7074,-2868,-3027
6092,18296,8916,3911,-2235,-3854
4436,12568,6500,-1488,-559,-4345
4316,12700,7692,-970,-2432,-2969
1016,17868,10780,-1556,4232,-881
32,14600,6744,-5958,6586,5596
-6004,12344,4064,-7176,5221,10032
-19108,12332,10388,-6074,5018,6518
-8312,13940,1432,-1186,6672,-1243
-7240,16648,3804,-3648,3435,4360
-2592,12756,4476,-4925,-2980,12463
-4840,-1840,-5712,-770,9812,-8821
-3528,13916,-8212,-6074,6611,-2743
-3656,18792,13804,-117,-4348,-4527
-5096,14492,13216,825,-3266,-6188
188,14372,9076,-632,-6587,-4403
-512,11420,11456,1070,-7294,-5311
-464,14100,13176,631,-6949,-3980
-328,14236,11064,-1364,-1570,-184
996,11820,7228,-5312,-6518,-116
-1760,12496,9144,-3054,-3893,-3765
-2344,15344,10764,-7032,-3345,333
