2088,-8084,13936,-527,-616,-610
2012,-8172,13324,-820,292,-465
2260,-8040,13148,-798,-16,-301
2328,-7972,13860,-818,51,-138
1916,-8136,13924,-918,-30,-243
2224,-8136,14060,-850,-245,-285
2112,-8244,13752,-973,113,-122
1864,-8364,13700,-824,-58,-354
2044,-8228,13712,-854,-371,-383
2624,-8364,13308,-835,-615,-197
2388,-8220,13528,-1011,-665,-240
2380,-8200,13684,-1323,-251,-28
2016,-8372,13612,-1240,-580,92
2336,-8460,13644,-1031,-792,57
2572,-8348,13708,-1505,-716,275
2380,-8472,13712,-2138,-622,529
3084,-8384,13308,-2610,-167,925
2756,-8228,13772,-2784,1165,1946
3056,-7636,13916,1109,497,1696
2980,-10068,16380,2605,76,-816
3244,-8084,11080,2397,1672,-639
3596,-8876,12780,-504,2619,-1075
3048,-7440,11788,-2038,3218,-2417
2168,-8932,12260,-1313,2176,-2923
3820,-11572,14244,-1183,1152,-2708
2512,-9388,11100,-771,1726,-1809
884,-11616,13188,-1158,1700,-3370
824,-11404,15360,-1226,2002,-2467
-632,-5948,10784,-1567,2723,-1535
-96,-10400,13408,-1719,1174,-2060
-172,-8732,13588,-3794,-390,-1047
1316,-9984,12572,-4648,-107,-497
276,-9164,12848,-3564,-1099,118
-160,-8780,13248,-2585,-2453,-277
-200,-10116,13496,-2938,-2702,504
-232,-10404,15236,-2550,-2527,1691
1680,-11036,12596,-1820,-909,1076
748,-9984,12156,-1245,-820,2169
1832,-8460,12048,95,-1096,2655
912,-9384,12076,1659,-1414,1549
1028,-8248,13416,2624,-583,2643
2536,-9236,15536,3110,-1629,2329
1896,-8452,12776,4503,-335,1834
4700,-8208,11260,5647,-1003,1500
8172,-9600,13072,5530,-1715,-2013
3624,-8044,13228,3760,1930,1661
4760,-7700,12444,3776,5887,5340
-224,-8876,15088,3792,4448,5083
-772,-5928,12264,1888,2036,-3462
2040,-6092,11156,938,2380,-4475
1552,-7176,10564,900,2142,-4068
-232,-5796,14328,102,1337,-4606
1440,-9056,13220,-926,1288,-4354
356,-7840,15388,-912,706,-3892
2192,-7776,13460,-399,2137,-3884
-2172,-5080,13180,-842,1571,-3110
-348,-5740,11552,-179,2677,-1409
-1500,-9836,18432,317,-925,-1692
-2384,-6412,14744,667,-208,611
308,-7336,14492,1157,-609,-1252
652,-7172,14508,235,-709,-2062
1236,-7020,14352,-818,-376,-1008
