2500,-6532,14580,-588,-234,-199
2684,-6568,14360,-519,-35,-198
2528,-6620,14196,-622,157,-264
2500,-6436,14100,-472,249,-425
2120,-6508,14544,-450,8,-323
2312,-6700,14612,-579,48,-272
2536,-6588,14476,-563,-147,-444
2256,-6512,14816,-811,-407,-390
2776,-6520,14628,-723,-429,-247
2832,-6680,14576,-618,-252,-246
2572,-6428,14652,-512,-691,-206
2524,-6392,14456,-365,-413,282
2256,-5584,15160,-590,-268,356
2976,-5352,14560,-529,-553,445
4164,-4808,13456,-663,562,681
2932,-6948,15404,-573,118,351
3456,-7080,14068,-289,111,167
2236,-6716,13684,-991,1225,-391
1380,-5112,13300,-1222,1041,-1195
3344,-6936,15020,-200,1247,-1031
2712,-7568,14596,-949,1809,-1694
4344,-7956,14812,-1296,2445,-2129
4600,-8360,13980,-1163,834,-2856
1532,-6960,13516,-604,1434,-2625
-256,-8912,14624,-1198,3725,-2725
2312,-8444,14260,-1162,2918,-1761
676,-7620,12200,-1077,1666,-2075
-804,-8416,14748,-1705,667,-2055
-504,-7192,14252,-2100,971,-1483
668,-6884,14148,-1963,61,-1361
2184,-8808,13864,-2329,-680,-1485
148,-7264,14988,-3410,-2910,-777
760,-8300,13616,-2803,-993,18
1124,-7484,13476,-1389,-941,-476
1736,-8472,14160,-254,-1494,826
2476,-7752,13848,-487,80,2542
2056,-7316,14920,-880,703,3408
2672,-7520,14636,-460,1416,2733
2680,-7616,13976,303,36,1523
872,-9440,15212,53,300,1974
3808,-7072,12236,-194,1806,2487
2528,-7960,17532,-57,967,1048
6512,-6936,14756,55,1949,-36
3524,-6872,15016,563,1710,-930
3212,-6556,14208,341,3630,1893
2776,-7456,14032,-768,5598,4583
556,-8224,14416,-611,2483,4710
2032,-6044,9872,-708,3380,-2654
1444,-7780,13928,-542,2460,-4857
796,-8612,12424,-173,3049,-4037
1588,-9984,15196,224,639,-2991
1112,-7356,11672,22,2010,-3794
312,-4448,8464,-147,1418,-3002
1168,-6116,11296,-305,3378,-2717
-564,-8040,14448,-98,1520,-3006
1556,-6232,13092,-296,1331,-2556
-476,-5980,13148,-395,2173,-2106
1004,-7860,13256,-551,1595,-2977
1104,-7428,14244,-54,212,-1176
1200,-7832,13392,-256,966,-970
-1176,-7788,15052,-8,44,60
448,-7416,14448,58,-1531,-1050
1260,-7452,13916,-410,-440,-563
812,-7368,14152,-825,108,-178
764,-7652,14144,-623,-331,-247
884,-7632,14196,-338,-403,-252
