1548,-14204,7832,-121,175,-188
1480,-14280,7912,14,198,-343
1820,-14220,8360,179,-129,-448
1964,-14152,7968,-275,191,-320
1596,-14316,7764,-547,158,-148
1464,-14292,7816,-438,58,-156
1588,-14088,7928,-273,25,-465
1844,-14176,7944,-278,109,-409
1620,-13952,7756,-322,92,-205
1720,-14192,7824,-398,47,-107
1708,-14168,8024,-578,-36,-139
1752,-14120,7968,-873,-69,-23
1608,-13964,8464,-799,-582,-201
1568,-14396,8016,-931,-592,-101
544,-11736,5996,2765,1209,360
4956,-11340,5940,1011,-2813,345
84,-11904,8648,-155,-1488,89
12,-10620,9880,-586,-216,44
1880,-11140,13840,975,-3584,-2949
2148,-13460,5552,412,-1052,-762
764,-11576,9184,273,-987,213
0,-17340,15004,298,160,-2472
4480,-14944,14468,400,1295,-3379
3716,-16360,8188,-360,4094,-2176
1848,-10712,8368,-1315,3787,-1997
3340,-12180,5272,-131,-103,-2387
2688,-13088,5328,-538,2614,-1245
1808,-15892,7904,-533,1938,-1406
4964,-13028,4032,-158,2144,-2102
2164,-14564,4208,-1514,4749,-516
-2224,-15552,10416,-795,3320,-1052
-1720,-13752,8004,-1314,1412,-1139
992,-12936,9584,-955,161,-1436
-300,-12848,7136,126,278,-809
1144,-13256,8520,1032,-879,-1765
1220,-13928,8392,257,-1039,-724
1408,-13356,9248,-812,-1149,654
1728,-15180,12376,-1272,-895,1201
1544,-15744,12728,-1653,-2386,826
624,-12536,9732,-1072,-36,2818
-3664,-9860,6060,-1639,-720,3348
80,-11776,11328,-1283,-1676,1949
3524,-14200,14620,562,-4361,1313
8532,-17436,7804,1195,-4566,1639
4724,-14812,13828,1051,-3716,-2741
2980,-12648,6936,346,1008,898
2408,-13588,8428,1172,2825,3733
16140,-15216,13860,5638,-4404,-3559
-1080,-10960,2484,2087,6546,-1949
-1756,-7512,6316,3907,4535,2558
12,-13336,11716,3567,1582,-1772
1268,-12664,9472,1065,3645,-3324
-1276,-12408,9568,780,3922,-1934
1168,-14112,9796,257,3082,-1552
1516,-12168,7860,-787,3915,-1915
-1240,-13960,9868,-3198,3762,-3848
4444,-32768,32748,-2816,-4201,-10964
-5772,-7012,5156,-1378,5926,167
2604,-2984,2232,-819,3747,2932
-2012,-10548,5724,565,2872,3643
184,-13148,10136,1480,-732,-1748
624,-12828,10224,1005,-1864,-4054
2524,-12084,9980,-134,-1208,-2785
2220,-12592,9856,-856,-170,-472
1352,-12784,9796,-806,174,106
