-2608,-13008,8952,444,241,141
-2868,-13344,9080,-433,47,-198
-2656,-13428,8676,-438,20,-233
-2684,-13412,9212,169,66,-228
-2848,-13560,8968,1331,-173,-429
-2788,-12936,9128,876,59,-274
-2724,-12972,9392,26,-24,-494
-2480,-13136,9048,-480,587,38
-2860,-13048,9328,-298,185,-185
-2768,-13080,9152,-240,352,-102
-2844,-13124,9300,-354,189,-167
-2760,-13188,9108,-704,124,-250
-2708,-13040,9072,-508,61,-246
-2476,-13356,9176,-745,10,-214
-2868,-13144,8960,-789,-16,-158
-2780,-13160,9140,-298,103,-197
-2616,-13120,8980,-286,98,-230
-2568,-13124,9052,-453,67,-251
-2584,-13264,9156,-548,130,-192
-2716,-13156,9220,-638,128,-131
-2900,-13324,9052,-439,95,-145
-3044,-13232,9128,-443,131,-136
-2756,-13088,9064,-642,-38,-196
-2776,-13372,8992,-738,-32,-267
-2680,-13032,9172,-1297,-44,-225
-2636,-13420,8880,-1352,114,-82
-2728,-13212,9108,-1566,123,43
-2644,-13764,9128,-4953,-87,456
-2336,-13300,8524,-5974,228,1829
-3300,-14360,7484,-7131,1870,2616
-3088,-13936,7376,-5979,-410,-247
-2836,-14116,6964,-5938,-226,-849
-2852,-14296,6976,-6029,-750,128
-3260,-14560,6464,-6652,-567,413
-2924,-14832,6020,-6181,-317,720
-3036,-15680,6172,-9020,-476,1361
-30996,-5444,-10172,-25061,19309,12357
-5952,-16784,14932,-19680,-2548,657
-236,-19856,5400,-3460,522,507
28,-20304,10240,977,-3074,259
-3084,-8216,-3836,-5937,1009,1110
-1328,-31196,20348,5835,-5678,-1630
-8532,-20136,15180,-8544,-2820,-252
-3312,-24572,11180,43,1221,-509
-7824,-11584,4972,-3827,1554,131
-7088,-13436,4700,-8486,3489,4462
4256,-17496,-1368,-7018,25,3311
-32768,-8364,17956,1043,21885,8645
30532,9840,-26912,11528,641,-14076
19404,-18756,-2800,8778,-11179,-15884
108,-13872,4188,3990,4342,-3776
-4168,-16224,11112,172,3770,-2878
-1532,-13916,4160,1158,4691,-2268
-4196,-14308,7632,883,6190,-2237
-3792,-15724,8540,707,4503,-2595
-3040,-14848,7132,-544,4931,-3357
-4264,-14728,6780,3154,5409,-1457
-2884,-13696,6644,306,3517,-2247
-3168,-13696,6056,1603,4198,-1074
-3444,-14380,7680,3172,4133,-2622
-4068,-14172,7896,2289,3783,-2097
-4724,-13180,8872,203,2157,-2616
-2528,-15600,8560,-881,1238,-1763
-3280,-12804,9036,-5552,892,3
-3172,-14868,8232,3133,-965,-2067
-3800,-12660,7196,-2429,-970,157
-2528,-18040,13636,-815,-3706,-1151
-2936,-13612,7252,2144,-1333,-1672
-2908,-15744,12396,-1438,-141,965
-2696,-14256,8488,-1703,-2949,329
-932,-13392,9232,241,-2782,-1329
-420,-11476,4964,921,-2293,1474
-1860,-15072,9472,-3078,-1354,970
408,-13760,6440,-953,-2267,1536
1408,-15740,10064,142,-2654,-1369
-524,-15408,7804,-458,-644,-496
-1192,-15028,10548,-4149,2622,-2725
-1252,-14252,6944,-3225,137,3673
-476,-14552,6272,114,2250,7199
-3364,-14864,7136,2422,4997,7018
-2132,-14824,7276,1996,2703,3395
-2960,-12640,6392,-27,3000,14
-2456,-14304,6176,-1391,1397,-691
-1340,-14852,7840,-1579,2043,-953
-680,-15224,7924,-458,271,-1361
-3536,-13956,4592,-471,1342,-9
-1344,-16384,8944,-608,-389,-1590
-3836,-14016,6832,-3,725,-437
-4464,-14004,4888,-594,1432,-763
-4048,-14352,6016,-538,1044,-842
-2204,-13964,6568,-755,1499,-1475
-4680,-14292,6796,251,470,-1236
-4980,-14648,7080,251,1566,-1492
-4704,-13788,5912,-70,2047,-974
-4720,-15344,9788,-489,249,-1116
-5140,-13872,6500,-634,1523,-1233
-5676,-12692,5880,346,1089,27
-3948,-14744,9108,211,-828,-393
-3212,-13756,9472,318,-2250,-575
-2988,-14352,6312,-304,8,-420
-3276,-14328,6908,-698,-308,-1659
-2932,-14064,6824,-1055,111,-395
-3320,-14464,6816,-644,275,439
-3512,-14508,6696,177,121,483
-3564,-14216,7016,361,-30,72
-3540,-14228,7076,-23,-14,-96
-3596,-14220,7244,-64,68,-95
-3500,-14304,6928,112,-127,-238
-3568,-14216,6968,40,-106,-332
-3476,-14076,7120,-151,61,-67
