-2148,-11872,11000,-1003,-376,-212
-1736,-11824,10580,-1535,-207,5
-1480,-11684,10916,-1918,-543,13
-1836,-11676,11560,-4083,-841,1089
-1876,-12128,10772,-5647,-772,2096
-2472,-12004,10412,-7783,-2184,2086
-192,-16568,10844,-5952,-5796,4469
25588,-25224,-22772,-13121,-14547,9149
-32768,-27028,32767,-25156,-6127,13891
-24808,-21476,29648,-568,-2767,3824
-5544,-12188,11536,3419,8270,-4868
-2996,-14564,10020,2514,6531,-7058
-1248,-12664,9268,2084,8512,-7598
-2828,-14620,13740,574,4671,-6441
-7520,-12292,9636,-1523,3607,-3673
-6492,-13012,9244,-2503,5206,-3481
-5888,-12468,10204,-4464,160,-3761
-3916,-12200,8476,-7100,-2768,-2777
-7424,-10888,9032,-5724,-2870,-2215
-7572,-9812,5984,-3984,-4222,2783
1736,-11576,9636,-1342,-6813,3517
-1400,-10620,11044,-2075,-7149,6438
1484,-14492,12960,74,-10535,4224
7720,-13708,11388,-1538,-7361,4400
16188,-11536,9704,4125,-12301,-6731
3300,-12008,8088,-168,4556,8015
-620,-16356,10332,4,9774,14024
5912,-9708,-88,-2780,1413,-98
5640,-13944,8284,-3301,3107,-2689
-4272,-14936,11952,107,1945,-1304
-6136,-14892,12656,1600,-1665,-2202
-1712,-13476,9432,327,2154,-4205
-7344,-12100,9372,-105,2631,-1124
-9404,-11600,7232,990,-99,1388
-7044,-12588,10208,511,697,901
2976,-14252,3408,352,-292,922
-1752,-13052,9984,-4199,-1590,-2660
-1376,-13988,8492,-3600,354,548
-2308,-13448,9200,1680,-40,787
-1820,-13036,9692,3197,-598,-788
-1084,-12272,10012,955,-380,-1011
-1944,-12848,9928,-1079,6,-279
-2220,-13260,9472,-954,-77,74
-2472,-13280,9576,-109,-117,-234
-1572,-12804,9612,-6,-167,-530
-1252,-12784,9536,-33,-142,-413
-1672,-13148,9728,-397,-254,-421
