-2220,-14664,6748,-594,-76,-259
-2532,-14680,6560,-518,-10,-229
-2336,-14404,6452,-255,165,-43
-2632,-14700,6880,241,154,-73
-2300,-14612,7000,467,-172,-668
-1944,-14524,6808,-181,170,-286
-2220,-14528,6732,-456,334,132
-2596,-14728,6884,-515,38,-270
-2668,-14508,6720,-356,41,-50
-2440,-14688,6788,81,-47,-427
-2120,-14456,7016,-146,-38,-610
-2248,-14556,6888,-635,136,-94
-2372,-14612,6656,-435,14,-160
-2604,-14644,6844,-304,-29,-142
-2624,-14508,6948,-115,-153,-309
-2148,-14564,7100,151,-980,-1195
-1964,-14504,6936,-25,-1614,-1356
-2000,-14676,7052,-769,-1557,-684
-1720,-14156,7552,-2477,-2461,94
-2212,-14596,6928,-4467,-1837,931
-1852,-14580,6616,-5339,-1291,1999
-1980,-15080,5820,-6463,-1189,2791
-2692,-15616,6424,-4720,-2348,1930
-7452,-9044,4140,-18536,-2775,8446
-32768,-4488,6840,-15537,26407,16915
14976,-32768,32767,24108,-4884,-7080
-7288,-17904,15476,-2630,-3168,2943
276,-15840,7708,-591,-1376,5851
7124,-29044,10204,3774,-9430,-5761
-4384,-15576,10620,4095,8393,-5350
-4648,-14264,4484,2833,7559,-4029
-3848,-14548,10048,3739,6522,-4488
-3048,-13228,5196,4219,8213,-3348
-2748,-13272,7148,2744,5781,-1871
-3268,-13116,9232,-879,3204,-1978
-4272,-13440,7760,-198,2811,-2547
-6000,-11648,9600,-2946,2226,-2911
-4428,-13284,8460,-1363,-1221,-2246
-4472,-16312,12224,-5393,-7597,-2059
-1540,-13376,8088,-5020,-6483,2002
-3268,-14488,12516,-1457,-7275,1539
-2996,-14124,9112,-4111,-7239,4688
-1188,-14192,7284,-3803,-5731,1987
-3116,-14308,7020,82,-4863,847
-3676,-15688,9000,342,-6850,3030
-1516,-13204,8772,-343,-3933,2966
-1536,-14856,7160,-256,-6015,4465
1624,-14060,7936,322,-4380,3964
22352,-14264,2084,-1811,-9491,-10894
-32,-13948,6912,-1607,1820,5061
-1064,-14532,7332,1530,3333,6727
-888,-13860,8124,1877,6481,8998
9932,-2592,-4872,-1410,9971,-2387
-4224,-14512,7944,-1253,1588,227
-3084,-14784,8236,30,4916,-1697
-1944,-14616,7280,-21,2968,-1798
-2308,-14624,7020,-25,2489,-1995
-2948,-12148,4596,901,2062,-1298
-2728,-13960,8016,1277,1569,-2762
-7192,-13644,9804,329,1195,-771
-5136,-13260,7996,-174,2237,-1029
-8460,-11996,5908,35,1602,989
-8952,-11012,6856,452,1016,538
-8156,-13020,8380,2828,-2452,829
-3420,-12724,8128,-262,-157,-3029
-3400,-13372,8612,-3494,922,-709
-3956,-14000,7684,-3342,665,364
-3964,-14224,7500,-269,366,-95
-3624,-13832,7776,1930,-300,-911
-3288,-13608,8320,1720,-241,-913
-3312,-13444,8176,437,-33,-306
-3388,-13628,8136,-124,120,-158
-3672,-13356,8156,-294,62,-279
-3460,-13492,8280,-383,-86,-714
-3064,-13512,8000,-817,270,-501
-3148,-13460,8148,-802,199,-312
-3160,-13832,7952,-720,379,30
-3700,-13816,8132,371,-231,-103
-3212,-13540,8108,422,-194,-141
-3520,-13500,8384,1140,-288,-585
-3292,-13312,8452,-6,56,-467
-3288,-13404,8348,-594,14,-223
-3096,-13640,7996,-682,33,-259
