-3236,-15016,5416,-125,-254,-4
-3232,-15068,5288,-42,-417,285
-3268,-14984,5320,10,17,372
-3160,-15060,5316,134,-90,354
-3016,-14944,5280,-459,-744,236
-3288,-15048,5660,-880,-1073,374
-3288,-14944,5752,-856,-1581,617
-1004,-13780,5600,4456,1026,-3640
408,-14532,5756,6812,-6510,-4669
-1724,-15900,8384,4630,-6407,-2325
-1944,-14892,6636,820,-3126,256
-920,-16752,6132,1323,-5349,-3816
-768,-17512,6848,844,-6978,-4053
-1684,-14312,6276,-707,-1316,-3042
-2484,-14768,4240,-2735,-1290,-3755
-1204,-15076,5772,-5702,-2401,-4032
-2980,-15628,6048,-7196,-211,-2183
-2904,-15800,3964,-9484,1611,2530
-4580,-16360,3980,-9690,7458,5671
-4828,-14776,3428,-9635,10124,6575
-4228,-14960,3904,-11403,14335,10813
-3476,-16064,1976,-6357,12704,9154
-1532,-15264,4012,-6619,9996,7568
-3432,-16388,4204,-6061,7065,5256
464,-20396,5048,-5,-1119,339
-2896,-14772,604,201,-4217,59
-4108,-15324,-1976,764,1664,-1308
-2568,-17744,3648,1910,-6523,-3334
-3672,-18140,7140,5172,-8344,-6015
372,-18424,5584,5630,-11572,-7336
-96,-16128,3008,6060,-14020,-9564
-2716,-17296,2716,3994,-10000,-8913
-316,-16196,1400,3761,-4694,-9658
-420,-16976,-36,1834,-3463,-7313
-6016,-14800,1344,311,1280,-2344
-4872,-16660,2704,-971,1190,2852
-2368,-16472,4064,-185,1797,1898
-1452,-16376,3740,426,-58,-1140
-1168,-15956,4628,669,932,-2531
-24,-15500,4444,427,96,-2604
180,-15564,4420,63,-83,-2109
24,-15776,4636,-35,-323,-1395
344,-15700,4376,-85,-63,-878
