6104,-5944,14864,-2243,-4579,1518
6716,-3868,13692,-2450,-4241,1809
7152,-4112,12340,-3058,-3954,4709
4576,-3920,12620,-2033,-1273,3051
4168,-3128,10584,-8720,705,3711
7312,-6612,11428,-18725,2784,1528
6172,-10788,15740,-10010,2766,1256
1748,-12120,18224,-2043,4079,1348
2760,-8124,13696,-1546,560,549
1604,-9124,12620,-5391,832,3598
3608,-8468,13828,-2897,764,3727
3172,-6040,9560,-4959,622,2532
5004,-9024,10200,-7670,1788,2034
4884,-8580,7748,-10909,4494,-934
4656,-11872,8644,-22695,7018,-3109
7456,-16696,10584,735,12623,-10523
4284,-14252,10828,-5291,11136,-10445
184,-12344,10096,-6654,10806,-10496
2212,-13860,8668,-4978,11803,-11155
-2856,-13100,10520,-3485,11672,-5802
-2456,-12956,9892,-2094,8968,-6513
-4244,-11000,11764,-12,6136,-3309
-3656,-11592,13024,-784,3744,-93
-3180,-11132,12660,-2260,215,-1647
-1900,-11348,12052,-1050,-1854,2450
-2700,-11836,12952,1143,273,5304
-3260,-10832,13700,1792,-6633,12052
960,-12984,14956,3105,-1190,10742
-436,-11472,14452,941,-4675,9793
-1388,-10656,15140,-389,-3758,10606
3756,-11784,11488,-465,-6644,8521
9432,-13676,4904,362,1031,4365
5192,-11164,9024,226,161,479
636,-11652,12056,939,-2190,4097
3168,-13796,10332,320,-1169,1126
3904,-13464,10276,634,4895,-7799
2724,-12840,10296,-323,7191,-9119
2452,-12512,10764,689,8516,-11581
-816,-10680,11860,1143,8864,-11830
-120,-11168,12196,848,8154,-10356
-4000,-11192,12436,-1016,4959,-10543
-5508,-10352,11872,-2793,3422,-5921
-6108,-10384,12500,-2429,1731,-3123
-4208,-10424,11612,-1037,644,-910
-1236,-12076,12800,-1198,159,-2385
612,-11840,12488,941,-2131,-6294
2060,-15704,11052,19027,-1711,-482
-2032,-10100,12060,25812,-3077,4106
-2808,-9780,16148,21207,-7807,5010
2204,-7104,14284,16153,-7680,4109
392,-4656,15272,18182,-11026,3102
-200,-1488,13132,9615,-8064,6346
6404,-5688,14392,1088,-11138,6005
6172,-4056,13432,8320,-10531,140
5416,-3464,14584,10731,-6820,982
5784,-2852,10616,9823,-1751,339
