2056,-11604,10976,-261,75,-102
1676,-11676,11148,-193,15,-75
1648,-11684,11060,-34,-304,-339
1876,-11732,11596,73,-576,-544
2196,-11348,11396,-125,-1098,-358
2180,-11712,10944,-396,-1692,132
2208,-11584,11120,-736,-791,191
2172,-11576,11292,-1354,-522,220
2200,-11732,11136,-2214,-409,544
1988,-11796,11660,-2847,-550,549
2492,-11756,11020,-4096,-621,737
3632,-11812,10292,3052,-515,-460
1960,-11660,10404,2519,-878,-196
2640,-12952,10964,-1623,349,915
3824,-12244,12100,-1293,5,-495
3720,-11732,11644,1858,1100,-2268
3296,-11056,9628,1723,2292,-2061
3212,-12316,13104,589,3124,-2854
4968,-13104,10208,116,830,-4121
2056,-12588,10032,-409,1778,-4708
2280,-10224,7648,-1375,4703,-2788
2424,-11060,7840,-2204,3159,-1985
1728,-12624,10160,-4681,2939,-2797
2800,-13132,8728,-8182,3480,-3243
1764,-12844,10124,-9367,2696,-2555
1504,-13012,8080,-8947,2382,-1007
632,-13364,8828,-8124,1693,-534
1076,-11412,7776,-6675,-559,-1025
608,-14388,8844,-5162,-1763,3
4476,-16344,5696,-82,480,2190
-1160,-14884,10744,411,-2384,3044
3196,-11764,7100,-1019,-4573,1892
7800,-19676,10320,-198,-1176,2171
-2660,-6788,8424,-3024,-1235,2556
2332,-11688,8484,-527,-1946,1960
3096,-13896,11012,386,-1472,3198
4040,-14068,5520,-650,-1714,4616
2340,-15600,3396,775,-1737,4588
6060,-9712,7492,1839,-2221,2307
3128,-11876,9128,3501,-4496,1457
4344,-13980,9156,1614,-766,-351
5960,-13528,6552,150,3535,796
5372,-12456,4100,929,4561,-3084
4344,-15200,8468,-478,4081,-4260
4360,-14136,7384,-1172,4558,-6142
2736,-12284,6832,-1536,4270,-6115
1032,-12080,5580,-1662,6948,-4171
-944,-17752,10408,-657,8585,-4042
460,-15736,11180,1076,4864,-4078
1412,-9992,9620,783,1019,-2675
-4076,-16440,13536,1325,1968,-865
1772,-11480,7816,2275,98,923
740,-13304,9732,2709,26,420
1268,-13088,9856,1604,101,-1805
1572,-12960,10004,12,-877,-2574
1992,-12884,9976,-1671,-729,-1196
