1860,-13528,8836,124,325,-237
1864,-13572,8820,45,106,-332
1816,-13204,8732,178,297,-305
1984,-13048,8772,86,172,-319
1876,-13364,8900,-110,20,-342
1788,-13308,9192,-334,-57,-236
1756,-13456,8884,-304,104,-202
1896,-13504,8916,-215,-111,-505
1900,-13384,8792,-293,-128,-437
1632,-13284,9480,-351,-556,-362
1696,-13392,9108,-425,-408,-652
2328,-13352,9016,-781,-458,-327
1884,-13304,9044,-1025,-560,-358
2632,-13232,8856,-1453,-145,-558
5020,-13008,7596,862,-1041,-648
6452,-14404,6840,995,-1348,-702
5036,-12420,5124,-848,2823,1316
2648,-12572,10084,100,1430,476
5316,-11900,4432,418,1831,-742
5240,-15868,5804,-260,2366,-1012
3396,-13696,8916,1,1485,-2291
3236,-17228,11444,132,2266,-3271
2212,-13556,8708,-187,2701,-377
212,-13140,9620,-318,3847,-418
-1244,-11344,10604,-704,2374,-986
3676,-9992,3088,-518,4066,253
2292,-13648,8136,193,2262,-299
1752,-13920,8636,-337,1349,-1409
1488,-14028,8344,-2881,1659,-1779
1356,-14348,9288,-2873,1742,-1411
696,-13184,8900,-1881,1341,-952
276,-12848,9956,-1649,-118,-1377
912,-12844,9952,-1227,-963,-1158
1936,-15316,10600,-185,-565,-993
964,-12980,8512,-1005,-2457,-344
1048,-12640,10296,-1361,-766,-609
2732,-13300,8836,-2055,430,118
2308,-13684,10780,-1499,-380,253
1196,-13752,10404,-1688,-1008,735
2092,-13328,6876,-1828,-79,1733
-1916,-11640,8720,-2607,1035,4364
452,-14616,8480,-1380,-1547,5430
-1656,-13300,10960,-489,-2673,4196
1632,-13392,11232,2221,-6209,1185
7124,-14752,8368,323,-3920,-641
3172,-13588,9500,-1007,1459,-1003
1636,-13608,8108,-1083,2981,3772
-1496,-14844,8424,-1128,5698,6167
11656,-15244,3072,109,-743,-4417
-8388,-20960,12204,-1481,3567,-2603
4836,-9864,12084,-1434,2966,-3544
-2044,-22836,13744,-1694,2941,-5178
-4780,-12152,7576,-1503,3326,-2159
456,-11736,4560,-637,3868,640
-4,-15740,6436,-1610,3636,-3154
-1280,-19976,18348,505,538,-3520
-2480,-14308,8556,-164,732,-158
-388,-10912,7412,404,673,-136
432,-14528,8308,1732,-622,-419
1488,-13728,8776,533,-336,-1697
2012,-13640,7652,-354,-349,-1488
1892,-13764,8344,-1115,-54,-628
1544,-14132,8264,-1405,295,-463
1760,-13764,7928,-890,132,-1043
1608,-13784,7896,-446,-36,-1305
1744,-13984,8448,-224,-48,-740
