-56,-13644,8592,-1469,721,-825
-1384,-10804,10352,-971,100,-1094
80,-11792,6760,-1175,367,490
672,-14872,7684,296,-767,-842
484,-11780,6084,-544,-808,-412
620,-14416,7664,-210,-1251,248
1472,-15408,11968,-1274,-1655,2431
1280,-12584,11776,-2070,-1558,2114
1720,-17484,10404,-276,-1466,973
1800,-12688,13016,-258,-4001,2181
-2368,-12396,12204,-242,-824,4405
5224,-11308,8232,2333,-2400,1160
6220,-13960,10204,1733,-2172,1466
-884,-11648,10940,70,-938,2533
3152,-15604,9712,38,-3941,1441
5780,-13924,7004,-541,431,9
3204,-13992,8200,-245,589,-81
2184,-13984,7800,212,1277,1221
2372,-11112,7264,-2583,1903,-190
5668,-15224,4740,-2966,3859,-4212
2924,-13980,8348,-3097,5009,-3902
616,-12364,12904,-1868,3496,-3057
860,-16516,10228,-1200,3227,-2984
52,-10144,-724,1023,7241,-1681
-140,-14392,8004,737,3624,-3597
488,-14220,9036,758,4636,-3976
-1516,-12516,3872,385,4149,-3514
-712,-16804,9672,1636,2659,-3749
3908,-11124,6908,3047,659,-418
128,-13588,9016,5172,-323,1920
120,-13412,9756,3332,-9,-2029
1292,-12828,9900,2006,-840,-2856
1992,-12424,10364,-390,-806,-1453
