-2840,-14680,6388,-1345,-151,-12
-2732,-15176,5980,-1653,-345,-293
-2628,-15128,5768,-1393,-256,-462
-2380,-15160,5592,-873,-350,-167
-2868,-14980,6008,-423,-421,-263
-2872,-14876,6000,-919,-721,-318
-2624,-14736,5832,-2130,-1209,340
-2860,-14620,6132,-4329,-2003,1186
-2348,-15432,5328,-5473,-1625,2230
-32768,-8460,21668,-21157,12027,15228
-32768,-1076,7680,-1496,26591,11166
-1584,-20260,8000,1747,5383,1354
3872,-23996,13988,3768,3291,-5663
-1320,-15772,2660,2803,6747,-4546
-5780,-15564,6360,1248,6387,-4234
-1788,-14712,5364,475,8438,-5156
-3400,-14888,5092,6,9428,-2728
-3580,-14240,7220,-134,7946,-2018
-5904,-14176,6868,-508,5135,-2119
-7752,-12236,5024,-7176,-631,-4290
-3120,-14272,4900,-5798,-3096,-2464
-5040,-13528,3832,-6913,-513,984
-4968,-14896,10052,-4946,-1934,1346
-1812,-14744,6152,3173,-3334,-1002
-3464,-15100,9096,855,-224,1832
-2324,-13444,5684,-1505,-2883,1545
-120,-14784,6048,-556,-2066,1036
168,-15664,6824,1128,-2625,-51
1092,-15008,6676,793,-571,-79
1388,-13548,4796,-1763,3507,-1883
-576,-14484,5744,-699,2335,4132
-1976,-15100,5900,1436,3695,4575
-2512,-15212,6096,2345,2760,2738
-3332,-15120,6604,1855,3253,1385
-3448,-14412,7164,1496,2033,1829
-3036,-15276,8572,-300,4185,1014
-3032,-13960,6400,-364,112,84
-968,-16976,8140,-20,-1954,-760
-4296,-15108,7588,-1026,1310,1292
-1036,-15632,8168,-1108,-379,-1572
-2696,-13860,6032,-730,204,-1412
-1832,-13836,4376,33,520,-768
-3972,-12852,4580,153,1467,-406
-4404,-14424,5520,-565,1817,-793
-3148,-16192,7504,-775,1463,-1094
-4104,-14724,5060,-213,1021,-351
-4168,-13548,5716,252,1139,-556
-2904,-13160,5784,-656,930,-547
-3772,-15956,8824,-394,-1517,-1225
-4764,-15368,7536,1492,-2065,539
-2980,-14508,6812,-821,-60,-2072
-2844,-14432,6400,-1920,253,-603
-3532,-14644,6372,-969,96,29
-2984,-14752,6084,-736,-197,-162
-2740,-14732,6024,-666,81,-467
-2668,-14744,6192,-594,186,-528
-3052,-14968,6268,-353,-19,-218
-3348,-14652,6388,444,75,-67
-3276,-14904,6104,676,39,-409
-2888,-14624,6256,251,24,-776
