1416,-14380,7436,-206,-14,-88
1392,-14408,7520,-3,139,-166
1520,-14112,7344,-192,274,-211
1580,-14132,7296,-149,174,-311
1472,-14260,7664,-316,49,-375
1456,-14296,7832,-305,29,-170
1464,-14300,7580,-186,148,-143
1744,-14228,7476,-154,70,-367
1636,-14376,7556,-267,43,-169
1512,-14292,7936,-334,2,-101
1704,-14144,7656,-604,-33,-96
1348,-14328,7640,-307,-201,44
1736,-14024,7964,-16,21,210
812,-12164,10160,2384,-1947,-695
-1324,-15692,13252,1500,-2561,-584
2612,-8736,11004,1473,-4098,-749
3344,-17528,8924,1581,-2088,-1246
3124,-5588,4656,-203,-1147,815
3456,-13776,13072,826,-546,-2300
5832,-11836,9916,2058,603,-2089
2460,-17068,10696,1252,915,-3005
5668,-14988,6460,-1129,4490,-927
5932,-16424,15604,288,-2741,-3305
-3628,-20668,11792,-805,4660,-2079
-744,-13576,8232,-379,2835,-308
-2792,-15084,11552,-1140,2488,-1395
4852,-19548,12156,-1168,-1300,-3953
-1416,-15640,10664,-1345,535,-2204
1244,-14072,7096,223,2356,-49
244,-15180,8136,1129,1532,44
276,-12728,8208,3695,391,-755
480,-13076,9096,2993,-1117,-1698
1060,-13744,10100,1349,-1135,-2007
1216,-12696,9272,-1021,-1029,-596
1720,-12352,9872,-1645,-2036,355
1944,-12800,8312,-1083,-174,-391
1100,-12420,8200,-1722,445,319
1288,-14520,10100,-1455,-315,1793
1844,-14124,10748,-663,-1217,1623
384,-13712,10244,-208,-1465,2010
2048,-13760,9880,458,-1612,2572
3460,-11820,6840,1376,-1263,2779
4144,-13008,7568,1855,-87,2827
4308,-12036,9340,2916,-1518,1657
4164,-12304,9176,4386,1751,-1392
1940,-12432,9816,4123,2572,1453
2740,-12324,9600,4141,4407,3135
904,-12236,11236,3903,6494,4087
-988,-11972,10584,2052,-1942,-2179
3196,-14844,11772,797,2263,-6177
-160,-12516,11584,625,1673,-4071
916,-11788,10340,334,2154,-2277
496,-10784,10568,-661,3255,-3640
-900,-9976,9940,640,4122,-3644
-812,-11776,9508,286,2078,-188
140,-11448,11048,806,1125,-1122
-856,-11556,10116,616,1811,-1406
-1712,-11456,10592,1870,763,1446
236,-11668,11704,1360,-329,-1466
408,-11456,11484,472,-515,-2953
1080,-11276,11576,219,-969,-2621
1668,-11336,11224,-593,-122,-1269
1284,-11516,11172,-661,68,-1040
1476,-11332,11576,-513,-114,-812
1516,-11472,10956,-165,-54,-770
1412,-11464,11272,84,175,-334
