-3544,-15936,6500,-761,-968,161
-2828,-15564,5920,600,-103,-635
-2976,-15408,5960,862,-359,-1402
-2772,-14288,6300,554,-742,-1399
-2568,-14744,6524,-370,-599,-474
-2424,-14364,6720,-2157,-786,764
-2508,-15120,5920,-4714,-763,1646
-2632,-14592,6432,-6808,-1655,1576
-2620,-15264,5700,-9704,-1516,2852
-460,-17532,2464,-17371,632,4175
-232,-32768,25944,5825,-5460,1695
-596,-956,-9176,1303,8948,2008
-4776,-15828,7596,4286,2246,826
-4124,-13340,1720,7907,4986,-3042
-3716,-16104,8464,3531,3114,-1881
-2320,-14952,4336,2778,3965,-1000
-3348,-12648,1876,3880,3569,-2450
-2756,-15200,4988,1937,4567,-3141
-2744,-15876,7108,-453,6504,-4386
-1636,-13968,5516,-1592,5717,-3569
-4792,-14344,6112,-1403,5086,-1196
-5100,-14244,6304,-253,2090,-655
-5160,-14840,6652,-611,2331,-2242
-5416,-14616,7660,-1681,-20,-3186
-5684,-13272,5840,-4325,-1779,-4031
-4536,-11864,4608,-7422,-105,-194
-5128,-12508,5380,-7416,-547,1361
-3464,-15352,6672,-1003,-2966,308
-4224,-12172,5544,-360,-3154,340
-4176,-14380,6352,-2851,-1483,2568
-2952,-14304,6176,1220,-2588,705
-2268,-14720,7728,1566,-1209,698
24,-15080,7396,-182,-904,1236
828,-14020,4584,3357,-3196,-1347
1236,-14428,7000,151,-1447,-1245
5800,-16656,6492,-2285,-2607,-6208
-1240,-14460,5916,-2636,658,3018
-2176,-15344,5840,387,949,3625
-2216,-14792,6032,2481,3039,4111
-2620,-14720,6652,1814,4583,3942
-4316,-14744,7372,465,1732,3799
-3756,-10728,3288,-1090,-2213,-390
-2920,-12772,3596,-1399,1751,52
-2572,-14900,5636,95,860,-1512
716,-18484,8552,315,-232,-3164
-620,-16752,6832,719,157,-1692
-3192,-17004,9512,-375,1079,-1599
-3360,-13420,5216,-37,2348,-1128
-3452,-13548,5832,-358,3311,-993
-3288,-12972,4768,-301,2424,-1216
-1056,-15716,5188,240,2093,-2221
-3396,-13448,4892,-768,3252,-2993
-4060,-12308,4548,238,2709,-1447
-4900,-16004,6968,94,262,-1518
-5632,-14548,6780,-35,893,-803
-6220,-15800,9784,231,-533,-617
-8044,-14512,8764,1471,-1669,2292
-3996,-14464,7300,527,504,-2261
-3136,-14380,7108,-1840,843,-1771
-3140,-14432,6644,-2614,640,-735
-3308,-14904,6468,-1399,373,-306
-2780,-14824,6468,463,61,-732
-2576,-14420,6596,349,-32,-200
-2876,-14528,6468,550,-19,628
-3368,-14532,6536,-5,199,-36
-3076,-14640,6428,-131,-69,101
-3080,-14532,6648,-21,14,-249
-2920,-14568,6888,509,-306,-939
-2928,-14380,7024,199,-288,-1100
-2848,-14552,6672,-653,62,-293
