1536,-15152,5792,-598,259,-64
1412,-15324,5664,-533,-53,-135
1244,-15340,5700,-654,78,-231
1460,-15384,5536,-815,-94,-213
1468,-15384,5460,-932,-102,-283
1464,-15308,5832,-944,24,-282
1464,-15140,5672,-1241,-11,-63
360,-15676,6244,-746,-378,935
612,-15292,6264,-277,-277,870
840,-14924,4112,-314,-1454,133
3076,-13340,5472,1265,-733,-423
5180,-6832,6516,543,-2393,-244
4876,-8404,6036,3984,-1982,-3423
552,-13404,156,1351,-573,889
3016,-14600,-80,2200,896,190
5508,-6340,-11056,-383,6979,7770
4096,-9256,4796,2732,-7993,-1847
8064,-9148,2288,-744,-1352,-3299
4740,-16700,7356,582,533,-5320
3240,-14992,4624,1188,3287,-1404
1988,-14980,96,2220,193,-3562
2544,-12836,-1216,896,5420,-2261
-1268,-18016,9748,-303,1294,-2815
-320,-7944,9008,-3901,2733,-2090
3700,-17900,2184,1257,6312,-817
-292,-15444,7836,-170,4337,-1585
1264,-15244,548,-2591,1702,-329
-2344,-9080,12332,-3129,-589,473
928,-13292,6824,783,1139,284
48,-17172,12608,527,1136,1290
-232,-18120,14504,-1192,-749,690
5192,-15408,2552,-1031,-1644,1448
2028,-25148,7216,-130,-3205,1049
868,-12560,2752,-1916,361,3175
-548,-9756,-272,-3950,929,3287
6288,-20992,-240,-3499,1041,2107
-1852,-10852,3836,-2122,-604,1877
-1564,-6044,-1568,-2782,-500,3753
1640,-16708,-1940,-1031,-2731,3163
8348,-17956,2336,2228,-983,719
6224,-20740,4828,1228,-2419,-40
7620,-13216,4496,-578,-715,-1147
1188,-12264,3480,-673,4404,618
1024,-14648,3228,-1289,4567,-1692
1868,-15224,3996,-583,2912,-4127
2324,-14596,6596,-3259,3039,-796
2500,-19220,4940,95,2741,-3607
-552,-15308,8132,-725,2430,-2791
1108,-13372,2092,-477,2973,-3130
-512,-11700,3968,-111,1659,-3051
528,-20452,4904,424,4756,-1505
-2796,-22080,9468,-102,5926,735
512,-12872,11952,-1371,163,-2241
6964,-17040,3520,-173,-1893,-2314
7080,-15036,5092,499,893,-2988
76,-14268,6572,778,-1062,-436
608,-15392,8348,581,334,-164
1648,-14976,6648,64,-38,-389
