-1308,-21144,10380,-1747,-282,-2422
-1908,-15108,5724,1199,305,1168
-2984,-14940,6516,3076,310,356
-2452,-14904,6672,3902,210,-523
-2248,-14472,6672,4172,848,219
-2328,-14160,7420,3625,1066,386
-2536,-14192,7404,2375,373,345
-2908,-14092,7988,1204,412,-253
-2852,-14152,7796,154,382,-800
-2548,-14220,7768,-64,21,-460
-2548,-14080,7856,-645,52,-306
-2764,-14240,7780,-1265,30,-516
-2360,-14096,7528,-1299,-205,-750
-2376,-14296,7348,-1087,-173,-662
-2316,-14216,7540,-47,-584,-832
-2324,-14092,7652,-255,-663,-244
-2472,-13984,7940,-1091,-833,264
-2332,-14348,7724,-2801,-1650,500
-2012,-13988,7716,-4204,-1864,555
-1932,-14404,7200,-6045,-2253,1422
-1420,-14436,5780,-6735,-131,1391
4196,-3188,-18872,-6285,19989,10895
3052,-12956,5688,-9035,3467,8679
17948,-20628,-16852,-9307,-387,9920
15032,-24448,6608,4632,3235,-7442
-2164,-14352,11444,2112,3742,-5478
1160,-17552,10080,1948,3323,-4898
-1452,-17452,12084,2961,3182,-5991
-3120,-9656,3520,2421,7308,-3717
-488,-14236,9984,296,4559,-4422
-1432,-13132,6556,17,3236,-4914
-1280,-14776,6372,-1266,3550,-3581
-5680,-13972,7448,-40,3832,-2358
-4044,-14032,7652,170,4103,-1425
-3540,-12944,7596,-2057,5080,-2453
-5068,-13608,7644,-586,1036,-3897
-3236,-13604,6872,-675,246,-2836
-3348,-11284,5436,-4174,-1571,-2027
-2520,-10076,4476,-5902,-1893,-709
-4724,-13580,7020,-9685,-1041,1530
-2612,-13644,6924,-3582,-2919,638
-864,-15644,9148,497,-3909,-615
-2500,-16248,8484,-2539,-1668,1476
-2944,-12852,7336,-538,-3096,1303
-500,-14900,8060,2188,-3661,341
-396,-15396,9312,-670,-3117,1969
-44,-14052,8236,-3715,-6,4633
636,-16228,7500,-2542,-1282,2411
1796,-15836,8724,197,-2151,-290
3456,-13240,6988,-570,346,1628
204,-14480,7088,-3519,-866,417
448,-14272,6148,-3406,1661,8402
-2328,-16320,6440,-1045,4743,8136
-10100,-12884,10824,982,-5310,-661
-3192,-13396,2148,642,3351,1028
-1376,-15040,3696,-135,1846,-1191
-380,-16644,6332,437,2457,-1174
-3148,-15412,7440,1029,2024,-706
-4492,-12368,5468,-464,4296,-554
-2388,-12460,4712,-243,1998,16
-5620,-15736,7792,1009,302,-901
-3604,-13432,5644,1182,2922,-1398
-3464,-13644,5920,1615,1438,-1481
-3468,-14016,5684,1147,1730,-1447
-4436,-14176,6776,717,527,-126
-5872,-11560,3936,939,2468,554
-5052,-14900,11680,350,-1012,89
-5296,-15324,8112,2103,-3892,1772
-3276,-14500,7704,731,-159,-2023
-2432,-14240,7416,-1258,777,-1440
-2504,-14312,7236,-2324,783,-545
-2592,-14632,6840,-2336,471,56
-2500,-14584,6720,-685,106,13
-2616,-14608,6876,341,104,11
-2736,-14516,6896,1239,78,-268
-2600,-14324,7168,1426,-34,-196
-2688,-14200,7312,991,-235,-119
-2668,-14140,7408,497,82,-117
-2884,-14112,7636,-361,104,-308
-2788,-14220,7488,-905,171,-213
-2764,-14444,7416,-1038,-18,-308
-2832,-14296,7092,-75,35,-611
-2288,-14204,7264,294,91,-342
-2696,-14236,7504,113,31,-235
