3064,-9208,11912,1616,380,-417
2036,-9820,12636,2140,826,-37
1752,-9536,12668,2020,1099,-281
1876,-9216,13372,1285,495,-457
1980,-9280,13072,725,382,-293
1824,-9104,13208,478,545,-67
1688,-9140,13148,67,518,-174
1656,-9060,13316,-378,160,-365
1996,-9156,13280,-675,-130,-330
1632,-9272,13412,-803,-41,-149
1536,-9144,13276,-870,-200,-291
2384,-9144,12592,-743,-334,-258
1924,-9160,13336,-731,-252,-14
2084,-9032,13400,-941,-142,73
2080,-9212,13012,-1617,-335,91
2068,-9144,13212,-2611,112,446
2364,-8748,13044,-1772,160,1246
3248,-7896,13900,-775,-665,775
3908,-8896,12396,1258,-1020,-133
2936,-9052,12232,1659,-327,-494
1548,-10188,12892,-1032,1016,-943
3240,-11440,13040,-2414,1985,-1942
1476,-10220,13172,-1622,1677,-2438
-292,-11132,13180,-2482,2368,-1045
748,-12836,12840,-2366,2352,-1845
240,-10040,11740,-1553,2748,-2119
1080,-9404,10660,-678,2097,-1185
-264,-10960,12428,-1300,1985,-1469
204,-11568,12332,-3635,24,-1774
820,-11772,12580,-4092,-204,-1042
-72,-10460,12820,-3244,-1263,-636
728,-9840,11980,-3467,-2226,-933
488,-11160,11864,-3193,-1984,-309
1116,-10344,10300,-2356,-1807,214
1404,-9996,10892,-2823,-1569,1220
1088,-11880,13616,-2505,-542,1091
1292,-11676,12548,-2219,-782,1735
1404,-10696,11192,-2745,-930,2485
3204,-10932,10052,-648,-743,2982
2676,-11996,13576,-148,-528,2684
2628,-12388,12532,-152,340,1977
2784,-10400,9220,-221,-374,2169
4640,-13392,13432,769,-988,225
3516,-10432,11748,1647,1797,985
2912,-10896,11228,987,5086,4889
656,-11328,10948,957,5949,6821
-2384,-10188,14348,1696,-1952,-3145
2384,-12212,12308,1765,2338,-3996
1728,-12808,12592,634,3188,-2079
-720,-8612,10492,-722,3157,-3967
-444,-10544,12344,-485,2954,-4307
-1244,-11524,12048,-6,1861,-2971
-1984,-14824,13268,-503,885,-2850
-2256,-9996,12068,-115,559,-331
