-1156,-11588,11336,-497,355,0
-1164,-11348,11940,-504,88,-42
-876,-11116,10796,-237,135,168
-1020,-11348,11360,-522,-95,-4
-1308,-11660,11364,-315,-194,-45
-1432,-10872,11164,-251,-240,131
-2040,-11020,11800,-314,-840,220
-2048,-11032,11324,-664,-1132,335
-2180,-10648,11568,-1074,-1285,1090
-1488,-9480,11100,-930,-2066,2403
-1252,-9040,9936,-1910,-2573,737
-484,-11580,11476,-2105,-3815,-1062
-192,-13276,12696,-1457,-3765,-2567
-836,-12412,11500,-645,-3532,-2326
112,-11568,11288,-1367,-2489,-229
324,-11988,10908,-3248,-2021,-1950
2540,-13588,13960,1574,-2914,2491
1812,-11948,12232,-700,1730,209
6456,-8012,13924,-73,2993,-3874
4852,-9228,12612,6482,241,-2424
-328,-11536,8276,12502,-5964,3814
4068,-14556,8320,6819,-9247,11411
2972,-14424,6288,-8049,27933,-22935
-11200,-10120,9112,-15696,17220,-20959
-2700,-14520,5496,632,-5338,3171
-6108,-14856,10512,-5176,-9123,5874
-3812,-16676,8896,-3193,-9027,10445
5704,-7736,14428,-2183,-11999,13218
7304,-6500,16916,-5068,-6495,7474
5896,-7876,15024,-1239,1840,3735
8308,-7904,18704,-844,-1705,-12746
1184,-9944,8196,10529,16835,-22478
-12344,-20468,8512,3784,11181,-5047
-5436,-18304,8416,-4414,-2846,1572
-2512,-13684,11184,-5287,4478,3344
116,-10512,13352,1276,904,5669
3212,-11348,12960,3442,-1244,3707
936,-10844,12632,-133,1116,1165
