-2536,-14996,6412,780,-230,-543
-2116,-14720,6484,437,-362,-352
-1932,-14684,6556,-801,-252,115
-2116,-14700,6184,-1547,-1252,-357
-1872,-14460,6668,-3026,-1445,810
-2028,-14928,6192,-4318,-1746,1519
-2420,-14936,5976,-6569,-1795,2090
-2920,-15968,7364,-5295,-2524,2080
7696,-23096,-4840,-7678,4455,5900
12580,-10524,-1816,11204,-2013,-2994
-16452,-18372,13840,-1827,13237,5037
-2520,-15160,8636,1637,144,-1489
-3376,-7976,-5164,752,1821,500
-776,-16060,7576,3312,3349,-614
-1204,-14940,6376,3873,5071,-2727
-1896,-17368,6156,1453,4853,-2836
-764,-15220,4256,1028,5358,-3273
-3940,-13760,5608,1024,4562,-1756
-2244,-14112,7460,-39,4252,-2256
-4120,-14736,6028,498,3653,-2060
-5416,-14080,6492,636,2752,-1470
-4516,-14424,7108,312,2706,-2621
-3324,-15060,6300,-859,2448,-2148
-3664,-15468,7400,-1621,871,-3248
-3356,-15268,6744,-2251,1658,-1898
-4316,-9888,2764,-4175,1410,-1595
-2368,-15944,9380,-1046,-79,-1407
-4576,-15720,5816,-1762,2053,1145
-4096,-15784,9324,-4038,-1807,1218
-2080,-16656,9080,1736,-2516,-25
-2948,-14196,6652,3002,-2526,-1075
-2148,-14920,6480,-823,-296,1829
-2200,-13824,5388,-2608,-335,1854
-2016,-13680,5988,1027,-1342,175
-376,-15112,7940,5,-2375,-1693
-856,-14400,6880,238,447,791
-608,-15244,7964,-1069,-2213,503
-296,-13704,3328,321,-325,-95
3352,-14788,5140,-274,-1970,-2850
-1124,-14728,6716,-1956,1361,746
-2276,-15008,6256,-605,1006,3265
-2188,-15144,5584,1317,1015,2337
-2748,-14988,6604,2815,1075,1734
-2620,-14568,6604,2403,1091,1533
-2408,-14072,6844,1060,1273,1963
-2684,-14388,6868,-165,951,2190
-3144,-14340,6932,-1931,1003,2887
-3384,-14944,6940,-1137,-470,2589
1740,-11616,-6236,-2340,4448,2635
-2488,-15216,7140,-1382,838,-484
-5092,-11968,1028,547,487,1772
-2288,-15636,7900,1227,-1805,-270
-2384,-15116,8364,-519,-307,-1101
-2848,-15132,7164,-515,343,-1727
-1568,-13696,4272,329,1652,-1419
-3816,-15156,7664,447,-537,-2420
-3348,-14764,7656,-154,3810,-2216
-216,-14708,5280,314,2496,-2794
-1788,-15388,6620,1607,-73,-3476
-3724,-14768,6676,-74,2065,-2695
-3044,-13680,5548,-857,1618,-3247
-4584,-14688,6976,362,2163,-2397
-5532,-15104,8212,234,741,-925
-4732,-13828,7444,-163,406,-60
-8780,-20592,13900,1045,-4666,2487
-3480,-14824,7548,13,-137,-2269
-2828,-14220,7204,-1783,1065,-2347
-2676,-14472,6964,-3358,467,-1524
-2300,-14696,6508,-2896,-3,-1082
-2112,-14940,6152,-1847,-197,-665
-2276,-14932,6152,-809,-120,-266
-2408,-14944,6172,275,-58,-39
