1424,-12516,10140,-545,-155,-453
1696,-12604,9928,-619,23,-127
1436,-12624,10080,-669,169,82
1496,-12800,10172,-528,113,-71
1332,-12756,10268,-416,-21,-313
1508,-12632,10040,-304,-67,-517
1508,-12644,10144,-120,-14,-241
1452,-12660,10164,-139,265,-52
1632,-12620,10032,-201,184,-93
1416,-12604,10020,-147,147,-217
1656,-12708,10144,-169,-32,-311
1544,-12568,9916,-363,-78,-241
1568,-12664,10256,-834,50,-62
1212,-12416,10512,-2270,-593,-55
1140,-12800,10128,-3713,-667,-135
1420,-13096,9684,-5306,-1358,57
1980,-7428,12100,-10800,167,1006
1716,-14592,9816,-10018,268,319
1060,-12492,5156,-9121,432,245
4148,-19332,8236,-13590,4930,2103
2460,-18544,11120,-6954,-889,48
2212,-17396,8804,-4079,539,-529
1716,-15072,6232,-3587,-998,-333
836,-11964,9456,1687,-1077,-1937
1064,-18112,5552,-2531,-3242,-1028
-1236,-13580,7120,-3439,-3311,653
1440,-15816,5108,-1401,-2730,-1065
152,-16188,6224,502,-186,862
-2188,-15180,4624,2727,-1807,-1301
2964,-14440,1236,3084,-1040,-2913
4676,-13212,7424,2266,-1952,-1900
7968,-4356,-1520,-677,2798,-947
12232,-11324,-2500,841,1738,-1683
2080,-14416,5216,2005,1828,-1749
4692,-16136,4692,-3131,1436,-1060
7292,-8668,4132,-2078,6408,-730
312,-20432,2560,-3179,3518,-1811
7052,-18312,8640,1992,4530,-4408
4344,-9156,15164,-7439,-746,-1694
-940,-22960,3776,1891,6134,2233
-1204,-11276,10788,-878,101,2444
5432,-24696,8856,4312,-702,2479
-3956,-10420,-2612,-2068,3082,3622
-11440,5008,2056,-5852,1549,4036
-8384,-23060,15008,3831,-111,2411
-2164,-14220,5720,-1917,-1186,490
-1780,-12016,8248,116,-1077,1360
6656,-21072,8400,2097,-3838,547
-2348,-12508,2060,641,-1532,1852
-300,-17180,1504,-675,-1772,-61
-224,-16024,9816,856,-651,842
7600,-16584,4648,-555,-2174,-1650
1604,-15104,4784,-302,1879,1599
5488,-14392,1740,-125,3949,-836
8864,-13920,320,-1220,4043,-3543
3424,-11268,10372,-2365,-2,-2177
-1252,-17976,12016,1220,2356,-743
-2536,-14548,-1836,-2946,4176,-120
4860,-14296,2488,-1325,1733,-4502
2720,-15012,5716,1837,5756,-2122
-1264,-17896,-852,-3199,1129,-1722
7752,-17148,3968,1921,9333,-2791
-5180,-15348,1840,382,5919,-798
6920,-15624,5012,760,5091,-2499
