1304,-15640,5112,-498,-24,-238
1276,-15608,4888,-467,38,-313
1328,-15260,4596,-578,205,-73
1280,-15492,4624,-528,213,-149
1148,-15524,4876,-508,225,-226
1220,-15504,5168,-559,187,-226
1304,-15508,4876,-843,50,-236
1244,-15544,4976,-724,164,-178
1288,-15684,4932,-646,72,-180
1336,-15540,5116,-637,10,-175
1388,-15540,5076,-636,108,-191
1208,-15572,4864,-658,19,-60
1396,-15648,5016,-660,-9,-43
3192,-13916,4620,1696,-341,388
3220,-14548,5076,4311,-1334,-1018
792,-16832,3360,-561,283,-366
1284,-15688,6112,-1573,486,-329
-2456,-21032,5112,98,-72,-211
-28,-14524,3908,-1824,-92,1025
-4,-12552,7124,-1215,-403,216
6992,-12984,3332,1922,-1322,-1612
2816,-14856,4692,1861,931,-528
6228,-14996,4352,-46,1159,-3313
-12824,-24996,9116,-5560,6714,2862
-2456,-19412,9720,-1215,-432,-3506
-5540,-18652,5120,1990,5670,933
11036,-17948,-4956,-2153,2322,-2482
520,-11760,4,-1496,3814,583
424,-13156,10140,-3642,1226,-940
6896,-20408,648,2186,1094,-2995
3584,-13240,6508,-820,1903,-360
1092,-25144,8444,3269,5279,69
2020,-15452,14096,-3990,-1177,-1091
6308,-15468,6092,-1381,663,66
-4756,-5380,3760,-5128,-137,-251
-1520,-12476,2324,-2280,-1156,-369
-4668,-10060,8616,-2111,-1388,2021
-2116,-7828,6208,-4307,-2794,1540
888,-17200,5668,-280,590,2713
1800,-19480,16132,2831,309,2657
5576,-21600,10460,2479,-273,1886
-420,-12068,1020,-2271,-62,3909
2060,-12996,8736,834,-2307,2498
3260,-21228,9616,4332,-4051,22
2256,-14580,2040,107,1079,1364
916,-14004,9052,611,-398,719
-3100,-13420,8080,-1079,275,2204
5504,-14900,6584,-721,4787,-2286
2544,-19724,13228,-2235,3120,-3123
-1716,-12940,5116,-1193,2672,-1753
7240,-13436,5612,-107,1249,-3804
1104,-18944,7032,-329,1667,-3693
424,-15636,8336,-1621,4427,-1234
-2976,-13480,84,-2946,6123,1301
-4872,-22252,4160,3309,7412,-1708
-4180,-16932,12636,261,-53,-1229
-5144,-14892,9992,-1025,3700,-704
2964,-15364,4292,889,-1373,-750
-712,-14808,8068,563,128,338
1604,-14740,6776,-209,-200,-443
