1560,-14392,7468,-845,-200,-374
1580,-14428,7480,-860,32,-281
1712,-14344,7384,-893,168,-255
1576,-14164,7032,-844,130,-222
1488,-14352,7388,-781,97,-188
1528,-14536,7244,-827,123,-182
1660,-14468,7260,-848,99,-96
1792,-14500,7312,-776,15,-198
1708,-14672,7276,-676,73,-121
1692,-14528,7064,-694,173,-64
1776,-14712,7620,-1169,-146,-221
1836,-14344,7336,-1732,-177,155
1496,-14564,7324,-1818,-45,203
1596,-14648,6996,-2441,-604,33
1596,-14816,7000,-3061,-569,137
1548,-14692,7072,-3505,-820,165
3932,-14584,6508,-1176,-628,649
4016,-12432,5616,994,-1747,-769
3156,-15772,5076,916,-1413,-1392
6800,-16400,8416,-1510,-1091,1201
2544,-7100,6196,1882,-488,-477
4228,-18928,7796,2264,852,-2341
3052,-14184,1568,-199,-78,-2890
3300,-15888,8092,-1005,2519,-1744
4676,-15316,9520,285,1433,-3299
3684,-16292,1572,288,1597,-3025
1476,-20620,6372,-1169,-547,-3317
1432,-13412,6780,-985,2940,-2234
3716,-18056,3888,734,4764,-1661
-1080,-13144,3116,-877,4118,-488
2388,-7896,7920,-5645,1381,-1635
-1012,-16136,13216,-663,2388,-602
372,-15512,5624,-1678,752,-11
6588,-19892,4064,-1836,999,218
1704,-16920,8088,-2388,1458,1762
-992,-13092,4120,-1514,1651,1823
2804,-16200,-592,-1199,-966,713
-4792,-4212,1604,-3351,-852,3530
-140,-9872,2332,-3417,-1554,2499
-544,-15676,16520,1748,-895,256
-5612,-6008,6576,-5962,-2296,2208
4684,-18428,11096,643,-987,2131
136,-7800,5372,-2238,-3383,809
6220,-23072,1268,3267,1425,1684
4500,-14296,4816,540,601,-2165
328,-15176,4696,-1161,1728,-108
11652,-14536,-892,400,2309,-2074
2640,-14248,1528,-2046,3907,-1633
-2356,-22276,17352,453,202,-3585
-132,-14520,7608,-1794,2832,-2223
-1840,-17760,8812,-151,538,-3316
-536,-18728,11244,-91,923,-2153
912,-13676,8952,1523,1658,-4441
-4816,-8508,3964,-2616,5633,2095
-4024,-15380,6788,132,3166,-31
-1296,-12648,9360,2462,1911,-1418
-1328,-12776,7084,400,3259,-229
