1720,-12948,9712,-316,132,-218
1748,-12940,9732,-487,76,-164
1672,-13000,9560,-524,239,19
1620,-13060,9624,-412,50,-114
1732,-12832,9420,-242,104,-287
1792,-12916,9580,-108,125,-144
1628,-13000,9644,-171,271,-54
1848,-12920,9492,-268,13,-182
1648,-12888,9548,-383,153,-57
1668,-12824,9708,-469,132,-79
1772,-12912,9604,-419,-87,-223
1824,-13012,9664,-398,-23,-85
1732,-12864,9676,-486,14,-29
1756,-12880,9592,-657,-81,-13
1640,-12964,9608,-796,-327,-147
1700,-12932,9572,-964,-369,-209
1744,-12960,9716,-1167,-123,-81
1988,-12928,9616,-1526,-32,251
1692,-13088,9740,-1932,-194,129
16424,6408,1916,5257,-7651,-7178
4480,-15152,11080,2626,-2932,-2692
5584,-9024,8796,3287,600,204
4484,-13972,11304,1764,1229,-1244
3076,-14084,9856,805,1210,-2995
3424,-12996,10060,542,1534,-2289
2616,-12232,8912,-579,3211,-1045
1604,-16528,12376,-416,1600,-3568
1648,-14068,9388,-1532,2431,-2501
3020,-13604,8756,-1030,1931,-2851
-776,-14004,9680,-1558,3703,-1828
2176,-14052,9596,-772,2902,-949
2264,-14792,10188,-2716,2536,-2162
1100,-12736,8916,-4159,1916,-2511
876,-13008,9124,-2787,1555,-1682
372,-13788,8452,-3059,420,-1430
64,-13576,10460,-1116,-480,-1091
520,-13388,9620,742,-2076,-1272
344,-12996,9888,1610,-3723,-1521
472,-12476,8660,-1191,-2531,1624
700,-11688,6856,-1473,-365,3202
2028,-12680,9644,-984,-688,3106
3052,-12516,8728,177,-1300,2118
3176,-12932,8068,-201,-1045,1534
3312,-13260,9860,-92,-968,2951
3972,-13276,9832,-117,-644,2271
3744,-11748,7740,173,267,1382
3560,-13424,9616,697,-505,-244
3128,-12836,9352,952,475,828
2856,-13032,9316,991,2658,2944
1172,-13112,9564,1103,4548,3796
1136,-13592,8756,2400,4225,4143
3672,-12916,7828,-982,3347,-2328
1948,-12424,8904,-1604,2156,-4038
856,-11940,8196,-767,3491,-1874
1652,-12996,8800,-757,3212,-1839
-1164,-13644,10864,-1137,3066,-3058
436,-13000,9204,-133,1433,-1793
-2524,-13504,10180,-101,1818,-1260
-224,-12512,9976,457,620,-999
-1660,-12716,9680,1036,-488,210
388,-13220,9992,556,-180,-1772
1140,-12760,9836,-329,-558,-1876
1240,-12672,9844,-1181,-116,-831
916,-13088,9608,-1524,118,-221
692,-13120,9500,-1627,-131,-1319
1124,-13000,9500,-728,-981,-1535
