252,9300,12920,737,673,162
-104,10276,13472,-325,700,-155
668,9036,11944,-993,-266,-283
276,9332,12832,-15,143,-384
1200,9176,13192,517,684,-170
-184,9740,13156,929,2051,324
152,9268,13312,690,678,-62
1232,10232,13284,749,318,-456
1736,10232,14212,-293,-1014,1179
1936,9348,13072,453,-1675,673
1132,8996,14072,1046,-583,914
324,9312,12452,83,-130,1940
1132,8876,12560,881,-344,2292
992,8152,10732,3345,1308,3067
1392,9716,10912,404,1206,3390
-936,8692,11388,5124,-699,-6603
-24,11488,10732,7578,385,-3985
-652,11912,9996,3777,676,-3063
-1896,11232,9212,5614,2637,-3935
-2292,12780,10112,5421,5041,-2376
-1776,12920,9836,549,4507,-273
-1836,12472,9364,4218,2599,-973
-3388,13160,9888,4431,2242,-1602
-3600,12236,8904,5204,1147,-1571
-4536,9740,5428,9952,-1092,-2261
-4776,12356,7680,-3618,-1805,-4024
-4964,15932,8252,-1461,5570,-6392
-4816,14712,7600,1937,4588,-4529
-3668,14160,6028,4267,517,-1733
-2532,16100,6420,4906,5172,1770
404,13564,5336,7401,6320,-2273
-572,13156,7364,6242,-3788,-1351
1060,17364,7624,5017,-392,981
2420,16888,8772,4317,-3504,761
1160,13668,6512,4197,672,-962
1288,13720,7568,2580,-253,-1941
-804,14008,7384,2666,668,-5555
-1568,16560,6780,5283,1248,-4485
-4432,14516,7328,4264,1376,-768
-3016,13288,6900,2949,68,-493
-1996,15832,7064,3289,27,-279
-1972,15388,4972,1802,2061,839
-1768,14744,5040,49,737,2355
456,14324,4084,-1372,252,3807
-512,16324,3516,-2799,2262,2077
-3160,15128,4592,-5753,2340,7144
-1064,15292,4244,-5768,886,7154
-4700,14232,7476,-5413,2535,5418
-4496,14432,6512,-5994,5026,7435
-4832,14148,7304,-4771,1069,6821
-3380,14132,5880,-3682,4342,4208
-5900,15316,6880,-2760,2824,4525
-6820,13320,4660,-1694,721,2288
-4136,16412,6220,-1301,2499,3836
-2220,14972,5364,-3432,2213,8677
-1932,14692,4648,-890,2037,5494
-3216,13704,5444,1985,2028,-2419
-3744,14588,5368,754,1285,-2372
176,18188,9356,-1172,-1169,-1059
3668,18348,7180,-1354,-1399,-3171
-1520,15236,9988,2570,-1811,-5071
8,13100,6080,2406,-5311,-5549
-1720,12860,5604,2912,-2853,-8253
1024,16740,8972,4090,-4112,-6972
228,14284,7124,3389,-1852,-4891
-624,14952,7512,2337,131,-1581
3452,16676,6384,675,-1193,278
-880,13404,5348,-400,691,-715
-2680,14248,7232,-3260,1777,-800
-2248,14596,7136,-11750,-89,-6864
-4472,17456,9300,-14314,328,495
-2316,11964,8348,-22116,-8533,-1301
-132,10768,8132,-17321,-9253,-3256
-2880,9748,9556,-9356,-8578,1484
628,10436,10824,-8112,-9790,2547
