1104,-13692,8900,-96,306,-526
1244,-13680,9008,-113,284,-244
1332,-13668,8820,-14,197,-367
1420,-13388,9044,211,0,-548
1608,-13484,8924,203,51,-650
1608,-13344,9196,110,-283,-736
1504,-13324,9040,154,-92,-597
1144,-13536,9084,51,-180,-878
1780,-13264,8776,32,-129,-787
1840,-13336,8948,115,40,-446
1384,-13304,9104,-38,26,-337
1808,-13296,8968,-255,-8,-245
1576,-13444,9240,-405,-172,-264
1464,-13416,9196,-440,-579,-507
1372,-13820,9420,-435,-889,-798
1636,-13304,9184,-738,-740,-330
1992,-13360,8592,-1186,-776,-187
1480,-13220,8988,-1408,-686,-384
-1020,-19436,18292,1237,-2844,32
944,-16476,10848,1222,-4065,-1133
1516,-15648,9956,-155,-1930,-1830
-752,-13856,10924,-1718,-2542,988
5588,-16928,9116,-371,1671,275
4060,-16024,6188,799,1879,463
1000,-13388,10664,329,-347,-1036
5144,-16260,13804,362,-552,-1710
2980,-9816,6628,917,3170,-1392
3652,-14656,10960,-1130,3311,-1875
4900,-10864,1252,-924,4046,-2074
2792,-14092,8228,-1330,4277,-3226
2712,-10744,4464,-1741,3816,-725
2912,-14120,5544,-2145,1719,-676
2092,-14532,8528,-1625,60,-2469
-3120,-14548,9664,-1947,2329,-1108
-996,-13852,10528,-3980,4364,-778
4660,-13532,6408,-4169,3235,-1373
3328,-17168,2416,-5456,2172,-78
-1152,-16336,8100,-4402,1632,71
-1864,-17448,5788,-1800,1124,1699
-2308,-13404,14044,-468,-2105,-554
4504,-21120,12452,710,-1986,282
-2888,-16512,5828,-852,-2391,2353
3560,-14040,9744,-788,-1810,2126
496,-14976,9832,-713,-411,880
4436,-19256,11756,1619,-2812,1933
3936,-15604,10472,3489,-558,3346
920,-22548,10220,1285,696,2968
4236,-12160,9524,-645,-548,4306
-1588,-8620,6940,-1561,-2108,4483
8600,-13472,4432,14,-556,-810
524,-14228,8448,335,953,1040
1140,-14336,7716,1027,1443,2443
18360,-17088,12172,-739,-11015,-7579
-2392,-8660,-1056,1093,1064,-3242
-10776,-18704,12532,1401,4938,-42
-1532,-11856,5588,2369,6953,871
3976,-23644,10620,-194,5145,-4008
920,-17076,10716,-1078,-1922,-2671
7736,-20152,15592,472,230,-5327
432,-13172,9696,937,1944,-4706
568,-10028,4232,474,1976,-1583
768,-14052,10764,1191,-442,-2401
-10984,-17640,17132,981,2941,985
-752,-14288,9064,1641,-466,-141
1212,-13716,8700,507,-285,-1898
1780,-13652,8704,-463,-210,-1711
1784,-13680,8636,-942,-21,-643
1500,-13904,8408,-1089,88,-442
1324,-13908,8516,-906,241,-621
1176,-13880,8240,-392,-312,-1035
1844,-13712,8436,-226,181,-435
1752,-13756,8200,300,195,-270
1848,-13668,8436,203,350,-91
