-2744,-15472,4044,-19,147,266
-2936,-16172,4272,-233,131,-82
-2688,-15400,4516,395,243,-407
-2764,-15324,4608,-172,37,-581
-2728,-15660,4340,-763,-46,-175
-2892,-15408,4616,-1575,-420,-157
-2852,-15400,3844,-208,-543,-347
-2836,-15308,4596,-691,-585,-550
-2656,-15688,3768,-1010,-949,-1181
-2032,-15200,4256,-1463,-984,-636
-2424,-16020,3784,-2291,-1417,950
-2584,-14804,4660,-3480,-1682,3269
-2424,-17044,4944,-5265,-3079,1978
-29124,2220,3240,-2258,6580,7205
-9388,-16224,11156,-1844,198,4285
-3936,-15804,6728,1569,1671,393
-4196,-17400,8500,5280,-188,-2175
-3376,-16704,8644,4757,-1189,-2748
376,-14428,3952,4051,3370,-2117
-516,-17284,8748,5397,5049,-4238
-2912,-15360,7712,4815,5390,-3923
-2804,-13728,4780,3036,7087,-2578
-1888,-14064,5568,1640,7788,-3870
-2704,-15492,9320,1527,7348,-5314
-1288,-15384,4768,-187,7623,-3666
-1740,-14016,4880,-4013,8341,-2167
-4760,-15304,6716,-1323,4702,-1655
-5528,-15280,7696,-1686,4850,-2238
-3608,-15444,5936,-230,4600,-2156
-4040,-13672,6476,-1383,3500,-1391
-2656,-15032,8972,-996,990,-1202
-6080,-12440,6048,-4593,-317,-570
-4148,-14724,8000,-1111,-1287,-48
-4456,-12484,6220,404,-998,-610
-3620,-13796,8736,900,-2090,-886
-2200,-13620,5104,-3932,-2298,2214
-2612,-13216,5740,364,-856,15
-952,-13932,8544,5768,-2039,-2596
-2436,-12316,5568,5925,1605,-149
364,-12772,5832,6907,2268,-589
1996,-14936,9800,10980,-1666,-5436
-740,-11164,12984,6637,6449,-10108
464,-12184,9168,4314,1508,-174
-472,-13104,8992,5431,787,2988
-668,-12956,10116,8079,1457,3912
64,-12300,10368,7631,3755,6317
-3072,-12336,13308,3396,4280,7783
-2000,-12400,12472,192,2310,3927
-808,-11396,9240,-832,6535,-1034
-2584,-12448,13480,241,588,-2033
284,-13424,13780,108,1448,-2649
504,-14544,12732,-774,2464,-3455
-3536,-12504,10856,-604,2150,-2233
-1524,-13048,12300,-1064,2474,-3230
-6548,-12608,12376,-647,2345,-2306
-6256,-13164,13696,-853,2912,-3169
-6776,-9040,7392,-967,3954,-1796
-8804,-11324,12712,6,1908,424
-7044,-13400,10960,3135,-5642,435
-2960,-11228,11092,-1149,-2064,-3454
-2672,-11700,10832,-2440,496,-389
-2984,-12072,10732,-1170,353,54
-2868,-12132,10404,100,-286,-330
-2528,-11856,10572,556,-139,-211
-2624,-11552,10952,760,-304,-281
-2876,-11620,11012,645,-213,-36
-2732,-11492,10972,-89,-489,-242
-2820,-11788,10972,-313,-37,-232
-2640,-11692,10876,-583,8,-263
-2704,-11724,10716,-991,399,-17
-2880,-11640,10808,-43,90,-116
-2856,-11472,11316,1103,-396,-466
-2336,-11388,11208,-304,-306,-743
-2540,-11560,10916,-846,119,-357
