-2548,-14064,7592,-1569,-103,-290
-2076,-13560,7704,-3412,287,348
-2284,-13852,6836,-5842,495,1481
-2656,-14008,6148,-8255,1048,1995
-2820,-13704,7512,-10875,265,3544
28616,17744,-32768,12880,4998,-13227
-9180,-12144,6548,-126,-1235,-643
-4808,-16052,4068,1008,-399,-1742
-3484,-13964,1220,3112,4521,-3010
-4896,-13492,2500,4998,4925,-3347
-6728,-13676,4000,5106,6050,-2618
-6180,-15632,6096,6481,4275,-3143
-5212,-15028,7740,4737,1885,-5563
-5564,-15204,6640,-4358,1955,-4210
-7600,-11824,5020,-10950,247,559
-5880,-14556,7344,-5760,-1922,1618
-6420,-13184,6336,564,-4528,792
-2416,-14032,6776,2579,-7638,-260
-1308,-13096,6944,-4151,-1544,4207
-1340,-15344,9348,-1777,-3591,965
540,-14964,7876,499,-1931,441
-1404,-12940,4424,660,-1399,560
-1012,-17168,8268,-8110,5608,-7278
-1156,-15008,5660,-3902,1193,-543
-1980,-15236,5264,-1400,70,2269
-1968,-15112,5556,2065,-390,3218
-2240,-14940,5716,3651,733,2637
-2744,-15136,6348,3551,1555,2721
-3284,-13736,6936,2240,1748,2958
-3232,-14136,6756,764,1357,2483
-3536,-14072,6880,-468,1036,2532
-3760,-14088,6896,-1552,-562,2815
-4304,-14456,6692,-1318,959,3036
8324,3688,-17748,-23,13820,-2480
1680,-18172,10168,-1102,-3918,-2514
-3632,-12856,3888,-712,849,451
-2288,-14092,4208,-156,403,-1408
-5528,-10596,4024,743,3492,-344
-2016,-15944,6496,235,1574,-2504
-548,-15076,4332,809,1779,-2251
-2520,-15432,6272,368,2048,-2413
-3640,-11720,1688,-72,5129,-353
-3464,-13308,4400,671,5233,-1907
-4464,-14032,4788,483,4552,-2424
-7404,-15856,8800,-376,4130,-1289
-4944,-13500,7484,172,2387,29
-7752,-12024,4328,1069,-1038,-268
-792,-14788,2148,2106,-2918,155
-3852,-14444,7064,-1577,-741,-3142
-3084,-14364,6808,-3504,456,-746
-3448,-14856,6200,-2537,587,259
-3396,-14876,5880,-608,199,305
-3508,-14704,6140,858,-36,-48
-3512,-14456,6628,1015,-44,-19
-3476,-14472,6836,314,-60,-73
-3520,-14504,6888,-499,-370,-371
-3540,-14552,6504,-837,50,-399
-3200,-14564,6504,-311,191,-368
-3224,-14324,6604,466,-188,-202
-3480,-14484,6708,295,-96,-50
-3108,-14324,6416,-81,-251,-374
-3200,-14320,6760,-378,-28,-436
-3328,-14576,6512,-260,201,-42
-3384,-14416,6520,-361,-26,-256
-3428,-14732,6864,-399,118,-444
-3284,-14392,6772,-402,52,-235
-3208,-14436,6760,69,95,-123
-3272,-14472,6660,165,-92,-193
-3308,-14420,7120,-209,23,-357
-3140,-14260,6920,-362,48,-568
