300,10112,12868,6996,-1325,539
1908,12440,13252,4277,-1700,396
836,11520,12328,1501,-926,-172
1084,9520,10692,2804,-652,619
-124,10824,10492,3482,2545,1024
280,10240,9892,4846,3257,-904
-116,10612,9668,5948,3525,-1336
-8,11128,9136,7112,1009,-1139
-340,12576,8348,7048,1830,-2762
916,12856,7528,9881,3584,-2182
-1224,14596,8216,7074,2258,-1844
-4476,10868,5712,10040,2351,-4881
-5364,12436,6104,-1997,1200,-6996
-3532,16032,5636,-1346,2419,-5287
-6248,14144,6116,2207,2815,-4389
-2836,16068,4572,3146,3747,-235
-1584,15140,11400,3850,1692,-1629
1924,15764,6036,8465,-4704,-1845
13548,18508,356,6312,-3531,-1314
2664,22280,13024,12309,-4217,-5764
8044,17656,9444,7050,-5893,-4285
208,16244,4516,2539,-1588,-6557
4668,17824,6852,-419,-2868,-3525
-5304,14352,9088,-4881,4144,-1199
-72,16084,3496,-6201,5256,6936
-14584,11684,8116,-7027,8967,7516
-9740,16332,6244,-7618,8595,13421
-15236,9088,3632,-5069,760,7687
-10812,23516,2932,-3760,6734,2631
-9368,13528,1168,-9602,-1471,17967
-15260,13752,452,6798,3768,-12775
-9772,12092,2080,3029,635,-10408
4724,17684,3676,-5306,-11608,-3044
-5100,8096,15368,10316,-1910,-14924
2748,-2288,-10424,3385,1548,-7789
13532,29112,17856,-4270,-15239,2014
-588,15096,8804,-3083,1679,-3240
