-1592,14544,6432,-436,117,-341
-1492,14708,6696,-448,269,-329
-1928,14532,6212,-526,-297,-1
-1592,14796,7112,40,-212,-230
-3504,17300,10064,-4425,-1131,-3533
-1016,13152,7852,-4444,-4104,-6540
-2868,10648,10600,-15392,-14630,-13658
4324,16336,8772,-10492,-3232,-3344
3184,15300,11544,-4523,3025,4995
1384,11336,11212,-4905,3186,9951
5504,10200,8476,-4318,2255,12486
548,10240,11532,-4515,463,14083
-5156,6508,10444,-7495,1056,14045
-4800,8300,12028,2556,-16006,-6427
-1764,11472,8908,4297,-4452,-2201
-2496,15496,12276,7008,4809,2027
-5244,14956,10776,5320,5730,4268
-6452,8632,6448,11427,5046,-2295
-8484,21492,15232,4906,-1425,-5032
-5452,15152,8000,4053,-3707,-3525
-5496,13848,7900,3386,-6738,-8548
-9116,14256,6520,1509,-11077,-18088
-1704,20860,7288,-510,-7564,-11811
1436,18596,3172,3719,19478,1381
16940,876,-1284,3372,20689,2730
2244,14388,-784,4407,3207,4531
1716,15668,6500,3678,4769,-531
1300,15308,6440,1256,-6860,-2690
3628,15260,5876,668,-6376,-3374
2448,15396,7024,-608,-3858,-2371
2692,14928,7668,-1508,583,1409
2588,15072,9804,-1581,4093,2409
2012,14284,8672,-2302,8358,5155
-716,13196,8276,-2735,7448,5089
-440,15308,5804,-2908,13155,8931
-4092,14952,2600,-2827,10350,5356
-14348,13504,5960,-2138,6176,6166
-6060,21004,4324,2296,1757,-398
-6388,16752,3308,-1042,2576,10745
-9340,10240,-2224,4280,-478,7675
-7924,15668,6780,4247,2244,-10979
-1684,15708,2088,-4107,-5123,-606
-3748,12416,3192,-1786,-5672,-8691
2372,21696,8964,-5818,-9350,-4455
6468,15220,7120,-3877,-9909,-4340
8312,13516,5388,-1525,-2233,-5188
10580,15600,8224,-630,2010,1436
2408,10984,11372,-325,4937,2766
-804,13292,7788,2738,4669,-4050
-3496,14852,7408,2761,552,-5202
-3948,15452,5000,769,-3023,-3380
-3332,14548,4828,-317,-3399,-1506
