1480,-13136,9636,-228,207,-186
1456,-12908,9816,-271,101,-370
1532,-12940,9192,-196,-34,-276
1696,-12916,9424,-53,285,-133
1540,-13080,9648,-97,130,-202
1536,-13024,9660,-245,156,-84
1328,-13112,9384,-395,67,-137
1616,-12940,9604,-507,82,-66
1520,-13244,9888,-414,147,-116
1492,-13040,9900,-366,-51,-367
1416,-12864,9640,-310,-126,-313
1484,-12936,10040,-293,-222,-220
1464,-12820,10196,-346,-626,-180
1812,-13076,8620,-571,-872,323
1416,-12820,9936,-756,-411,355
1784,-12936,9520,-1341,-399,361
1864,-12912,9960,-1735,-161,250
1956,-10804,7156,326,1244,962
2184,-11228,10948,3552,-1940,-1190
2728,-13576,10964,6,1247,-36
4152,-8604,10372,2159,-852,-1888
7944,-11592,13828,2819,-1284,-3456
1952,-10988,7680,1182,3772,-1142
3560,-11860,10244,696,2804,-2337
-96,-12760,9480,-87,1877,-2387
-224,-7224,4800,-314,3777,810
1736,-13556,9300,-946,3208,-1830
-776,-14732,10576,-1460,2593,-2849
276,-13256,9828,-1598,2509,-1131
308,-14080,10184,-1331,1555,-1735
-560,-14260,9388,-1696,-809,-2984
-832,-13784,10064,-3787,-1864,-3716
792,-11548,10680,-3015,-2429,-1555
1516,-11368,8228,-642,-2756,-379
1256,-12728,9728,-10,-3906,-506
1120,-13388,10000,-3213,-2560,2414
3068,-12900,9388,-2076,-79,2580
3176,-12072,10132,-760,-944,1653
2688,-12216,8988,-1115,-904,2644
4168,-13324,10444,-2432,-64,3581
3540,-13212,8104,-965,-28,1731
4376,-11748,8900,189,-582,289
4564,-12828,9780,911,372,-1325
2692,-13056,9008,412,2074,2212
2692,-12948,8008,424,4521,4451
444,-12808,9472,508,5058,4907
12436,5196,-3952,-252,4556,-949
3628,-14668,8300,-3533,1515,-3512
1648,-13608,9532,-3419,1717,-2561
6104,-25440,16512,-1406,-1278,-6605
4964,-10156,10464,292,593,-6501
4464,-18268,12760,1473,3379,-5031
1664,-13444,12632,-94,499,-5272
-11492,-8728,4740,-2810,11052,-2222
4480,-8396,1388,3949,5233,-250
-1508,-6364,1116,2693,3865,1967
-1024,-14056,9140,1556,836,498
4,-13700,9692,982,-1037,-3082
856,-12816,9468,-295,-1449,-3260
1892,-13300,8960,-1163,-998,-1616
1412,-13420,9040,-1333,202,17
1220,-13568,9128,-969,-52,-426
1128,-13348,8752,-506,-190,-1182
1732,-13428,9044,-24,-136,-608
