-3316,-14068,7320,-779,13,-443
-2996,-14076,7104,-615,-65,-757
-3124,-14048,7092,-54,-169,-275
-3480,-14280,7656,278,140,198
-3552,-13964,7344,235,-52,-146
-3380,-14000,7496,-65,-324,-491
-3380,-14116,7384,-581,-346,-461
-3456,-14044,7352,-662,-635,-491
-3096,-14072,7412,-271,-500,-690
-3072,-14016,7640,-165,-1450,-1597
-2788,-14104,7524,-324,-945,-673
-3168,-14048,7856,-215,-979,-448
-2780,-13752,7964,-1481,-1767,130
-2984,-14384,7416,-4239,-1024,1027
-2796,-13824,8108,-6633,-2545,563
-3452,-14252,8004,-7988,-3234,2914
-448,-14696,5328,2405,1373,-32
-652,-14876,7400,3684,165,-1173
944,-13520,5548,2574,4199,-1337
-2240,-14060,6348,2878,3926,-3763
-1876,-12664,3832,489,4721,-3468
-3492,-16568,6460,-669,6600,-4033
-4468,-14952,5172,-541,5114,-3532
-756,-13016,4132,-3887,3051,-2289
-2988,-15220,6308,-4060,4324,-2701
-2724,-13108,3184,-1667,3928,-689
-3912,-16336,6780,-950,3765,-2339
-6500,-13476,6364,-2218,904,-3942
-7228,-13792,6792,-2105,-702,-81
-4060,-14908,5912,-1020,-1445,32
-3368,-13916,7428,4479,-931,-899
-3204,-11396,7360,-884,-3115,2718
-72,-15484,9540,-746,-2365,659
760,-13460,6336,994,290,245
812,-15896,9616,-421,-677,-1723
228,-15664,10236,-893,785,608
2296,-16352,9528,-1557,-2868,-282
-1176,-14252,7248,-2932,-728,-216
-1036,-14836,6340,-1459,-498,2936
-2408,-14964,7104,843,1480,4539
-2144,-15092,6660,1364,494,3473
316,-14240,6056,-851,39,-1186
-336,-13940,6344,-1789,643,-1108
196,-15976,6568,-2428,2373,-2112
108,-14696,6016,-512,1776,-2441
-2692,-15884,1516,-2291,4710,-3514
-1952,-12276,3456,-1130,-712,-2156
-7688,-24296,13076,1564,565,-1302
-5296,-14232,13504,-737,1825,216
-17876,-15880,10840,-90,-20340,-8535
-7140,-16776,11196,29,-3558,-463
-8804,-14520,7784,3224,588,-1793
-8528,-15564,10580,635,-1101,792
-3096,-14328,7696,-576,654,-2305
-1948,-14220,7044,-1951,1448,-3590
-2472,-14568,7020,-1394,-30,-2822
-1408,-14444,6240,-1451,44,49
-2360,-14836,6600,-117,482,429
-2344,-14876,6548,946,92,-371
-1888,-14552,6484,1721,353,-377
-1852,-14404,7200,1905,-7,-159
-2256,-14284,7368,1048,-353,341
-2492,-14364,7288,254,73,198
-2276,-14452,7320,-309,231,-187
-2360,-14236,7280,-565,85,-101
-2560,-14480,7188,-545,219,-172
-2240,-14476,6988,-387,102,-602
-2172,-14384,7320,-227,259,-547
-2124,-14388,7196,-91,194,-314
-2232,-14292,7120,305,178,-304
