-88,14664,7008,-62,332,-155
-272,14492,7460,-206,-185,-145
-60,14360,7040,-46,230,-174
-48,14468,7196,-702,-494,-140
-140,14032,7228,-1276,-263,-772
-456,14796,8008,-1949,-151,-1555
480,14388,7960,-4471,-2156,-4026
1380,15532,8912,-4568,-3392,-5624
4760,17412,10124,-5891,-1627,3866
7500,14120,8724,-6084,-456,6681
1624,13184,10788,-6404,-2286,9806
-1480,9472,9356,-5133,-3877,12923
84,8252,10724,-649,-2640,10825
-3104,9528,8896,5100,-1366,4245
116,9532,8448,6460,-4997,-6414
-1116,15404,7884,5492,-3731,-10362
188,15312,7880,3841,-2865,-3402
-252,11808,8524,2444,-3487,-4198
-4944,11108,6720,8231,-532,-8487
-5212,22408,9520,-2221,-4038,-3456
-1400,18652,6088,1302,-3406,-3447
-10780,12304,5532,1225,-4284,-14670
788,21916,2380,-1540,435,-14407
3852,16780,-3212,1513,16878,4268
-592,16520,7300,4674,10039,5683
8404,17304,6512,1120,5652,3227
8536,16524,7468,-278,-91,872
5572,13164,5636,-500,-1552,-2088
4672,14788,10412,398,-2692,-4818
3976,15908,9732,1062,93,-3542
-232,15288,10064,-2175,3847,8823
-6012,10880,8448,-3083,5073,10172
-4416,13660,6356,-2771,3767,1963
-12960,14420,15608,-1478,-2052,895
-4012,17988,4484,-512,-4030,164
-2388,15368,3760,-806,1928,3913
-3904,15784,5296,826,3341,8353
-1000,13648,4568,-765,1492,10901
-6288,15528,7364,-1252,5408,-1124
-2036,15304,7076,-3043,2302,-6031
12192,8708,-7068,-4471,8414,201
-7764,14028,16036,-2997,-9889,-4536
2452,11276,6976,-2421,-5091,-4306
6380,12556,7784,-2709,-2441,2676
2660,12244,9452,-1059,2134,-1292
180,14276,9088,-119,-635,-4303
-1424,15116,8292,77,-2502,-2405
-808,14748,7596,171,-1810,-1648
-552,14540,7648,-356,-3073,-1287
-164,14332,6892,-1049,-3542,-1043
