2592,-11684,11088,2017,1343,-835
2348,-11588,11172,1167,955,-491
2520,-11812,10156,1247,1021,-287
2408,-11556,11848,1339,900,-458
2380,-11464,11456,413,510,-352
2200,-11516,11088,309,268,-430
2296,-11384,11204,523,430,-392
2212,-11384,11588,712,432,-581
2256,-11296,11564,553,324,-700
2516,-11380,11556,350,244,-512
2160,-11300,11580,615,176,-521
2296,-11172,11772,385,-163,-830
2580,-11136,11932,202,-318,-539
2208,-11024,11816,73,-610,-652
2772,-10648,11660,-270,-811,-730
3632,-10976,10648,-894,-1332,-145
2512,-11064,11528,-1217,422,-110
2420,-11036,11696,-1712,-43,-538
2736,-11064,11588,-2602,198,-388
4584,-8720,9836,4036,-763,864
4504,-9628,12272,7750,-331,26
4116,-10496,11340,5537,800,877
3904,-11180,13012,567,1680,562
4544,-9752,11096,-353,2746,-2087
3360,-9408,10596,295,3220,-4812
2412,-8804,8472,348,4810,-3261
-56,-11056,10288,-934,2849,-1330
512,-10792,9200,-2678,4105,-1348
1452,-11544,11372,-2232,2902,-2757
1256,-9484,9148,-2040,2774,-2516
536,-10732,11676,-3793,2528,-2988
352,-10640,11460,-3807,1524,-2056
888,-11992,12020,-6683,257,-1586
724,-11528,12096,-6829,-580,-692
1096,-11148,11492,-6664,-1515,-188
1368,-11892,10016,-5142,-2511,312
1032,-11744,11612,-4724,-5468,1400
1948,-11876,10248,-5707,-2231,2767
2180,-11556,11012,-3103,-1345,2150
868,-12908,10376,-3931,-856,2466
1744,-12480,9216,-4111,-1110,3298
1912,-12700,9824,-3242,-1112,3111
2240,-12456,8872,-1689,-1222,2244
2132,-12172,8832,-1200,-428,2977
2612,-14936,8756,-191,-686,2450
3936,-14192,9252,-233,-2006,1041
4536,-13220,8028,137,-1603,895
5508,-13048,8172,224,-769,-258
2544,-13552,8576,137,542,21
2068,-13224,9104,306,932,863
2780,-13028,8520,355,2476,2200
820,-13552,9808,1019,3947,3020
29032,-28992,21804,3932,-10405,-14677
2812,-13180,8712,494,2091,-3802
1168,-12832,7920,581,1895,-1669
2948,-12492,8320,-251,3470,-2778
2640,-13508,8628,80,3537,-5191
-1928,-13000,10160,918,2599,-3551
332,-12660,8548,1133,3465,-1634
-1224,-11948,8844,320,2663,-2308
-2556,-10296,9400,1600,1352,-238
-700,-13044,9732,2887,-949,1520
912,-12412,10812,1935,-90,-1943
1668,-12116,10928,480,-1189,-2647
2340,-11984,10496,-1157,-347,-1278
956,-12440,10824,-1937,-450,-820
1716,-12596,10356,-2113,-58,-1290
