368,13816,7676,302,225,-631
0,14760,7948,28,-145,-381
352,13936,7596,-541,-702,-566
136,14268,8096,-508,-1713,-1244
80,15648,9584,-2888,-4003,-3639
3164,15564,8848,-8640,536,4542
8352,10852,7664,-9311,-5498,6317
6184,12280,10568,-4211,-2596,4975
4004,11888,10632,-4170,-3051,7530
2440,9068,9180,-310,18,6155
1524,10512,9420,2425,1551,4002
148,13304,7208,532,-7223,-5012
540,11792,7872,4239,-5214,-8296
-1648,13804,9908,6666,-1583,-4932
-1312,13632,8632,813,-808,-74
-1240,12464,4912,6893,4794,-2205
-5816,13484,7556,10503,2506,-9578
-2460,16688,5188,-1777,2165,-6939
-5032,15736,7320,6112,-4204,-2997
-6472,13624,5540,1410,-3886,-18474
-3096,19580,8084,784,-3717,-9824
10200,24212,-12968,-63,7332,-543
8352,20040,1216,2746,24898,8350
-56,14904,5640,2388,9178,3974
14340,15964,4316,-1534,2458,4851
6984,14160,9420,-1028,-2303,167
5916,12280,9292,-4080,-4310,279
5464,15720,10020,-3272,5278,2274
-1444,11144,3792,-3986,6843,5965
-3236,15004,10096,-4983,-1266,11018
-5012,12656,7016,-3029,2742,9090
-6172,19948,-8600,-3603,-2736,-3144
-6108,16264,8220,1200,2417,6617
-2380,13456,5704,1533,-425,8660
-1472,16108,76,2411,14308,-7087
-12624,17820,10896,-2303,-577,-4248
7868,17176,4436,-1341,578,-2745
5460,17256,14980,-251,6345,2865
5728,15912,12428,-1671,-3131,-737
3260,6544,-1772,-1019,-1120,-7093
16488,19848,8792,-952,-13603,4471
6564,10820,7628,-1424,1754,480
288,13100,8760,-2303,211,-3964
